2.052998509912717484e+00
6.069837602096811224e+00
3.508351212163033583e+00
3.857306448822487965e+00
7.991378703469298905e+00
2.181750488051719117e+00
5.470352566881601319e+00
3.415497737034886239e+00
3.707946024018387021e+00
7.554760683067866189e+00
3.223635699846676861e+00
1.838109639382114580e+00
3.436909239555700157e+00
3.999484479109055801e+00
7.346984079226057673e+00
2.284492056162259477e+00
9.107312154098868850e-01
4.699266131167893157e+00
3.625554406737558910e+00
7.109952098186916203e+00
2.197573903722243926e+00
1.675407951957385677e+00
5.485115684905825795e+00
3.446228654925221679e+00
7.653375436669105802e+00
2.790151835226737376e+00
1.119085370480523922e+00
4.256849666751288730e+00
3.267787486168050037e+00
3.676734049871664300e+00
2.094695393645910286e+00
5.497147458908206552e+00
3.473385151248456371e+00
3.740675630795647688e+00
7.751757611267293235e+00
2.726457176201143806e+00
2.403260881000785165e+00
3.618915791307035779e+00
4.148335821474357310e+00
7.737722152890605720e+00
1.922526161245617260e+00
1.076749910649680286e+00
5.425494790456180105e+00
3.669720743440822108e+00
7.289304905748584140e+00
2.325531883519799781e+00
2.091482677867149587e+00
5.529042373219340334e+00
3.534594085783064887e+00
7.944912642531810398e+00
2.221651209108671310e+00
1.410059304317942575e+00
4.671767887757425797e+00
3.358539121526198823e+00
3.698903912626375412e+00
3.051372122342665083e+00
4.003343604737746197e+00
3.596194928276607694e+00
4.317739302439615123e+00
7.249951830715708923e+00
2.411589143942251212e+00
3.119027074933659716e+00
3.867273215510351747e+00
3.748017104035156422e+00
6.865218478983649675e+00
2.569806654054710204e+00
3.102745348116395352e+00
4.353133176803827276e+00
3.435536476743197287e+00
7.394658935647288267e+00
2.762124762801881683e+00
3.720155063816667163e+00
3.397684947874149319e+00
3.301146061107157692e+00
3.999941365279669814e+00
2.921052797746282792e+00
4.074011374032106225e+00
1.317023781493545043e+00
4.096620317010386536e+00
6.679556192901979550e+00
3.299995108324100368e+00
4.265238510663938776e+00
2.781274350266228712e+00
3.809764517223925395e+00
7.555253858808359091e+00
3.331534912061802967e+00
4.699761939875675587e+00
1.901839793139892265e+00
3.561283365420381042e+00
4.451880804247966950e+00
2.443273505506816434e+00
3.191825991630622639e+00
1.007089005411318849e+00
3.759211473970343942e+00
6.810595751351038452e+00
2.720627390141895585e+00
4.027254723053094843e+00
1.112862092753622134e+00
3.250243438896527781e+00
3.844675800908389451e+00
2.861980631891620774e+00
3.888486675408955762e+00
1.430716234271262266e+00
3.422681038758403016e+00
3.348336511690549244e+00
2.494196057617787066e+00
5.433845175069080824e+00
3.355111571153308603e+00
3.726504048143723935e+00
7.428921243182570855e+00
2.809422348383863621e+00
1.239272984304295333e+00
3.311419158549983255e+00
3.682919754231512854e+00
7.157749657128786858e+00
3.130781635795071960e+00
5.254077206245545417e-01
4.738882361037515700e+00
3.632737227080151232e+00
6.907873871830304324e+00
2.488993923092096328e+00
1.303701380212607175e+00
5.434692585459458769e+00
3.356769933703649400e+00
7.433346171846292982e+00
3.188323719976391857e+00
5.446168079351162428e-01
4.442705700558249760e+00
3.178987313868797404e+00
3.581452000822489712e+00
3.217412035998641784e+00
3.427020185597347446e+00
3.216788772541313790e+00
3.856445723210077059e+00
6.796525348940064326e+00
3.544455870084609383e+00
2.864954568126246048e+00
3.758335649304361592e+00
3.496426068315822366e+00
6.539347283423798451e+00
2.967346763773536455e+00
2.634809873571214212e+00
4.359179137785583968e+00
3.262131586268802952e+00
7.027394301748735472e+00
3.655976226431383314e+00
3.313113637298182201e+00
3.343053263892656446e+00
3.078289627661813910e+00
3.646269392387365915e+00
3.993310580318745195e+00
3.688698703442137461e+00
8.989825523946114449e-01
3.674494289960119175e+00
6.142077319055419871e+00
3.258072473366157240e+00
3.495809277432949447e+00
1.111575389392478685e+00
3.208740847138530139e+00
6.762981438245863508e+00
4.001127805386469838e+00
4.045279497677664260e+00
1.127548462585724165e+00
3.008788114280456227e+00
3.839322272202165376e+00
3.832501414597734968e+00
3.007385395740465928e+00
4.843473860537048092e-01
3.443395072973975513e+00
6.293313161827977176e+00
4.635506699428681543e+00
3.926739256986147897e+00
1.512763957667839776e+00
3.077424112313266846e+00
3.534358365037983507e+00
3.956839284591505024e+00
3.484085705322650828e+00
7.745831105510218029e-01
3.181321044553679034e+00
2.990841420702100795e+00
2.879798456216642766e+00
2.550287906718381237e+00
3.309003707875602718e+00
3.886255938326625081e+00
7.093161397874432339e+00
3.303633868280067443e+00
1.996998466161197028e+00
4.211411082703349962e+00
3.535774311594688246e+00
6.749630703525745012e+00
2.685746837607174697e+00
2.122564809125484064e+00
4.725236371278010772e+00
3.332603431161658136e+00
7.268710890600138974e+00
3.336723334620179227e+00
2.230406584649113455e+00
3.885538427138584439e+00
3.167338119484197190e+00
3.601102993889624404e+00
3.683772659679210637e+00
2.375570838895848969e+00
6.870609817043119572e-01
3.635349642297851513e+00
6.411244160649982149e+00
2.748364351137515982e+00
2.630481030641002693e+00
1.665232749811497825e+00
3.384601143612178564e+00
7.202907432162620971e+00
3.583907096244833834e+00
2.624294740931011116e+00
9.214184525386018842e-01
3.117157489950773464e+00
3.828480553982686274e+00
3.551693921340056459e+00
1.952275636411751947e+00
2.349169956162491246e-01
3.975165019039555769e+00
6.541178307863297015e+00
4.249535438164127932e+00
2.147324544143665914e+00
9.493726874771191149e-01
3.076228800702902166e+00
3.375968159690934556e+00
3.568133058953398162e+00
2.203756722205433505e+00
4.875462707164892606e-01
3.671983442310197798e+00
3.100772006214835841e+00
3.990520263542958190e+00
2.826360913841323264e+00
4.219948947937273154e+00
3.916207580828562129e+00
6.131436897366661753e+00
3.239306710431114400e+00
2.995790268946231905e+00
4.154903549997627010e+00
3.386034513493842990e+00
6.758488708346047424e+00
3.928383494641054963e+00
3.107170834967283302e+00
4.670181493833903907e+00
3.198764273941468783e+00
4.129059447916195502e+00
3.957466595299981460e+00
2.498899658884381036e+00
3.661054869400842904e+00
3.202889240137901883e+00
6.172248538483972702e+00
4.667471857238370880e+00
2.826370923429371018e+00
4.544685015099598324e+00
3.140090997883258073e+00
3.785314590231083631e+00
4.030960336576197456e+00
2.803263376566198062e+00
4.200165566054120170e+00
3.255788949659200515e+00
3.033092040065897610e+00
4.277232604986751063e+00
2.826481922548072401e+00
4.349860227257219769e+00
1.283124596828191244e+00
5.890267200373398460e+00
4.950419049752157186e+00
3.013328393991686394e+00
4.993863540409208213e+00
2.029240106465355353e+00
3.868331235381747835e+00
4.126812632832400851e+00
3.149472561274431204e+00
4.845223569575655809e+00
1.597003430517417000e+00
3.151816209255557499e+00
5.324439279066507602e+00
3.072655260396139454e+00
4.940277419939614667e+00
2.515412840144385598e+00
3.029809051142640097e+00
2.132286726630769014e+00
5.923707930864765103e+00
3.368862381626852809e+00
3.832167846914404041e+00
7.597246938423174889e+00
1.826633910636346059e+00
1.094732720353868816e+00
3.308210442693935605e+00
3.639505004637591412e+00
7.221714522986380835e+00
2.345534203202694012e+00
1.005096029287359416e+00
5.359076366029441374e+00
3.786489223496114054e+00
7.214890636626800635e+00
2.138443825483987037e+00
1.492874981963429493e+00
5.906776841882238394e+00
3.370065334938156187e+00
7.572878555869600348e+00
2.205299470178767596e+00
8.633148002530243170e-01
5.371512193964586679e+00
3.234859079563202844e+00
3.721949510430242469e+00
2.003662093975416614e+00
3.072155470839751157e+00
3.237853699093683701e+00
3.745048383531047076e+00
6.912341182088937330e+00
2.134541794159297012e+00
1.978511223914826589e+00
4.741728073833310297e+00
3.633258543307107402e+00
6.906804359366788937e+00
1.974006006207827513e+00
1.969321219867036232e+00
5.410565618523937026e+00
3.293562330696688800e+00
7.240190421285128686e+00
1.957434360931102901e+00
2.552071806619215177e+00
4.201435454275866732e+00
3.161794044147767213e+00
3.544113856086885672e+00
2.300559252836526181e+00
3.151621900874109539e+00
5.879166124432408935e-01
3.574580840138656068e+00
6.426649424460452842e+00
2.043921715125490035e+00
3.124802817736172411e+00
1.073982289754500385e+00
3.230238375856876676e+00
6.882288997145555420e+00
2.519013542724801713e+00
3.613771003395461090e+00
8.779751699423847811e-01
3.077848451276109731e+00
3.760612295627718371e+00
2.204018063738681921e+00
1.993753380417506493e+00
3.102188017534477926e-01
4.598435168127612549e+00
6.759509703497781352e+00
2.249695039098012384e+00
2.758546847054029971e+00
5.038619865568753076e-01
3.578333472856513708e+00
3.421112969046271157e+00
2.019041928745968217e+00
2.598771720297364141e+00
3.378495038214950341e-01
4.026822090174770885e+00
3.109457419618802732e+00
1.824242992388758866e+00
2.365830822970538261e+00
3.302225583160444788e+00
3.764397316481179701e+00
7.125434498163493835e+00
2.173215274189255641e+00
1.600625058371329290e+00
5.366522752023239029e+00
3.676383519837794100e+00
7.013393376780470589e+00
1.947948062309184936e+00
1.792654321498134751e+00
5.423803517527005624e+00
3.330804079626049852e+00
7.367517926976273834e+00
1.999456411576242543e+00
1.885942410818690407e+00
4.563344762957082246e+00
3.204341660168154249e+00
3.604246080575800537e+00
2.065257967035703413e+00
2.136226408575964797e+00
4.729545172131691122e-01
3.513994014088112294e+00
6.613876942599193676e+00
1.828855745668171551e+00
2.419399799026718423e+00
1.411766659574436034e+00
3.318851059060543562e+00
7.164128056822447910e+00
2.240904761863362182e+00
2.433417025431720671e+00
7.895069301474263446e-01
3.152445450827620288e+00
3.724544145767293202e+00
2.263736928138032400e+00
1.536356938651865844e+00
4.732239006489891153e-01
4.890683772310595145e+00
6.865772080144446399e+00
2.295162219571594164e+00
1.671266849837563795e+00
2.187722321066338793e-01
4.166196430441274856e+00
3.528708644807551309e+00
2.079076684681121723e+00
1.828920930654075905e+00
3.984833404904257748e-01
4.475206636470588251e+00
3.153831216907831969e+00
2.634898623287995179e+00
2.668269185817060407e+00
3.823599123708314895e+00
3.840042378463627504e+00
6.345832096130302524e+00
2.405763920639169218e+00
2.876924647673871238e+00
3.916572051443485858e+00
3.355149062895444789e+00
6.819867615423123475e+00
2.891776765515653214e+00
3.008274440233073221e+00
4.406653300181446298e+00
3.227793430756622062e+00
4.089543808376120637e+00
2.123253857844519477e+00
2.135477257179425603e+00
2.863076769622102002e+00
3.755339906119592452e+00
6.534042825331304094e+00
2.749285230477527708e+00
2.464897364410151059e+00
3.680757490748850724e+00
3.163119737266176568e+00
3.624451129036065478e+00
2.484858332864421815e+00
2.540832836522562754e+00
3.572802619288751202e+00
3.261256725725544925e+00
3.086685214272762323e+00
2.743638183605739300e+00
2.657369362891783826e+00
3.900027297545520355e+00
1.037794770818389223e+00
6.202606840807582067e+00
3.293718758059869689e+00
2.860006079113123434e+00
4.504117239607258405e+00
1.361751705517094679e+00
3.845513167881492222e+00
3.014625294659152299e+00
3.085106060496380476e+00
4.582927684834142035e+00
1.464220005542442804e+00
3.230404288052996176e+00
2.960373188778618214e+00
2.411556743820234772e+00
3.756934879591682375e+00
1.285209971582614630e+00
3.092065443886335974e+00
1.950966605752007865e+00
3.289733263381663164e+00
3.161523677283386125e+00
3.539508893806451173e+00
6.759777277217788871e+00
2.336565052983095025e+00
3.356336786306094666e+00
4.769644097723126031e+00
3.635499089287062446e+00
6.724880050043972268e+00
2.196233167955206511e+00
2.968304662635338431e+00
5.366364147077599789e+00
3.213836279684159081e+00
7.050918278055199551e+00
2.228712033908072154e+00
3.481241446514486082e+00
4.386765395573941184e+00
3.080275296021813602e+00
3.569560511106487866e+00
2.253750857521936268e+00
3.988757071712997426e+00
5.837737097053489199e-01
3.415630716259002497e+00
6.175061603306186697e+00
2.031781604357102200e+00
3.491144292147730255e+00
2.995854579383833705e-01
3.100045985381772340e+00
6.591196503398275119e+00
2.413787861043962035e+00
4.046400714666198439e+00
6.777417697468640645e-01
2.942019014022766665e+00
3.372257627110537559e+00
2.452540784127480666e+00
3.692597768396893354e+00
4.315734639477213364e-01
4.475067432030978232e+00
6.443791164464973242e+00
2.465261344953920908e+00
4.250605588161229242e+00
8.913992105223419449e-01
3.624631753962461289e+00
3.428223714802785427e+00
2.356233732145300852e+00
3.838810692863377838e+00
3.980051667079370081e-01
4.074662287875217892e+00
2.969937740691239281e+00
2.715765450473492937e+00
4.209812837062352209e+00
3.527908806453297075e+00
3.531989932420913192e+00
5.969227158611810857e+00
2.436008058099796703e+00
3.746615618033889206e+00
3.375878866942405576e+00
3.053140169762514233e+00
6.357048735210326207e+00
2.932315561667124371e+00
4.276721089970180856e+00
3.913009280847338456e+00
2.906625003245682848e+00
3.668442858969839904e+00
2.284109567173902011e+00
3.998782542172818921e+00
2.755628816006710391e+00
3.526614569074624228e+00
6.165036366808937629e+00
2.966483178054121428e+00
4.623591850452726248e+00
3.607084243755338093e+00
3.038946565420000301e+00
3.406552723580622111e+00
2.584429440313565696e+00
4.170841199103289654e+00
3.267939496227498353e+00
3.099343165360352259e+00
2.917876419127084731e+00
2.983830179579977315e+00
4.622009079370971385e+00
3.640920242839612797e+00
1.476491192221751847e+00
5.620048768658527649e+00
3.537488450944989093e+00
5.149885908746738572e+00
4.270383293107447464e+00
2.222897885504549809e+00
3.476184901593666776e+00
3.191033378994712510e+00
4.694229900330459948e+00
4.024558872549206967e+00
1.597003279331455472e+00
2.767568818036238554e+00
3.446480054277635929e+00
5.250521476895568362e+00
3.960332348399835833e+00
2.340869290526603752e+00
2.929760658815643293e+00
2.431531345902399721e+00
3.994881578248168807e+00
2.151005967307098476e+00
3.433884897506830125e+00
6.157314876312358187e+00
2.187829549311201216e+00
3.489410370979406650e+00
2.280001268056548014e+00
3.117633318148089305e+00
6.576848555708710187e+00
2.595540712471110734e+00
4.019046474917703726e+00
2.364610202825205842e+00
2.969190246957281953e+00
3.570748117989076320e+00
2.303738519247571670e+00
3.807626516660132410e+00
1.702689579926489616e+00
4.024821769573340369e+00
6.337304294407553051e+00
2.476582045271845001e+00
4.316251049873414125e+00
2.063978241766051269e+00
3.214554014239117574e+00
3.352391290418808012e+00
2.225935526157959199e+00
3.913776405216176979e+00
1.930267177439893400e+00
3.618383195605181069e+00
2.967556848016975390e+00
2.656339113505749250e+00
4.436849908790333252e+00
2.181498813451965280e+00
1.198174098254452646e+00
5.786131812504958560e+00
3.093725521578271298e+00
4.926789194301029795e+00
2.660371197585075009e+00
1.861088636462195467e+00
3.268099393102791961e+00
2.818331523868479849e+00
4.468200028343110475e+00
2.220771237368779794e+00
1.252610573570549946e+00
2.825204355873287110e+00
2.823965016631817093e+00
4.929338898889756848e+00
2.685703668143037959e+00
1.818984796877088028e+00
2.885389928985356622e+00
3.163438753258228875e+00
4.546297682084722958e+00
2.612844143587403689e+00
4.125997888259870017e+00
5.673303634302037324e+00
3.705060514519956882e+00
5.033345365293069307e+00
2.841388294607125165e+00
4.747585658334121383e+00
3.720461343451162861e+00
3.385993196813482431e+00
4.549349047759722708e+00
2.889762479892148850e+00
4.599471217388422239e+00
2.875579386622179268e+00
3.680812500330288284e+00
5.199658599277410254e+00
2.961032462249745922e+00
4.506106750022667029e+00
3.007068887031915327e+00
4.076283526495497078e+00
5.673036223510613318e+00
3.476580309147395909e+00
4.815010452857809931e+00
2.996885645875174475e+00
3.653621655600597595e+00
6.193402511157117374e+00
3.328885795052033192e+00
3.879890442612525359e+00
7.529359765431244078e+00
3.494340246655634363e+00
6.944249331810302683e-01
3.212330226196043359e+00
3.661904957826921159e+00
7.023752448828788353e+00
4.230990922316905767e+00
9.699013732068723082e-01
5.828465097402717454e+00
3.813899278665265680e+00
7.056650823505765224e+00
3.796850402037269756e+00
1.264567223821649433e+00
6.081652651792808228e+00
3.278755459077181911e+00
7.399944996307223910e+00
4.117148328947635605e+00
7.249111279907355376e-01
5.316883807185651456e+00
3.138609177830030461e+00
3.751281882272574197e+00
3.335192177926716628e+00
2.604637710345978352e+00
3.174437482156413637e+00
3.536882785320232703e+00
6.788871123056471113e+00
4.027269444554472777e+00
1.388966088984256997e+00
5.323594774236990013e+00
3.698830031950556929e+00
6.855512978685130321e+00
3.646444208831084666e+00
1.389695426012991675e+00
5.367324823033153613e+00
3.234186736508304794e+00
7.168551785479309046e+00
3.874448382345093478e+00
1.915523438995554217e+00
4.613162420087173921e+00
3.094549779111022136e+00
3.609566653704799677e+00
4.002355779448649287e+00
2.659040856067259373e+00
5.521534751139220987e-01
3.424454606072815377e+00
6.195052602638070560e+00
3.517031537475427516e+00
2.614929658803395451e+00
3.686035534565708649e-01
3.115428660055871379e+00
6.629055398288985934e+00
3.806323488293292368e+00
3.075762712699012358e+00
6.726534059845773461e-01
2.950094111247684836e+00
3.406973987170321294e+00
4.346259767310783673e+00
1.415824520644065387e+00
5.404489426121040774e-01
5.284010718317588839e+00
6.570705197490847915e+00
4.548296203884173217e+00
2.075428585942058479e+00
8.799588172840048239e-01
3.949801195221704919e+00
3.487688231604032296e+00
4.223781927094942823e+00
1.936062642043988147e+00
4.280984807653413493e-01
4.342793560149696752e+00
2.980962397838188505e+00
3.250220750709611028e+00
1.990212702015803359e+00
3.219063959647066042e+00
3.594562909736962464e+00
6.947395117554708399e+00
4.102927362565357505e+00
1.192587240363613743e+00
5.316557755778262617e+00
3.724119849865997534e+00
6.883271372918081887e+00
3.650486897152205756e+00
1.378294106164975830e+00
5.369592030963691975e+00
3.245883552007333694e+00
7.216213030488090929e+00
3.945735574554475988e+00
1.436343990332107579e+00
4.889341280804383238e+00
3.112674788062189446e+00
3.656938808891177839e+00
4.138995215397481608e+00
1.679954252562444905e+00
3.953252614602765225e-01
3.489865398974425492e+00
6.290205952262030387e+00
3.479142075030878800e+00
1.923656567174326426e+00
4.887235824039895538e-01
3.161818618543323023e+00
6.795475516460659726e+00
3.925626245100981127e+00
1.907741028050754295e+00
4.521380605409568432e-01
2.973351280841578959e+00
3.440670744907369905e+00
4.525553937235613944e+00
1.401719033683947346e+00
7.057402800469567694e-01
5.265660569864247798e+00
6.553403237464809017e+00
4.783563755608824408e+00
1.863844887912557313e+00
1.089445693514709435e+00
4.397244045317880712e+00
3.567554266003907681e+00
4.415449128113209554e+00
1.498403687842107646e+00
6.050368874173948086e-01
4.648183843232345680e+00
2.973340707008579553e+00
3.702803030671960816e+00
2.233294578259708008e+00
3.229603610603490438e+00
3.481427472978187776e+00
6.154474360521892784e+00
3.085039525333956423e+00
2.435848468218021257e+00
3.293929704807216918e+00
3.140513055842486523e+00
6.604984588277346802e+00
3.419933830333221181e+00
2.539353468164875949e+00
3.755204904508048003e+00
2.983291805694115340e+00
3.693920290397912254e+00
4.144259555112735249e+00
1.585610380202857383e+00
2.077241170863383335e+00
4.244262914452605173e+00
6.404232732990635668e+00
4.242445581323110559e+00
2.029171216515560872e+00
2.792274182736752319e+00
3.287344238463996593e+00
3.366036252433571629e+00
3.903377582666758716e+00
1.929823727177069514e+00
2.687284355830902083e+00
3.652752466045171786e+00
2.975125520208882435e+00
4.219987950392912524e+00
2.169974890747491170e+00
3.141291097310968894e+00
1.181256757204253605e+00
5.794317948589572609e+00
4.438895192690142544e+00
2.670974613153610733e+00
3.676336262797240462e+00
1.874862218863107444e+00
3.317092475203295976e+00
3.916213791500671615e+00
2.364444193277165596e+00
3.663130276759285042e+00
1.232886644063813320e+00
2.838354398064264927e+00
4.962501473536775620e+00
2.635497354677657000e+00
2.667736729594219813e+00
1.712144105548732087e+00
2.958955588944050419e+00
3.896636792747737221e+00
3.599597541220285191e+00
3.052093881479746695e+00
3.536004136868398096e+00
6.511083311348319747e+00
4.425452481769568180e+00
3.622041731528495845e+00
5.275240230204256697e+00
3.641875941205216183e+00
6.510366013732692636e+00
4.100435932536399264e+00
3.255291330481789203e+00
5.315087816691904443e+00
3.104703419718228830e+00
6.820656529869125073e+00
4.362294767722706190e+00
3.781930746204989813e+00
4.440003206023813043e+00
2.962811335170194127e+00
3.569857777764144036e+00
4.726257341540531343e+00
4.541630545275058495e+00
1.268784850126404962e+00
3.380291012984988352e+00
5.726210991488681401e+00
4.367695305559290198e+00
4.107516485899235903e+00
7.023968359256222982e-01
2.880777370324570708e+00
6.088641463633751805e+00
4.711330509344610284e+00
4.656200932705294449e+00
1.440346013569243411e+00
2.709551989051817600e+00
3.325126649738768148e+00
4.957337054817216426e+00
4.266297076201275296e+00
1.330827164071997970e+00
4.206248836214693476e+00
5.971440055099073163e+00
5.175463372269405227e+00
4.814833340418101848e+00
1.754367169886869249e+00
3.376607169414919785e+00
3.381086093328678377e+00
4.977017119679672419e+00
4.489899525781217093e+00
1.422367049247596382e+00
3.778032723188142317e+00
2.730662631256694173e+00
4.345285135048595926e+00
4.570499552999063297e+00
3.189504890435979068e+00
3.266094530350057479e+00
5.673461887266618930e+00
3.956333982221503565e+00
4.145733165441574108e+00
3.015773683842918107e+00
2.907810641033240717e+00
6.034392129756070311e+00
4.247258110733767467e+00
4.678462463972777208e+00
3.540507455545579774e+00
2.755004284687383009e+00
3.357793618004580427e+00
4.570278883390746394e+00
4.354744424649976686e+00
2.376153108310267381e+00
3.561262164732937663e+00
5.882342968322369359e+00
4.760855159552903615e+00
4.971613607637010546e+00
3.215441103462571615e+00
2.905986187155955580e+00
3.202951634450118323e+00
4.530676700735274842e+00
4.568861676303601627e+00
2.854977474016910488e+00
3.031417302862541074e+00
2.752346012930901864e+00
5.134049831106139550e+00
5.397424213159820461e+00
3.363716598566005356e+00
2.481104693203680878e+00
4.994550202972354747e+00
5.285789547969737434e+00
5.826913967193839916e+00
4.011437902030617231e+00
3.119936305104818786e+00
3.065649781925453343e+00
5.099039241648465115e+00
5.506039671737294583e+00
3.662130884680597998e+00
2.663606513485728300e+00
2.440372610701862843e+00
5.644708834425943955e+00
6.059521224785082261e+00
4.152124292664353788e+00
3.434865958122738760e+00
2.711481311579409859e+00
4.466963724187546170e+00
4.456251545865068664e+00
2.211815327313922719e+00
3.353532929776461113e+00
5.787876087043134277e+00
4.064864904201665574e+00
4.016434868081045551e+00
1.861862279617138682e+00
2.938511165148545157e+00
6.153674480587575601e+00
4.401888268262699633e+00
4.541095784219359111e+00
2.264263890510774591e+00
2.774548938229402406e+00
3.299616507635791063e+00
4.796665810537116492e+00
4.271139990595123948e+00
2.047973521355901827e+00
3.985892596831689616e+00
5.963433036855463776e+00
4.953584167448913611e+00
4.754105044186559326e+00
2.518149180566515266e+00
3.229958463247735612e+00
3.352439195880493994e+00
4.727308891595001228e+00
4.436758134928736830e+00
2.190268775453451777e+00
3.593914902963831537e+00
2.767271188117920389e+00
5.593252277321539623e+00
5.488073228328812725e+00
3.315669795631337902e+00
2.547485528640342611e+00
4.941104188024144861e+00
5.724278167049713595e+00
5.799699957340494372e+00
3.661890061870833879e+00
3.011779899499226421e+00
3.086377490933514878e+00
5.620017295468677787e+00
5.613999755823538607e+00
3.453118077758559057e+00
2.738427097758434403e+00
2.354863188092540138e+00
6.103830784879747284e+00
5.909920060643997886e+00
3.807285192356369752e+00
3.123466470112858051e+00
2.623016989093727602e+00
4.708443080453366569e+00
5.147031178666018114e+00
2.902447978768700754e+00
3.628505507018175535e+00
5.192354274090758004e+00
4.850210375421911912e+00
5.570094533368982859e+00
3.361927339100647227e+00
4.210862218427284809e+00
3.278706483138095873e+00
4.573372313174142612e+00
5.209176258163506823e+00
2.969776155223950553e+00
3.991877432891565380e+00
2.583309493024640524e+00
5.225814137007449567e+00
5.759366321441252268e+00
3.586863130988190651e+00
3.932605363812010868e+00
2.803482442525871310e+00
6.419734160127657852e+00
6.852947527480495182e+00
4.926191144214854489e+00
5.034532272668656105e+00
4.600067445597325388e+00
4.021188904679003251e+00
2.395692237667984781e+00
3.101557010018626936e+00
3.667478332672286623e+00
6.779086398996688523e+00
4.701425074870830834e+00
2.905055146614943684e+00
6.410574788345296149e+00
3.902012841491047990e+00
7.087529293392190510e+00
4.395128942823234297e+00
2.751579547758522093e+00
6.362811776086729765e+00
3.189987332894210326e+00
7.228584849306696647e+00
4.604665325573766843e+00
2.805545091114794332e+00
5.950454688610093967e+00
3.094092341657615375e+00
3.831635628673585980e+00
4.750605053232722419e+00
2.725593866954869160e+00
1.015161129853763500e+00
3.603773714601683054e+00
6.245209123552965202e+00
4.426810598459425705e+00
2.584609779988255696e+00
5.961664713511124480e-01
2.985853556612267923e+00
6.486086463938817381e+00
4.682164170943086567e+00
2.650715669855872481e+00
9.896620079531738279e-01
2.862595909543150796e+00
3.545237008947644597e+00
5.128868240524179889e+00
3.084821519598998751e+00
1.559952708396821208e+00
6.115893430801288666e+00
6.729268664374036923e+00
5.324585013647616272e+00
3.141353618585542851e+00
1.514853170604543608e+00
5.731005103189791505e+00
3.791987980846940332e+00
5.092813945018927591e+00
3.019325440693426454e+00
1.310189988298567698e+00
5.674476174530052042e+00
2.938838890044991103e+00
4.358386714593554423e+00
2.442624107051967197e+00
2.207457929866729618e+00
3.484352212013008820e+00
6.152309992513722570e+00
4.055218062476394714e+00
2.303076568971005766e+00
2.211330851719447654e+00
3.001266422837011394e+00
6.404370809327851077e+00
4.197501037567396232e+00
2.314345658237684233e+00
2.651889706521785683e+00
2.884103919147833039e+00
3.405195563124005620e+00
4.812301631340521801e+00
2.881507025238941200e+00
4.672083489436620884e-01
5.239384179699858812e+00
6.702050754692284507e+00
4.925643531137159137e+00
2.865019543473266594e+00
9.412289807709726119e-01
5.223236429817845305e+00
3.678404634745026325e+00
4.689958496917237873e+00
2.746809221142115121e+00
1.065398007310913497e+00
5.248041148055984984e+00
2.957467214920035392e+00
4.938515499125983865e+00
2.714021950361164670e+00
2.063463281831436458e+00
1.397567899895284738e+00
5.760838100568311582e+00
5.059113680037147454e+00
2.696926628594086939e+00
2.548633359400028553e+00
1.734167248049531596e+00
3.314474395170157184e+00
4.826115454867178300e+00
2.618907856483834617e+00
2.456108521059997774e+00
1.408062709255640810e+00
2.702393435047396153e+00
5.587250256408945681e+00
3.173761972063504633e+00
1.248896865375234144e+00
1.992872989043500409e+00
5.150146698073693408e+00
4.554355381824659155e+00
2.592495032632039287e+00
1.753353876290418611e+00
3.547855925597010351e+00
6.205201066870965398e+00
4.188124773231924003e+00
2.416922339228617655e+00
1.472122933706961900e+00
2.999904526922428261e+00
6.454764016591886922e+00
4.431040660120079799e+00
2.482654549675702871e+00
1.838982061943731594e+00
2.884218369041272378e+00
3.486257216974449680e+00
5.022603008720466278e+00
2.988731755674815194e+00
1.399522282162692477e+00
5.717687721856090199e+00
6.602861794821744290e+00
5.194778231774691335e+00
3.032269507315542345e+00
1.692276288848630683e+00
5.193162259324263452e+00
3.724986302676202232e+00
4.945577788217112136e+00
2.901447308309722306e+00
1.555157422420834878e+00
5.222475186543353409e+00
2.930511032034454733e+00
5.398610596928203442e+00
2.984675787926500679e+00
2.404548143021747020e+00
1.868564035429681525e+00
5.698851808091170312e+00
5.535027440189476344e+00
3.015906657571456151e+00
2.703227216856827653e+00
2.125742944913685761e+00
3.429157080384700240e+00
5.371895198391480442e+00
2.943633879848609691e+00
2.540028433761616355e+00
1.900701041507311118e+00
2.624462784168169360e+00
6.083667631286497901e+00
3.450957981641733507e+00
2.383409709365366780e+00
2.551943746385587186e+00
5.094140694095718125e+00
4.586950895882655921e+00
2.502348897712614928e+00
2.239292032146591449e+00
2.555614505254747204e+00
5.770093742882217214e+00
4.702042903196573143e+00
2.850264508231428184e+00
2.610159637025429191e+00
3.090893453974175031e+00
3.239287071027620701e+00
4.420655391890467634e+00
2.702443120965696721e+00
2.311304042285303950e+00
3.063114123546848422e+00
2.761511989024141300e+00
5.354946671553022952e+00
3.002015974307350010e+00
2.265336527359731011e+00
1.568230902279244221e+00
4.324026419787633024e+00
5.961399517639118351e+00
3.131084911829709938e+00
3.415751618044451821e+00
2.967521717854339158e+00
2.788723472879441889e+00
4.920691760143313331e+00
2.711085894041163957e+00
4.467991385465041709e+00
3.451060002421331152e+00
5.799155626695852384e+00
4.703121433181896016e+00
2.621886782152737627e+00
4.207944479659706083e+00
2.827559404662669973e+00
6.014988187756206806e+00
4.868885916606980224e+00
2.655529237972947154e+00
4.594768639676288124e+00
2.713177757058796491e+00
3.393103918148218323e+00
5.174420338155736765e+00
2.974735309049080456e+00
4.057954956548844194e+00
5.194131332226869624e+00
6.158112585292996322e+00
5.314449505488918923e+00
2.976684739998309848e+00
4.449765974358361298e+00
4.281865088525123042e+00
3.545356563204121070e+00
5.168334706147632573e+00
2.921356876146551595e+00
4.271116635994796518e+00
4.442866102122560612e+00
2.764299659100252438e+00
5.793235376879896315e+00
3.097398588650207785e+00
5.344542190501013756e+00
2.574862351695681895e+00
5.078551794448109113e+00
5.915604392200488171e+00
3.088946550402274394e+00
5.611124620320754985e+00
2.763540223089413050e+00
3.224695286472878397e+00
5.874619808221969386e+00
3.092475507379603528e+00
5.497812434681975446e+00
2.682901713769670238e+00
2.358078895283634235e+00
6.190185130708210970e+00
3.326294356473373792e+00
5.413372360943611739e+00
2.977804094660564171e+00
3.394065541105959483e+00
5.139535538215558752e+00
2.864227219724109208e+00
5.121215368986992367e+00
2.851258192978917805e+00
5.236929764999766590e+00
5.220590910939722384e+00
3.299159737953372140e+00
5.487134702186601487e+00
3.436291956845991535e+00
3.095128305961946324e+00
5.091049120089671476e+00
3.075539772744827705e+00
5.251026497156574102e+00
3.167438049066679806e+00
2.515678231911701701e+00
5.531012776425906274e+00
2.897436503980313827e+00
5.347470932057792226e+00
2.926080422536107672e+00
2.744247002482803399e+00
6.452503437691365029e+00
3.807992647871500935e+00
6.523538591867539260e+00
4.342515393300767634e+00
4.050849173803133141e+00
5.508632202034054792e+00
2.957539233787275013e+00
5.143877761691376449e+00
2.949903936210121369e+00
5.240476001108228310e+00
5.629637825178723354e+00
2.946658973890821986e+00
5.414969620906188830e+00
3.238544002306259273e+00
3.233789927696735678e+00
5.542493166470795707e+00
2.927308420525366106e+00
5.269136943188764910e+00
3.075724132709078962e+00
2.462351701750967958e+00
5.980840941999574056e+00
3.235092224262066107e+00
5.226812459753318763e+00
3.065546049308891075e+00
3.521850936799239662e+00
7.382163908544782771e+00
3.759814573806385507e+00
6.776910283556994763e+00
4.899292357248474339e+00
4.680694898418874317e+00
5.979982962988185768e+00
3.657985237087655772e+00
6.161818185738971998e+00
4.082641787463956895e+00
4.050918986236335506e+00
