2.499305566825211766e+00
4.630287685906352202e+00
4.245238382870442528e+00
4.549052558360991760e+00
5.257231975049218242e+00
4.304458119952330186e+00
4.921770630801101554e+00
9.041376686514933425e+00
1.629303187817842113e+00
3.720610975422401268e+00
3.865793744137178578e+00
3.454509307297166654e+00
4.448660540637201954e+00
3.993480592098042958e+00
4.646863634909273344e+00
8.186768397753761306e+00
1.670629099518405214e+00
2.252397242818157341e+00
2.169235960401707075e+00
1.635006608154039753e+00
5.481359583691140180e+00
3.439850845428141124e+00
3.722027994506371673e+00
7.638420379129098770e+00
1.438139434869064814e+00
2.190894105417434012e+00
2.552818092385328530e+00
2.359512632469725535e+00
5.560213206715829415e+00
3.596748362146930500e+00
3.832757187013996258e+00
8.165181863797728923e+00
2.255497607995629039e+00
2.882626332399182534e+00
2.955453670757986373e+00
3.910996441916760435e+00
3.498373702450630507e+00
3.484326866061665751e+00
4.195954314657221573e+00
7.074043020623869360e+00
2.589753047905238414e+00
2.988837988900031828e+00
4.253744210287776717e+00
5.600892513900835645e+00
3.850894633231136677e+00
4.222326407895288902e+00
5.322647294501895665e+00
7.781297742618758839e+00
3.513137701099275034e+00
4.499063465727942024e+00
3.097184043747633453e+00
4.929109523982376118e+00
1.617001650666376689e+00
3.232785695790155955e+00
4.022407472843478438e+00
5.684696330457524205e+00
2.148527670996995820e+00
2.725451223594141936e+00
3.282474692396923910e+00
4.255235975933018722e+00
2.714509480131427122e+00
3.677294296264415951e+00
3.788242095769607687e+00
7.513042077650234241e+00
4.338563335213078354e+00
4.702782782417954444e+00
3.896704688799161431e+00
6.435833272062453148e+00
2.495820857328710840e+00
3.373035708595693904e+00
3.273072235151479603e+00
4.640240906843890123e+00
2.032594385386777613e+00
3.241954552518831800e+00
2.941111981020559707e+00
3.088841767007226569e+00
5.643207156642399802e+00
3.773658087558357632e+00
4.081339906099903381e+00
8.607710374406501330e+00
3.222397919496927443e+00
2.359259986275078269e+00
1.416182904221557237e+00
1.491295667321021368e+00
5.425157218705393802e+00
3.369330418580451347e+00
3.813236257497320647e+00
7.574969608993296077e+00
3.005911219475587703e+00
2.031789255309782494e+00
1.743582881179235100e+00
1.998539189106172786e+00
6.137082029817572781e+00
3.486350259152167563e+00
3.867143987460394783e+00
7.945839667724431621e+00
2.925555314332652923e+00
3.030540115957619296e+00
2.309247429397146334e+00
2.904983282996866478e+00
4.116602477965287221e+00
3.247666979744842308e+00
3.696966931969393411e+00
6.966906226931105728e+00
7.001360195507260187e-01
2.853208294931525391e+00
3.879708255575524234e+00
4.972720886379330629e+00
3.495788447625791662e+00
4.077446052335417015e+00
5.005940785838515872e+00
7.778076333161436651e+00
5.091944090439372239e+00
6.004320141189906757e+00
3.845786861465667616e+00
4.669010382031880901e+00
3.431770054949633053e+00
2.828451435116448920e+00
3.284522100530575361e+00
4.464853730767201156e+00
3.107946569860454478e+00
3.329559628134545424e+00
2.327324863209090378e+00
3.081789755100790895e+00
7.802126384672808390e-01
3.764414174394270507e+00
3.167384759861759047e+00
6.712826227615475538e+00
5.450950712903586570e+00
6.314840989086303757e+00
4.176820416227292831e+00
5.810294370222209182e+00
3.968484791052544924e+00
3.462961143624875948e+00
2.237632262449901432e+00
3.637558049980576413e+00
6.315065831588039025e+00
3.786242077325832955e+00
2.376005255277320316e+00
3.116761602512673424e+00
9.237739721482673971e+00
3.527238790582251315e+00
4.331740363151954654e+00
8.721723149940876496e+00
4.863177341882173543e+00
2.734005178410865877e+00
3.357566311908162793e-01
2.095821696573040072e+00
7.555008038626435329e+00
3.389142506345717010e+00
4.086108248302925183e+00
7.971672730785637206e+00
3.832327312513461148e+00
2.432286713924726396e+00
7.343762928118356959e-01
9.347956676142553656e-01
6.486957537808474505e+00
3.337732882669796286e+00
3.923338446565118431e+00
7.626578505357701765e+00
1.536539420401721090e+00
2.550003056547135660e+00
3.436997431691057425e+00
4.724398626015646308e+00
2.421999474465219127e+00
3.728199171173081083e+00
4.608253374335911978e+00
7.145307860170497349e+00
1.042843259352093277e+01
6.571216799258801977e+00
3.854808675619049385e+00
6.117772975977061378e+00
6.173809725222518807e+00
1.197419251375783311e+01
4.681247263945476966e+00
8.685051333267219675e+00
4.502160815412490358e+00
2.841615766701711010e+00
4.121128183048045623e-01
4.368536225763340330e-01
1.549994757564366665e+00
6.681523628199069087e+00
3.202684885853684715e+00
7.322346876275577010e+00
6.889234969895231764e+00
4.111805103050623522e+00
2.368324070433210693e+00
2.592900172276287662e+00
3.409059051088245695e+00
8.355439913918402794e+00
2.989701779578112451e+00
4.198626093186736519e+00
4.539495198712174329e+00
2.859276880113410524e+00
2.667237514635832252e+00
1.607202972375555872e+00
6.778641349681568506e+00
3.210858376949636384e+00
3.963273150449760696e+00
7.363565149358500150e+00
4.225696782947342633e+00
2.616889587503318015e+00
2.929247184565470175e+00
6.207401479781822218e-01
5.941583522329797695e+00
3.169670829910965271e+00
3.830966267248962165e+00
7.114114136369209973e+00
4.526141208656444981e+00
2.769321880568123451e+00
4.694095736050010181e+00
3.090783575386178317e+00
1.515603319823593864e+00
2.719972636912161956e+00
3.264110164981220752e+00
5.584192942182009567e+00
5.490466391568451066e+00
3.027376385951195292e+00
4.684104939183326266e+00
1.845915213125219223e+00
1.989195546019474792e+00
4.010538896006750065e+00
3.496512725432226798e+00
5.619462097752907503e+00
5.111518206154921806e+00
2.929388779443343083e+00
4.077559700828950362e+00
1.155668894299964222e+00
1.418923926357302578e+00
4.764436019342757511e+00
2.828751737979720904e+00
6.133426878121448489e+00
5.486347442078390202e+00
3.208688792273882484e+00
5.574673879789654229e+00
3.381169910902836140e+00
2.699590655346714385e+00
2.746672622156770327e+00
2.381986530245314260e+00
3.124620525877340071e+00
4.395015147894331342e+00
2.692222149400298914e+00
3.109125023824022005e+00
9.529336079854798802e-01
5.837584400519337358e+00
3.118694871956165571e+00
3.816328439957767049e+00
6.978095754512547266e+00
5.343366349456791120e+00
2.882746325020761446e+00
4.985463623004704914e+00
2.777580594935717073e+00
1.988761059420051991e+00
2.559735756292782494e+00
3.354476785191705002e+00
5.370311233593447753e+00
6.313974039734101318e+00
3.498404699896198622e+00
4.990768197072561918e+00
2.850036964524990335e+00
2.943466765236004701e+00
4.447254434079809471e+00
3.577379662036992869e+00
5.407394064818162427e+00
6.274852172804760819e+00
3.475803599533423327e+00
4.988956320210653494e+00
2.843014902907629704e+00
2.902519301683720077e+00
4.398630532730010145e+00
2.459399434311458243e+00
5.408034651651795421e+00
6.551609195795246698e+00
3.533519933001649349e+00
5.478248428573217588e+00
3.377643137707993848e+00
3.348955682431404401e+00
3.719749406243318735e+00
2.285520786733986842e+00
3.442002640574918448e+00
3.673198983136053641e+00
3.020969068778917688e+00
4.386563234817052681e+00
2.575286659199406358e+00
3.988249677612491606e+00
2.873271725314168190e+00
3.659395863191626574e+00
5.809125776535164043e+00
5.058962970754464550e+00
2.699237026197524703e+00
4.883182401588661570e+00
2.651927369893587016e+00
2.532239488553164275e+00
3.053541149659290799e+00
3.318245597616945819e+00
5.442522861345018725e+00
4.661188877415061604e+00
2.591032298337244466e+00
4.261211998289059721e+00
2.018411659450492834e+00
2.083893608647168438e+00
3.854982750556013915e+00
2.817316908675061793e+00
5.968111377455140421e+00
4.755390271523242340e+00
3.694430035964300085e+00
5.494737064953305605e+00
3.267340226552114757e+00
4.217048179847613376e+00
2.903675508338196209e+00
2.487197385946103623e+00
3.316162592103155671e+00
7.791175454056333827e+00
4.159985155353602693e+00
7.478234564408219320e+00
5.827990098597922497e+00
5.106101200962612552e+00
5.455128218486922087e+00
2.843104154250188031e+00
3.462510399433446739e+00
1.234597470613883807e+01
5.932649112587800921e+00
1.042660504773824570e+01
1.264567635173067117e+01
7.272657830098613552e+00
1.150701505634243915e+01
4.061347774254302934e+00
3.476310922405672077e+00
7.732620037964546889e+00
3.983786884780075699e+00
7.350481546097011432e+00
5.639643124909420102e+00
4.861712902592036478e+00
5.265149094087793635e+00
1.500524710650761984e+00
2.898790462441104498e+00
9.574263565359283135e+00
5.206938785830658389e+00
9.053132389987524675e+00
8.180793832231893603e+00
6.839252434626587274e+00
7.976884725864842096e+00
2.600701776744548166e+00
3.272369029346656077e+00
7.292384045541214554e+00
5.629403709211740825e+00
8.046430401444736091e+00
6.534350196676239619e+00
6.832830294074000221e+00
6.536726676382215828e+00
3.784515412575890192e+00
2.567172001875797083e+00
9.231236334425053869e+00
4.709086663513926574e+00
7.631625682233323715e+00
7.071471233899541353e+00
4.054848929078133324e+00
6.968883463377914644e+00
2.472804588074509979e+00
1.891459661543916981e+00
