3.542590363812356369e+00
6.720203782458963104e+00
3.238663324474087002e+00
6.996121303564449612e+00
3.147461018047361225e+00
3.512235781972423698e+00
4.924741280114105280e+00
6.936456306155697860e+00
4.437479697976144166e+00
3.573030696429518205e+00
4.674594490642808076e+00
3.172382957794466662e+00
2.420052207911519704e-01
6.602325287159723111e+00
3.893052328271018325e-01
3.432788222252300958e+00
3.658420385811058106e-01
3.106836560851190310e+00
1.845634224007651480e-01
4.277818558038258168e+00
3.059056609746718891e+00
6.432289190672499934e+00
3.418664472952239297e+00
3.552273876818562659e+00
3.335279350721516156e+00
3.068112366343191955e+00
2.818044267166536887e+00
3.569003989390362452e+00
3.465033259494992190e+00
9.626201806381308179e-01
2.122788744485479384e+00
6.560165422050395989e+00
2.198151719130797321e+00
3.490190183928419287e+00
2.294521569068430633e+00
3.112612219472634667e+00
1.855630360928217870e+00
3.910238126141805992e+00
2.137501110600645404e+00
7.367527282710817360e-01
2.562626978518133480e+00
3.889635859333376633e+00
3.890665200540402768e+00
6.254831195087812823e+00
4.222689529073390347e+00
3.334776886456803258e+00
3.930847809731334852e+00
2.980801463300924325e+00
4.095179345697281370e+00
3.608367678092065489e+00
4.573960509532480678e+00
1.378728691310123766e+00
4.682319607413734985e+00
3.797548204306333108e+00
4.524473946505868760e+00
2.256098521264604528e+00
2.241680501151584792e+00
6.473451774258336400e+00
2.255902274212414849e+00
3.444492897031428580e+00
2.155475536489909416e+00
3.030428308126799752e+00
2.461824017725817271e+00
4.482959433472767152e+00
2.381415416625939141e+00
8.284085646336857289e-01
2.639253620261904132e+00
3.227970241958288966e+00
2.419800290946682253e+00
1.944964466761955890e+00
2.632505293300781091e+00
4.580185171960709845e+00
4.354760874699754147e+00
6.292024812477090556e+00
4.470008225283403469e+00
3.464823334436246682e+00
4.273628625144421100e+00
2.931474172042914716e+00
4.681283475765734003e+00
4.591103573422557815e+00
4.884394164221376400e+00
1.363478557746572450e+00
4.535780540116566506e+00
2.839860494230118437e+00
4.693804934048022126e+00
2.264783031989595852e+00
5.068213438746667521e+00
4.962810758348677354e+00
5.059372868972109138e+00
2.799540734845547885e+00
