M5,46.911966638473814,29.68894223436117,23.399091127165015
M6,19.919281212201312,36.91093821702841,43.16978057077028
M7,48.082833378496204,46.699259262306626,5.21790735919717
M8,5.157568706985356,4.675105189923086,90.16732610309155
M9,85.06147580490398,4.313972981187305,10.624551213908717
M10,6.220169968615469,77.96764342244911,15.81218660893542
M4,16.56782628167332,19.19904397041457,64.2331297479121
M6,19.765059003651093,36.24655693652652,43.988384059822394
M7,48.012905425711025,46.606647058698705,5.380447515590269
M8,5.0378086200133065,4.519179748536099,90.44301163145059
M9,84.8573690672322,4.252642064659316,10.889988868108485
M10,6.2426139362177695,77.45765335287751,16.29973271090472
M4,15.95541046878661,20.116550813985747,63.92803871722764
M5,45.230321618808055,30.826941337395457,23.942737043796487
M7,46.435371089986695,48.23170119293449,5.332927717078817
M8,4.86544667109524,4.7628663216711455,90.37168700723362
M9,84.2398751092923,4.591592719472718,11.168532171234983
M10,5.81120914667243,78.50591346437783,15.682877388949748
M4,14.6562232156653,19.614200450982562,65.72957633335213
M5,43.185593471674245,31.224013361162125,25.59039316716363
M6,17.563014113902675,37.211513013555,45.22547287254232
M8,4.381263323898286,4.550392193193638,91.06834448290807
M9,82.89426122835158,4.806730269490212,12.299008502158205
M10,5.455244462858676,78.09102550913504,16.45373002800629
M4,16.11782929738731,21.052775051643962,62.82939565096872
M5,45.03882878077027,31.774313052292385,23.18685816693735
M6,18.858492093754162,38.954747785355714,42.18676012089012
M7,45.740370268233306,49.149415433766386,5.110214298000308
M9,84.36607122095876,4.770423760753395,10.863505018287846
M10,5.686189841514723,79.40432973219521,14.909480426290074
M4,15.612667215159618,19.523444810519116,64.86388797432127
M5,44.94733346840673,30.381750038452033,24.670916493141235
M6,18.647681570504233,36.87980038846312,44.47251804103265
M7,46.52547585971911,47.93595978848119,5.5385643517997
M8,4.710076523361296,4.573110037570938,90.71681343906776
M10,5.821436628180197,77.90196733747734,16.27659603434246
M4,15.349678961080361,20.938068134373076,63.71225290454657
M5,43.77644922680794,32.22142092611896,24.0021298470731
M6,18.070085929604133,38.9110214851793,43.01889258521657
M7,44.62336508720527,50.066943923210914,5.309690989583814
M8,4.697918219539448,4.964377740871265,90.33770403958928
M9,83.59014405151306,4.9339581342496786,11.475897814237257
M3,6.824183727594005,73.01485766204719,20.160958610358804
M6,20.34665393214895,37.19099765829355,42.4623484095575
M7,48.16554691446474,46.768352752971005,5.066100332564254
M8,5.336109312007661,4.7806541431670135,89.88323654482532
M9,85.4549221878564,4.278954582861035,10.266123229282568
M10,6.316529946018919,78.21014690697719,15.473323147003896
M3,6.443074044210134,73.94242348394503,19.61450247184483
M5,46.175492835430624,30.958692576879194,22.86581458769018
M7,46.97958790267424,47.97333503750247,5.0470770598232875
M8,5.178839535586519,4.968189355169916,89.85297110924357
M9,84.91586158733784,4.557352702125851,10.526785710536306
M10,5.953386874350722,79.02904830625876,15.017564819390515
M3,6.083793302944073,74.301932475356,19.61427422169993
M5,44.68131609643403,31.883884660900847,23.43479924266512
M6,18.62884828417345,38.92168759493034,42.44946412089622
M8,4.896467240741237,5.01654370083129,90.08698905842748
M9,84.1499573120881,4.812898316010856,11.03714437190104
M10,5.619566815011063,79.37167944879187,15.008753736197065
M3,6.191408136207266,75.25503877988497,18.553553083907758
M5,45.588129966131525,32.25908801993849,22.152782013929986
M6,19.293484250138757,39.96278458738393,40.74373116247731
M7,45.80027690492172,49.36951157595172,4.830211519126557
M9,84.8591472242591,4.813249301032804,10.327603474708091
M10,5.719781180009772,80.12395112976613,14.156267690224098
M3,6.448835945653139,73.81091104483997,19.740253009506887
M5,46.166108494623685,30.852740858518587,22.981150646857728
M6,19.525563723814475,38.23145529967666,42.24298097650887
M7,47.026831940066586,47.892744766513744,5.0804232934196705
M8,5.15433857963164,4.93066146884696,89.9149999515214
M10,5.961127206268129,78.91928317948133,15.119589614250543
M3,6.019365726388255,75.4067940343596,18.573840239252135
M5,44.76870957026689,32.763894386430394,22.467396043302713
M6,18.79018923877351,40.24116363764282,40.96864712358367
M7,44.97019598573548,50.13183317040158,4.897970843862943
M8,5.086373033337223,5.345910151775559,89.56771681488722
M9,84.42514039364075,4.956064552008395,10.618795054350858
M3,6.534649983951945,73.43901851501842,20.02633150102963
M4,16.708651762221198,20.293998087918656,62.997350149860154
M7,48.09831773720007,46.771107868219076,5.130574394580854
M8,5.152669964231021,4.842385841682457,90.00494419408652
M9,84.93155977767844,4.468590361686397,10.599849860635159
M10,6.03055102770756,78.61770606191634,15.351742910376103
M3,6.20532529203256,73.2542386882,20.54043601976744
M4,15.74474292996998,20.08878533952965,64.16647173050036
M6,18.659955775260077,37.684338313162876,43.65570591157705
M8,4.7887459509706165,4.74344709966067,90.46780694936871
M9,84.03264559184183,4.634348433456676,11.333005974701496
M10,5.744399285335637,78.49512245856674,15.760478256097628
M3,6.391323617407255,74.69297637599716,18.915700006595586
M4,16.929449537301437,21.381349024649815,61.68920143804875
M6,19.64543155105573,39.25631320066857,41.09825524827569
M7,46.63098819317494,48.49740540520727,4.87160640161779
M9,85.09538415394579,4.640489844211822,10.264126001842392
M10,5.892481030090884,79.65662533036529,14.450893639543835
M3,6.56273360410272,72.98266691895535,20.454599476941937
M4,16.557175103079587,19.904752246383662,63.53807265053675
M6,19.586406184065485,37.26628138086902,43.1473124350655
M7,48.05209084170207,46.71115310681039,5.236756051487539
M8,5.077668178495244,4.721246343186383,90.20108547831838
M10,6.076816155074935,78.22055602638713,15.702627818537934
M3,6.243848160671075,74.61380319454459,19.142348644784335
M4,16.481374567420403,21.297437391352464,62.22118804122714
M6,19.19881021202267,39.212851726690175,41.58833806128716
M7,46.04744358431685,48.96942213707899,4.983134278604155
M8,5.1276414503678795,5.142720215478082,89.72963833415405
M9,84.6838352391028,4.742245937988751,10.573918822908443
M3,5.82619749910327,74.35320732728975,19.820595173606975
M4,15.222985258814449,21.007255720024325,63.76975902116123
M5,43.50074297473027,32.424658914678716,24.074598110591012
M8,4.655954541342272,4.981229844761503,90.36281561389623
M9,83.44960080534372,4.985886058223373,11.564513136432907
M10,5.3833704490456284,79.44697098424791,15.16965856670646
M3,5.91492640484261,75.57647978724523,18.508593807912163
M4,16.038160272257958,22.162030709325705,61.79980901841634
M5,44.34985903872114,33.08506824868587,22.565072712592986
M7,44.49200479429541,50.59374953349806,4.914245672206526
M9,84.22886464051437,5.037252952746931,10.733882406738696
M10,5.4448680818174,80.44600457270433,14.10912734547827
M3,6.09613066013346,74.22703443432945,19.676834905537092
M4,15.895149578849491,20.928465618611675,63.17638480253883
M5,44.71388088073468,31.80709175321157,23.479027366053753
M7,45.50593899662946,49.30945722955657,5.1846037738139685
M8,4.89215930298088,4.997174178232379,90.11066651878673
M10,5.632100297288704,79.30866558877626,15.059234113935034
M3,5.706397327685623,75.679200867784,18.614401804530374
M4,15.504901874711324,22.21963376931928,62.2754643559694
M5,43.37696047593747,33.60645209606504,23.016587427997486
M7,43.56657404963822,51.416941728634306,5.016484221727474
M8,4.8267969776831245,5.363922215200757,89.80928080711611
M9,83.67985237364205,5.203608768080494,11.116538858277456
M3,5.644701788095121,75.89577492021915,18.459523291685727
M4,15.42706025586105,22.443287580400376,62.12965216373857
M5,43.156910602296726,33.88768783889104,22.955401558812234
M6,17.833103675485418,40.97390938383001,41.19298694068457
M9,83.60474906785954,5.271593595652376,11.12365733648808
M10,5.193510329205683,80.7418206494244,14.064669021369923
M3,5.797494541231377,73.52457136710342,20.677934091665207
M4,14.788389464213203,20.269799052170864,64.94181148361594
M5,43.08606060987341,31.91343964002188,25.000499750104712
M6,17.56944897079578,38.14278001096877,44.28777101823545
M8,4.461691102920121,4.74449147629641,90.79381742078345
M10,5.370923735138726,78.77173037513693,15.857345889724343
M3,5.498741208900759,75.50315244509484,18.998106346004406
M4,14.81454444873442,22.032850759091655,63.15260479217392
M5,42.24202417136074,33.96736235712938,23.79061347150988
M6,17.24500249724488,40.575893622375276,42.17910388037984
M8,4.567550042165525,5.263389117852254,90.16906083998222
M9,82.96086569339877,5.346217683599747,11.69291662300148
M3,5.808634075994699,76.06108283376143,18.130283090243864
M4,15.977223358331878,22.60963857197042,61.413138069697695
M5,43.99646611596785,33.66373218216088,22.339801701871274
M6,18.365552685062436,41.12324511973461,40.51120219520295
M7,43.931035716908994,51.227282076756104,4.841682206334902
M10,5.339818020755708,80.85690460898141,13.803277370262876
M3,5.286632815931559,77.74397599904968,16.969391185018765
M4,15.272330347077213,24.321149200677095,60.40652045224569
M5,42.01680008653011,36.05753775382279,21.925662159647096
M6,17.28911225453994,43.49459438091549,39.21629336454457
M7,41.29464865345937,54.030990682515096,4.674360664025535
M9,83.367097671262,5.7329314364649155,10.899970892273082
M3,5.600149139748275,76.04917276429809,18.350678095953626
M4,15.351121270437828,22.583613484220226,62.06526524534195
M5,42.928284306570156,34.145118614435916,22.92659707899393
M6,17.711812517194847,41.2092247071228,41.078962775682356
M7,42.96762213369527,52.05278740658388,4.979590459720846
M8,4.792838591336305,5.4646403737067475,89.74252103495695
M2,72.07483569914464,16.009049131396786,11.916115169458571
M6,21.016618807035034,37.011466217472424,41.971914975492545
M7,49.62480475396621,45.42947667654989,4.945718569483901
M8,5.559852851555156,4.800429810258756,89.63971733818609
M9,85.96290232322471,4.145791830200283,9.891305846575007
M10,6.557192598253766,78.08808951218727,15.35471788955897
M2,71.01962524234872,16.818767672297223,12.161607085354053
M5,47.21748968140548,30.279993527070115,22.502516791524403
M7,48.1964870169431,46.83495726721238,4.968555715844516
M8,5.3674214616591085,4.936987706037168,89.69559083230372
M9,85.41446567541465,4.394886514352486,10.190647810232868
M10,6.181348859324628,78.76388284308877,15.054768297586605
M2,69.2629032131717,17.925777747469954,12.811319039358349
M5,45.14994585370953,31.638729122562225,23.211325023728243
M6,18.919318629166497,38.81813951697583,42.26254185385767
M8,4.988848733206281,5.020636147469741,89.99051511932397
M9,84.40441990697131,4.740691174845248,10.85488891818344
M10,5.717717764113377,79.31095149816987,14.971330737716755
M2,70.97076847524873,17.19660020413698,11.832631320614286
M5,47.1853095566883,30.94986839494198,21.864822048369717
M6,20.262122301862465,38.927594031417634,40.810283666719904
M7,48.27394091336359,46.93811644351445,4.7879426431219585
M9,85.5619151370852,4.495650215998122,9.942434646916684
M10,6.115335936646567,79.44366021374061,14.441003849612812
M2,70.97773928451865,16.813173817438365,12.209086898042987
M5,47.203784117859904,30.247597689417645,22.54861819272245
M6,20.19933899571176,37.8777330196722,41.922927984616045
M7,48.190682125106726,46.82808935741264,4.981228517480638
M8,5.356567339437604,4.922785676936315,89.72064698362608
M10,6.184725638954561,78.72128467548285,15.09398968556259
M2,70.0493829177547,17.766644771242508,12.183972311002794
M5,46.09100274897817,31.63568178629011,22.27331546473172
M6,19.56760750777674,39.329229221271966,41.10316327095129
M7,46.489685921748254,48.63336593895969,4.876948139292054
M8,5.283741982022865,5.196323590184131,89.519934427793
M9,85.03275046289885,4.6715303494936276,10.295719187607526
M2,71.0301287101689,16.699228906415243,12.270642383415861
M4,17.214893439766737,20.270582515466213,62.51452404476704
M7,48.17722945492395,46.80502191334913,5.017748631726917
M8,5.338079597325573,4.869843542278405,89.79207686039602
M9,85.39173313433773,4.352347778066157,10.255919087596116
M10,6.223634661913112,78.54012929573366,15.236236042353227
M2,69.35981509917833,17.576368673799976,13.06381622702169
M4,16.060132770282568,20.377262081625943,63.56260514809149
M6,18.936093158953664,38.03092703849566,43.03297980255067
M8,4.917203216419693,4.844292743532964,90.23850404004735
M9,84.31326480446154,4.638178578827926,11.048556616710535
M10,5.787534216411699,78.76814597254325,15.444319811045048
M2,71.22526105311901,16.979253252760977,11.79548569412001
M4,17.6033531748944,21.046663612607755,61.34998321249783
M6,20.446598033948906,38.64621340735057,40.907188558700526
M7,48.279016365708536,46.92548112887614,4.795502505415321
M9,85.69315638794198,4.421224365290706,9.885619246767313
M10,6.201141020189789,79.2530425011466,14.54581647866361
M2,70.99411387631368,16.643973764752236,12.361912358934088
M4,17.136944243049268,20.124890022940235,62.738165734010494
M6,20.166280668619205,37.447611808201984,42.38610752317881
M7,48.156318926790966,46.7801831918593,5.063497881349733
M8,5.29854467392124,4.821233360154781,89.88022196592398
M10,6.2306264273654195,78.39471166329056,15.374661909344013
M2,70.47289132027548,17.372577979371524,12.154530700352996
M4,17.043401885276577,21.063291532653533,61.89330658206988
M6,19.848084303779014,38.78106640260668,41.3708492936143
M7,47.141458188159085,47.954839195161355,4.90370261667956
M8,5.326568628615734,5.097198490460714,89.57623288092356
M9,85.19514744277807,4.566535850149228,10.238316707072705
M2,68.0198694275239,18.589881688427084,13.390248884049015
M4,15.355309553779062,21.051591095653347,63.593099350567584
M5,43.730759970013864,32.350475437101444,23.918764592884692
M8,4.707249908548476,4.998760126773951,90.29398996467758
M9,83.59481786326486,4.954959582745027,11.450222553990109
M10,5.425410807390779,79.465239734309,15.10934945830023
M2,69.54837727730626,18.139017324138706,12.312605398555036
M4,16.57863833532699,21.659788325918445,61.76157333875457
M5,45.5023395991015,32.1172831488441,22.3803772520544
M7,45.81693380799521,49.29095883119868,4.892107360806108
M9,84.7577674395547,4.799018000654474,10.443214559790828
M10,5.718705523083714,79.95145379192485,14.329840684991439
M2,69.50062518466979,17.74958599669256,12.749788818637654
M4,16.286683567219015,20.84833582845426,62.864980604326725
M5,45.42620641788896,31.41428440329722,23.159509178813817
M7,46.20835608211681,48.6792170564061,5.11242686147709
M8,5.029387130298525,4.995710239305723,89.97490263039575
M10,5.78480974996619,79.19297362939926,15.022216620634552
M2,68.40301360913953,18.808574591154663,12.788411799705802
M4,15.850088932880428,21.82347530584721,62.326435761272364
M5,44.17194470762084,32.8796529663883,22.948402325990862
M7,44.50961972200051,50.47224688484165,5.018133393157839
M8,4.928184083365792,5.265766002302129,89.80604991433208
M9,84.04423882442484,5.028628272549604,10.927132903025559
M2,67.94751208890011,19.160719026296057,12.891768884803831
M4,15.619236833313426,22.070608749616454,62.31015441707012
M5,43.6623374346852,33.32805903327271,23.009603532042092
M6,18.11311506033047,40.43815567459563,41.4487292650739
M9,83.80654600706413,5.1390652069170475,11.054388786018825
M10,5.32176188684854,80.40066398129004,14.277574131861428
M2,67.54463062509745,18.60240175592498,13.852967618977566
M4,14.939141232819521,20.611883120864583,64.44897564631589
M5,43.18387325445069,32.19921010259046,24.61691664295885
M6,17.66499733984726,38.56970638268328,43.76529627746946
M8,4.5328710629823465,4.8513945597066845,90.61573437731096
M10,5.357394869321951,79.0924090437708,15.550196086907249
M2,66.82783763218313,19.610741121426248,13.56142124639062
M4,14.835778454153337,21.81552622367569,63.34869532217097
M5,42.398036010042276,33.68484768361543,23.917116306342294
M6,17.316019591002203,40.260169126114945,42.42381128288285
M8,4.56340072960057,5.197033606163855,90.23956566423557
M9,82.9965853096492,5.290667357831797,11.712747332518997
M2,69.45897509502987,18.29753607233246,12.24348883263767
M4,16.59076277519826,21.893170769276264,61.516066455525475
M5,45.38823090505217,32.37998265348286,22.23178644146497
M6,19.16814236271002,40.02993260029625,40.80192503699372
M7,45.59712941176413,49.55544675589729,4.847423832338578
M10,5.67613249624467,80.16371221788626,14.160155285869067
M2,67.91291928032454,19.68349220030007,12.403588519375386
M4,15.885987260794376,23.075902249600535,61.03811048960509
M5,43.62120420287705,34.23532415602955,22.1434716410934
M6,18.17407709128667,41.75053236018706,40.075390548526265
M7,43.37262844024914,51.850056241140926,4.777315318609936
M9,84.03813927604666,5.287310963206052,10.674549760747283
M2,68.0866947737177,19.053828082076016,12.859477144206288
M4,15.688611729307553,21.999307271428783,62.312080999263664
M5,43.81681541893835,33.19291333568518,22.99027124537647
M6,18.20178236804807,40.3279973437822,41.47022028816973
M7,44.093861167950735,50.885505088212206,5.02063374383706
M8,4.880704824357456,5.305704926225569,89.81359024941698
M2,71.4171061511716,16.748259428287554,11.834634420540851
M3,6.803953211937628,73.93039598598743,19.265650802074944
M7,48.26842611918202,46.89803515361907,4.833538727198913
M8,5.5325193746914,5.045794674216248,89.42168595109234
M9,85.745121934176,4.364754592949561,9.890123472874441
M10,6.258259340422802,78.99874133160564,14.74299932797156
M2,70.06235101691021,17.732183042802173,12.205465940287613
M3,6.366950018070664,74.68151775043899,18.951532231490347
M6,19.57178102710462,39.251995759164515,41.176223213730864
M8,5.276979885883358,5.178146546293034,89.5448735678236
M9,85.02922262878504,4.671507214305519,10.299270156909445
M10,5.870607346742346,79.6503101478069,14.479082505450748
M2,71.25697177750378,17.27550200631337,11.46752621618285
M3,6.675780130881313,74.9623107329632,18.36190913615549
M6,20.53816292042239,39.50193615992998,39.95990091964762
M7,47.68323899043607,47.68793867247092,4.628822337093013
M9,85.85908849647127,4.519495838045451,9.621415665483276
M10,6.143178261260233,79.84951447880509,14.007307259934677
M2,71.39655047402937,16.831658796211553,11.77179072975908
M3,6.785070547878704,74.09985183453423,19.115077617587062
M6,20.571533966543498,38.45189569058382,40.976570342872684
M7,48.28248622985746,46.91805778921008,4.799455980932457
M8,5.563431089145744,5.081242689962618,89.35532622089164
M10,6.260558139649657,79.11994537775323,14.619496482597114
M2,70.69716838128592,17.645504159200602,11.657327459513478
M3,6.49857815369671,75.18504189073082,18.316379955572472
M6,20.11143997600952,39.81450230150137,40.07405772248911
M7,46.962832630933185,48.365391422640876,4.671775946425939
M8,5.541711755060833,5.3703404281443525,89.08794781679481
M9,85.54357495740174,4.635694615111538,9.820730427486717
M2,68.94247976768187,18.546621653074713,12.510898579243413
M3,6.0354744020215625,75.25146024273769,18.713065355240744
M5,44.791717761360815,32.615590547869225,22.59269169076996
M8,5.065588578933361,5.299066411467373,89.63534500959926
M9,84.40149271653188,4.944177226948871,10.654330056519253
M10,5.560136899500516,80.16169543176986,14.278167668729623
M2,69.8859233744563,18.25060721184788,11.863469413695825
M3,6.24559333198641,75.63416233260995,18.12024433540364
M5,45.89391142878221,32.446879374154626,21.659209197063163
M7,45.86771449349188,49.434722381929156,4.697563124578963
M9,85.10828379935887,4.842296299424298,10.04941990121683
M10,5.744544787595875,80.44993122357863,13.805523988825499
M2,70.20285924909604,17.71619257631263,12.080948174591335
M3,6.39526904970538,74.80079662102092,18.8039343292737
M5,46.264744691966534,31.61054551529039,22.124709792743076
M7,46.62664290016933,48.533879310940286,4.839477788890385
M8,5.334217206994491,5.223771248589177,89.44201154441633
M10,5.8941500782238085,79.74509995291149,14.36074996886471
M2,69.09875162528333,18.78550395096283,12.115744423753842
M3,6.021182717331469,75.93797926179346,18.04083802087507
M5,44.96413488958666,33.11951575048329,21.916349359930052
M7,44.87763750898467,50.375376511938654,4.746985979076676
M8,5.218903208204971,5.524264424688868,89.25683236710616
M9,84.67437953764676,4.993866706643599,10.331753755709643
M2,68.54418574499411,19.379392148204207,12.076422106801683
M3,5.843865478762304,76.56589098003462,17.59024354120308
M5,44.360703214612286,33.935657746985974,21.70363903840174
M6,18.62453128490566,41.74739751218156,39.628071202912786
M9,84.45545270859265,5.1915969867100955,10.35295030469726
M10,5.3635530651452115,81.26718277003819,13.369264164816599
M2,68.82972622741283,18.72723505687187,12.443038715715296
M3,5.977228879835968,75.52479569060775,18.49797542955629
M5,44.65918311039436,32.90764857826111,22.43316831134453
M6,18.72981815813736,40.392282317148215,40.87789952471442
M8,5.0801191921522415,5.376146092402772,89.54373471544498
M10,5.511811306997908,80.38987084005092,14.098317852951169
M2,67.95234213345196,19.724711744135348,12.322946122412688
M3,5.697204382341093,76.6512329481273,17.6515626695316
M5,43.666399628241074,34.32428188547635,22.009318486282574
M6,18.21260544443014,41.90867080682811,39.87872374874175
M8,5.049343157745716,5.695620262396778,89.25503657985752
M9,84.08684458473532,5.3061000149724755,10.607055400292207
M2,69.60188513820601,18.709003326082055,11.68911153571193
M3,6.10441457457946,76.33010807447283,17.565477350947702
M5,45.5596036516381,33.16979787866378,21.270598469698122
M6,19.369504607975905,41.32733705858057,39.303158333443534
M7,45.23129730605201,50.185390138031806,4.583312555916187
M10,5.6190781485175085,81.02279212262218,13.35812972886032
M2,67.95355027015202,20.239865176410042,11.806584553437936
M3,5.6262247200963955,77.67514368732854,16.69863159257507
M5,43.682142421513106,35.22727342491191,21.090584153574987
M6,18.313383790982556,43.26047420937329,38.42614199964415
M7,42.84138522185058,52.66662460373695,4.4919901744124715
M9,84.3450997149466,5.4574822887843295,10.19741799626907
M2,68.74246070415876,19.326811065683838,11.930728230157403
M3,5.883453117287683,76.66195938129216,17.45458750142015
M5,44.57912259720921,33.920281212940225,21.50059618985056
M6,18.777962171063663,41.8587395543967,39.36329827453964
M7,44.16552092880492,51.21131165777887,4.623167413416205
M8,5.25768714778004,5.750344227438021,88.99196862478193
M2,69.30230594171891,18.146316909058815,12.551377149222272
M3,6.166276140784177,74.75308537444916,19.080638484766666
M4,16.327868247967363,21.42917625644918,62.24295549558346
M8,5.081123937118998,5.170366649228509,89.74850941365249
M9,84.53835203401606,4.807374029589485,10.654273936394457
M10,5.6860376225190015,79.73712750902207,14.576834868458931
M2,70.48013973820105,17.791550222507237,11.728310039291717
M3,6.432800830668524,75.27286644057804,18.29433272875343
M4,17.342597767496645,21.92964333268054,60.72775889982282
M7,46.68343750980259,48.62981289204669,4.686749598150726
M9,85.42104212012548,4.6851187017209455,9.893839178153577
M10,5.919870137977237,80.12874673246606,13.951383129556703
M2,70.55094761833836,17.383572529841473,12.065479851820172
M3,6.518313607436084,74.43328320507189,19.048403187492028
M4,17.142337498604036,21.16937954881615,61.68828295257981
M7,47.17191049013637,47.96690697111332,4.861182538750313
M8,5.369529860977067,5.136473626883064,89.49399651213987
M10,6.012705245054035,79.42663985268791,14.560654902258051
M2,69.85170820060964,18.17540300029725,11.972888799093113
M3,6.252312447744655,75.43304617018991,18.31464138206543
M4,16.920711746472332,22.060166029720396,61.01912222380727
M7,45.9218010374592,49.330027742565505,4.748171219975298
M8,5.3440844421132025,5.397227252370152,89.25868830551664
M9,85.05704448472838,4.80681651827681,10.13613899699481
M2,69.2613316870702,18.801612357716923,11.93705595521288
M3,6.0462248814597785,76.145914471146,17.80786064739422
M4,16.69275819728724,22.745279028198954,60.5619627745138
M6,19.096326906132074,41.13850461584055,39.76516847802737
M9,84.8160470650232,5.009213457115859,10.174739477860943
M10,5.555277406707204,80.89454743042815,13.550175162864647
M2,69.24784943657161,18.209266253048746,12.542884310379641
M3,6.140992933455847,74.85288611586496,19.00612095067919
M4,16.31216082404383,21.518591609852272,62.1692475661039
M6,18.976249257416168,39.53111938092452,41.492631361659306
M8,5.079683307395147,5.195701575154052,89.72461511745081
M10,5.662534423962358,79.82075851931388,14.51670705672376
M2,68.71382233914571,19.05810676074091,12.228070900113384
M3,5.914459530958031,76.09984696361519,17.98569350542678
M4,16.29090519974528,22.670721447661226,61.038373352593496
M6,18.690978227243367,41.1387964625324,40.17022531022424
M8,5.1456527778661005,5.556009874981587,89.29833734715231
M9,84.46156211588327,5.090566004949902,10.44787187916683
M2,70.4075464432582,18.121452719776446,11.471000836965356
M3,6.362161925509678,75.92214109771108,17.715696976779242
M4,17.48300176003304,22.546116285344834,59.97088195462213
M6,19.952753007665066,40.75466871364489,39.292578278690044
M7,46.293507573254594,49.15574215390632,4.550750272839089
M10,5.844350102936456,80.67027223067899,13.48537766638455
M2,69.45325480388858,19.102952617641392,11.443792578470024
M3,6.027180491408682,76.97518597818399,16.997633530407327
M4,17.112811366444888,23.570989697384285,59.31619893617083
M6,19.337089514498544,42.180720438882325,38.48219004661913
M7,44.76971189308102,50.78105397854994,4.449234128369035
M9,85.14830679075735,5.08779061750955,9.763902591733103
M2,69.78482893273585,18.520041304167357,11.695129763096794
M3,6.182583085411347,76.10710655092544,17.71031036366321
M4,17.06940536803581,22.72196251275314,60.20863211921106
M6,19.489235400969353,41.04768808623108,39.463076512799574
M7,45.53013696089767,49.86697285837402,4.602890180728309
M8,5.440630775854468,5.618617300932129,88.9407519232134
M2,67.74207962087897,19.765346905941684,12.492573473179348
M3,5.657971907047928,76.51504042237478,17.826987670577296
M4,15.768337056123762,23.05747639078528,61.17418655309096
M5,43.428274367836075,34.31224088819496,22.25948474396897
M9,83.91522934073778,5.31891554908339,10.76585511017883
M10,5.195328411300408,81.24819400371197,13.556477584987618
M2,67.82602266867713,19.183335210755807,12.990642120567067
M3,5.753532421208206,75.43264571296262,18.81382186582917
M4,15.51628520098836,21.999134697721566,62.48458010129007
M5,43.516982238912355,33.33349761354338,23.149520147544266
M8,4.8184099674608785,5.29480596388496,89.88678406865417
M10,5.299818438160685,80.34706232800576,14.353119233833553
M2,66.99600728400623,20.134520820513345,12.86947189548043
M3,5.501430033464489,76.48611733330436,18.01245263323115
M4,15.259317308218767,23.030082350001372,61.71060034177986
M5,42.59326252228384,34.67433471766924,22.732402760046924
M8,4.789944463077018,5.587881498813199,89.62217403810978
M9,83.40857104544371,5.441060425510986,11.150368529045306
M2,68.56814276881975,19.341124868523075,12.090732362657171
M3,5.85345288048904,76.51257007585103,17.633977043659925
M4,16.330907007881105,23.086994077070745,60.58209891504815
M5,44.36766730246076,33.89019267934831,21.74214001819093
M7,44.057273421934816,51.259089008682714,4.683637569382469
M10,5.373120841510462,81.22250523712168,13.404373921367863
M2,66.96269705064965,20.784900019286283,12.252402930064065
M3,5.420020078685526,77.70077811009214,16.87920181122233
M4,15.600227501487042,24.308889410347472,60.090883088165484
M5,42.571129199570535,35.78324333341106,21.645627467018407
M7,41.828852868955565,53.55631739097868,4.614829740065758
M9,83.71304854640465,5.635034446442302,10.651917007153049
M2,67.58212582407965,19.96990058201751,12.447973593902837
M3,5.617634150669244,76.74045970284446,17.641906146486292
M4,15.731192046685965,23.305139945854123,60.963668007459916
M5,43.24966600012522,34.60954125785529,22.140792742019492
M7,42.910659993976346,52.322434902437415,4.7669051035862395
M8,4.975916061306395,5.7104338748122085,89.3136500638814
M2,67.58083373575003,20.21523032514568,12.203935939104287
M3,5.5836728387177414,77.22511491396612,17.19121224731613
M4,15.87000343720518,23.815794258843344,60.314202303951475
M5,43.26960884085426,35.02201720614953,21.70837395299621
M6,18.010529309368767,42.718461014562834,39.2710096760684
M10,5.102920733674575,81.85492098976101,13.042158276564408
M2,66.52440182121565,21.274129057336886,12.201469121447467
M3,5.273752684019849,78.20034535814631,16.525901957833838
M4,15.477554923087185,24.81081141102808,59.71163366588473
M5,42.092497626139725,36.45475993049457,21.452742443365707
M6,17.3875662806379,44.10743983330282,38.50499388605928
M9,83.5394766484684,5.797694623181987,10.66282872834962
M2,66.75209753827858,20.578308459449964,12.66959400227146
M3,5.414638452400039,77.09142345901445,17.49393808858551
M4,15.2877954775156,23.64409230128918,61.06811222119522
M5,42.329633539596216,35.34189643424853,22.32847002615525
M6,17.43646842715012,42.612532254033546,39.950999318816336
M8,4.835161227578912,5.781531754850814,89.38330701757027
M2,66.1865601993329,21.920003721461306,11.893436079205792
M3,5.145121482552842,79.05799902248391,15.79687949496325
M4,15.527593973904251,25.78694393914273,58.685462086953024
M5,41.73059768763273,37.44623643657323,20.82316587579404
M6,17.25007699812026,45.32760698515313,37.422316016726604
M7,40.405383066007396,55.21829904960262,4.376317884389984
M1,39.20006706188248,32.515508012680165,28.284424925437357
M6,21.540038982567403,37.15450347127824,41.30545754615435
M7,50.21316404722059,44.98611540964742,4.800720543131995
M8,5.775230467841325,4.878568708375698,89.34620082378298
M9,86.38439379156816,4.07451252867935,9.541093679752493
M10,6.685563738413663,78.23366013213038,15.080776129455955
M1,38.24046661766844,33.35783979556911,28.40169358676245
M5,48.23927759473454,29.85049917754812,21.910223227717342
M7,48.984691562952435,46.190294695297446,4.825013741750119
M8,5.618376066630578,4.980219654672023,89.4014042786974
M9,85.97117671753576,4.2664345658406635,9.762388716623581
M10,6.412009005230389,78.73222633023875,14.855764664530867
M1,35.742227713178465,35.40212824044373,28.855644046377805
M5,45.981327687550966,31.55634716828259,22.462325144166446
M6,19.490348223648883,39.141382331540804,41.368269444810316
M8,5.235795365090678,5.141898412655149,89.62230622225417
M9,84.93410221791746,4.666291127271292,10.399606654811251
M10,5.856556797858079,79.57004198438919,14.573401217752732
M1,38.31160106714612,34.27764016757654,27.410758765277336
M5,48.25383174193782,30.64171871435549,21.104449543706686
M6,21.007599715646233,39.06669776317496,39.925702521178806
M7,48.377513887909714,47.01536138515731,4.607124726932973
M9,86.17566232974573,4.386818433045065,9.437519237209202
M10,6.328332006500933,79.5700923207569,14.101575672742172
M1,38.25923400543297,33.487320851052125,28.253445143514902
M5,48.23991153770356,29.980137302941177,21.77995115935526
M6,20.907028649971167,38.05996064382082,41.03301070620801
M7,48.299040558260934,46.91047731343124,4.790482128307829
M8,5.641433504555755,5.028421941292855,89.33014455415139
M10,6.395623063355418,78.86192240630201,14.74245453034257
M1,37.387438033507635,34.91998114250759,27.692580823984777
M5,47.268037639100086,31.330693286766607,21.401269074133307
M6,20.367172365849193,39.54691752105664,40.08591011309416
M7,47.43315783171406,47.90820416468649,4.6586380035994495
M8,5.611340135865585,5.322405388383056,89.06625447575135
M9,85.72533036731532,4.555328739436366,9.719340893248312
M1,38.20068961038516,33.28725046241572,28.512059927199118
M4,17.857511548711845,20.440122475818722,61.702365975469434
M7,49.00373330536792,46.150287292133534,4.845979402498543
M8,5.594237106238251,4.947313433521016,89.45844946024073
M9,85.91915805425448,4.258918897054066,9.821923048691453
M10,6.414548345402122,78.6482630882439,14.937188566353981
M1,36.333532682174656,34.39970636176679,29.266760956058555
M4,16.743337242369773,20.831184546562568,62.425478211067656
M6,19.588325461792344,38.509213731550666,41.90246080665698
M8,5.2038331859140285,5.004533038667973,89.791633775418
M9,84.94916177256334,4.577186564778395,10.473651662658263
M10,5.9476760674205575,79.13230407318046,14.920019859398977
M1,38.51065762705306,34.232013770315156,27.257328602631787
M4,18.371495544613058,21.448153592142546,60.1803508632444
M6,21.15013168185435,39.081983082172634,39.76788523597302
M7,48.39645701099049,47.03186448705261,4.571678501956903
M9,86.29051022611564,4.361550682681418,9.347939091202939
M10,6.349643438536935,79.60566321078002,14.044693350683048
M1,38.23316749840477,33.3811370053622,28.385695496233033
M4,17.911721537562514,20.546386187344105,61.54189227509338
M6,20.88833880517858,37.90983391316573,41.201827281655696
M7,48.96682160639955,46.2117936015861,4.821384792014349
M8,5.620053155991294,4.986131296532201,89.39381554747649
M10,6.40785652309121,78.75110745354235,14.841036023366442
M1,37.80386403329444,34.63471327866817,27.56142268803739
M4,17.935607444966788,21.571603246378444,60.492789308654764
M6,20.647561359790895,39.34138102538443,40.01105761482467
M7,48.35191111960708,47.004885030061494,4.643203850331425
M8,5.690055147349265,5.314999989363941,88.99494486328679
M9,85.93068223841954,4.4796193777222735,9.589698383858192
M1,35.238740211514184,35.15574172881646,29.605518059669357
M4,15.995623497849778,21.33681099011271,62.66756551203751
M5,44.69082346166842,32.18521498990722,23.123961548424354
M8,4.953498727684376,5.1242287450843715,89.92227252723126
M9,84.2281399065737,4.8627961924068455,10.909063901019453
M10,5.587997332783969,79.68753708905852,14.724465578157506
M1,37.01645870114371,35.201554778668694,27.781986520187594
M4,17.481199034955164,21.82036393724506,60.69843702779977
M5,46.86847991546343,31.62942542915402,21.50209465538255
M7,46.9959244644273,48.32604805679856,4.6780274787741405
M9,85.54445754151561,4.631482715828545,9.824059742655843
M10,5.988353639798726,80.01551858886359,13.996127771337683
M1,36.887558805339545,34.40766125074969,28.704779943910765
M4,17.159564920352107,21.03995348013109,61.8004815995168
M5,46.76766276447205,30.983398160242256,22.248939075285694
M7,47.346814451069044,47.771705571343595,4.881479977587361
M8,5.367315170554575,5.098466962777858,89.53421786666756
M10,6.045541754779268,79.30150980555962,14.652948439661117
M1,35.98931721057291,35.77065391398903,28.24002887543805
M4,16.804737409258603,22.05046334227142,61.14479924846997
M5,45.66337628302447,32.378043812692695,21.958579904282836
M7,45.76764745749343,49.45885951454002,4.773493027966545
M8,5.302297834529799,5.382156926695238,89.31554523877497
M9,84.95179256770207,4.828689395556468,10.21951803674146
M1,35.16010469405422,36.846781827738695,27.993113478207093
M4,16.494696133492734,22.714228558503656,60.791075308003606
M5,44.83964130029125,33.33625615456335,21.8241025451454
M6,18.896889733457634,41.13969990995602,39.96341035658634
M9,84.63452555524638,5.054965766020603,10.310508678733013
M10,5.496254752489414,80.88684147668828,13.616903770822304
M1,35.05585496248404,35.01897477317838,29.925170264337588
M4,15.794500003843948,21.198606493686437,63.00689350246961
M5,44.4109467367491,32.19243153129291,23.396621731957985
M6,18.47876579600889,39.21930168426722,42.30193251972389
M8,4.872741738636785,5.070322374469189,90.05693588689402
M10,5.546365355458461,79.57313836848742,14.880496276054117
M1,34.12175184601013,37.11688985227589,28.761358301713983
M4,15.808207308381952,22.55189728318627,61.63989540843178
M5,43.73940808318562,33.73329187771302,22.527300039101355
M6,18.200975827805458,41.076597806545806,40.722426365648744
M8,4.9572165087347,5.486250893266912,89.55653259799838
M9,83.98026355308235,5.183520828382241,10.836215618535407
M1,36.67830816943739,36.273951584070524,27.047740246492083
M4,17.72456579338195,22.461538308106093,59.813895898511966
M5,46.97748090106478,32.09431488969971,20.92820420923551
M6,20.236965687485036,40.55575398530832,39.20728032720664
M7,46.769013132229574,48.7091621376747,4.521824730095723
M10,5.948783004655107,80.54792028547719,13.503296709867698
M1,35.839411428946136,37.4258308521805,26.73475771887336
M4,17.179713538762464,23.547270820895005,59.273015640342535
M5,45.530001052924895,33.712314838154256,20.75768410892085
M6,19.41441366851111,42.117951449702424,38.46763488178646
M7,44.90436652363941,50.65272518347233,4.442908292888262
M9,85.20867309637302,5.063323012130188,9.728003891496794
M1,36.32840449132502,36.133284051752895,27.538311456922088
M4,17.04707536704535,22.688188883327157,60.26473574962749
M5,45.765605087450474,32.87323030878807,21.36116460376146
M6,19.483413576876764,40.99592938188235,39.520657041240895
M7,45.54847631592015,49.840071104019806,4.611452580060046
M8,5.432788543018449,5.604223865683834,88.96298759129772
M1,38.335016964960325,33.86550074358018,27.799482291459498
M3,6.913490284251065,74.2452454411775,18.84126427457143
M7,48.34485909320875,46.969326156431464,4.685814750359789
M8,5.732814569125359,5.159263023171612,89.10792240770303
M9,86.12254940613524,4.325890327769453,9.551560266095311
M10,6.36256254247529,79.23196833233396,14.405469125190749
M1,36.376153653581405,36.001122083074335,27.62272426334426
M3,6.4222277701767085,75.43811160948505,18.139660620338248
M6,19.97112043164646,40.144174287041075,39.88470528131247
M8,5.526880583238332,5.435654107695124,89.03746530906653
M9,85.46398048444426,4.702517365669185,9.833502149886552
M10,5.907309951961831,80.26585673200546,13.826833316032705
M1,38.07631984407862,35.3313307145801,26.592349441341284
M3,6.71719216674304,75.6594406385033,17.623367194753655
M6,20.897564880368304,40.322770634104266,38.77966448552743
M7,47.713125501642544,47.86663093611511,4.420243562242348
M9,86.22674949099961,4.5536028244876405,9.21964768451275
M10,6.165384540130361,80.4214230760119,13.413192383857734
M1,38.253898525446125,34.46217206358171,27.283929410972164
M3,6.839501503388871,74.83061265422528,18.32988584238585
M6,20.9770718387611,39.279454101173485,39.74347406006541
M7,48.389869015635675,47.032702252115385,4.57742873224894
M8,5.801872064021669,5.330827836685021,88.86730009929332
M10,6.296355478332161,79.71657011634512,13.987074405322716
M1,37.490670871410046,35.87808719160471,26.63124193698524
M3,6.537509729132625,76.00634503209199,17.45614523877539
M6,20.505327943836637,40.795866846447964,38.6988052097154
M7,46.9683104876391,48.60594624740907,4.4257432649518265
M8,5.80498542223569,5.668497882933752,88.52651669483056
M9,85.96777494873749,4.682713965575209,9.349511085687306
M1,36.02638205360651,35.87849193756258,28.09512600883091
M3,6.130808804497956,75.74157444843206,18.12761674706998
M5,45.39839460710705,32.76311230160083,21.838493091292122
M8,5.29445820411969,5.470756933172581,89.23478486270773
M9,84.86622000382866,4.911712610391823,10.222067385779518
M10,5.63706463807113,80.55698151918683,13.805953842742042
M1,36.645913732916654,36.31416213422909,27.039924132854253
M3,6.371719880432339,76.03641051421114,17.59186960535652
M5,46.589739517498536,32.48154264135388,20.92871784114758
M7,46.31248774475192,49.17354974691582,4.513962508332263
M9,85.58735471909543,4.785120980563418,9.627524300341152
M10,5.851151620440634,80.7621544285915,13.386693950967867
M1,37.140289862032176,35.23419134582385,27.62551879214397
M3,6.528186194876936,75.22334830900682,18.24846549611624
M5,46.99454238694619,31.638019372733595,21.36743824032021
M7,47.07543129601296,48.27996205175346,4.644606652233584
M8,5.579508525036334,5.396084697827755,89.02440677713591
M10,6.007409682623629,80.07737462984133,13.915215687535039
M1,36.469770367968884,36.30272380969999,27.227505822331125
M3,6.144483073502307,76.41488273085875,17.44063419563895
M5,45.69915420054461,33.201126601332554,21.099719198122834
M7,45.31788631851821,50.14168157502449,4.5404321064572954
M8,5.48930755908663,5.705669738904753,88.80502270200861
M9,85.18678168571836,4.9642695929359855,9.848948721345657
M1,35.20911532639345,38.34939092333526,26.441493750271285
M3,5.863848530120374,77.5891090324485,16.547042437431116
M5,44.80943679570158,34.6216141751659,20.56894902913252
M6,19.00844631661517,43.041224228082974,37.95032945530186
M9,84.96445977146746,5.269584942847752,9.765955285684788
M10,5.366450480796607,82.09234705955078,12.541202459652624
M1,35.554788677326,37.25619645584942,27.18901486682458
M3,6.024319701497804,76.66195807683248,17.31372222166972
M5,45.22996863427714,33.62725430110783,21.142777064615025
M6,19.192564208483645,41.796471188320915,39.01096460319544
M8,5.416055667624813,5.779940578757894,88.8040037536173
M10,5.526490041861759,81.32263467989327,13.150875278244968
M1,34.693216101432945,38.733785296867545,26.572998601699517
M3,5.73439170671693,77.76037990731648,16.50522838596659
M5,44.24479316992336,35.04177358557359,20.71343324450305
M6,18.672861878268325,43.326230259591945,38.000907862139734
M8,5.390258921095467,6.123398174344577,88.48634290455996
M9,84.6892119534964,5.383034225541147,9.927753820962456
M1,36.16624557132172,37.890202586055956,25.943551842622327
M3,6.094775079199787,77.48588962764444,16.41933529315577
M5,45.84676896703167,34.05344366114955,20.099787371818778
M6,19.67826853599807,42.8260284014719,37.495703062530026
M7,44.91126518946259,50.81602424098785,4.2727105695495595
M10,5.575247456766797,81.98054043420777,12.444212109025429
M1,34.48503663870776,39.954586253614075,25.56037710767817
M3,5.601315276477626,78.80160133532011,15.597083388202265
M5,43.956947309285525,36.13091671696593,19.912135973748548
M6,18.59948333972179,44.77878321133049,36.62173344894772
M7,42.54730062558452,53.27072472355696,4.181974650858521
M9,84.79028071975276,5.593563079237938,9.616156201009304
M1,35.369191417230454,38.71228099236866,25.918527590400885
M3,5.849265338962393,77.98364085540868,16.167093805628923
M5,44.96623945752081,34.894144083844445,20.139616458634748
M6,19.161380723932954,43.54654956247363,37.29206971359342
M7,43.871996461920894,51.86318809301065,4.264815445068457
M8,5.612252739775846,6.246280895273596,88.14146636495056
M1,36.08435204177675,35.820907690896995,28.09474026732626
M3,6.271031704077215,75.40477556388306,18.32419273203972
M4,16.959494956064887,22.036522312147344,61.00398273178777
M8,5.3564348805674555,5.392583869117625,89.25098125031491
M9,85.09378894194629,4.792734996356953,10.113476061696762
M10,5.771470471639724,80.2582215402908,13.970307988069464
M1,37.45206069910699,35.72396210689197,26.823977194001046
M3,6.545097077631781,75.83590840047643,17.618994521891793
M4,17.96665448610801,22.495882082280406,59.537463431611584
M7,47.03593184965139,48.49574825073516,4.468319899613448
M9,85.91639419811844,4.663545698024434,9.420060103857127
M10,6.0111780934503045,80.58044299165711,13.408378914892594
M1,37.53852035970168,34.93511714232373,27.52636249797459
M3,6.642348981388433,75.05604777924958,18.30160323936198
M4,17.81224615404525,21.75926131475855,60.4284925311962
M7,47.54127343259943,47.835215887948934,4.623510679451634
M8,5.65755742652653,5.364262994228433,88.97817957924505
M10,6.11172429589682,79.93003944438512,13.958236259718063
M1,36.68869022487248,36.354316604850816,26.956993170276704
M3,6.376063517954801,76.0941002955618,17.529836186483394
M4,17.610417236537128,22.740204041597003,59.649378721865865
M7,46.32004887485769,49.18428012898534,4.495670996156967
M8,5.6487983327728095,5.66087422067155,88.69032744655564
M9,85.62171795385487,4.7874378983249555,9.590844147820174
M1,36.1084610132837,37.94298685662459,25.948552130091706
M3,6.078442248212903,77.51583921496123,16.40571853682586
M4,17.53290700039891,24.178276775235684,58.288816224365405
M6,19.639848641819274,42.871453617541356,37.488697740639374
M9,85.48553645938102,5.113772973845645,9.400690566773331
M10,5.560236170674495,82.00718804037096,12.432575788954537
M1,36.66656141898613,36.46136403467177,26.872074546342105
M3,6.192148464220385,76.59118977867814,17.216661757101477
M4,17.344839226470942,23.233255132583835,59.421905640945226
M6,19.673395309789036,41.64797598582469,38.67862870438627
M8,5.583256291387733,5.794490089907653,88.62225361870462
M10,5.679528155024859,81.23981694046941,13.080654904505735
M1,35.72298964501923,38.261406594512025,26.01560376046875
M3,5.973245426447725,77.68378500702048,16.342969566531806
M4,17.314942479946517,24.346650026933325,58.33840749312015
M6,19.380500009289857,43.13120473445487,37.48829525625527
M8,5.650180940100702,6.157961773448184,88.19185728645112
M9,85.29157400897006,5.202910729070566,9.505515261959374
M1,37.471675263667855,37.16165329830641,25.366671438025733
M3,6.325623420650379,77.47341743910185,16.200959140247775
M4,18.25395543715598,24.167377602540437,57.57866696030358
M6,20.374462060244937,42.71418630421462,36.91135163554044
M7,45.86987439598734,49.982388086145576,4.147737517867085
M10,5.785912254144085,81.93538318768837,12.278704558167547
M1,36.30647076332453,38.70863685753076,24.984892379144704
M3,6.052515462380185,78.31503012913963,15.632454408480186
M4,17.909157697457406,25.068967175746824,57.02187512679578
M6,19.828481005940287,43.92809701141912,36.24342198264059
M7,44.57282016174799,51.3586501947093,4.0685296435427105
M9,85.75763242225572,5.215107673394754,9.02725990434952
M1,36.66901992347981,38.110177234905,25.22080284161519
M3,6.175910665200014,77.87907009620055,15.945019238599443
M4,18.046149184680758,24.586812405160547,57.3670384101587
M6,20.056662858283595,43.298765915911844,36.644571225804555
M7,45.15487184183692,50.725820470902065,4.1193076872610135
M8,5.950821855267981,6.295713905407883,87.75346423932415
M1,34.64069258948758,38.262154485965354,27.097152924547075
M3,5.764013273105184,77.29597678353254,16.940009943362284
M4,16.468887911065725,23.905584646509503,59.625527442424776
M5,44.21477035350415,34.645035439656,21.14019420683985
M9,84.55940976308382,5.3167881341976955,10.123802102718484
M10,5.277352573734253,81.87575068660459,12.846896739661162
M1,34.78122812410067,37.18311038162417,28.035661494275168
M3,5.878843819279994,76.32383220737029,17.79732397334972
M4,16.303987715432832,22.90376874645946,60.7922435381077
M5,44.42385361387546,33.697304395435104,21.878841990689438
M8,5.163309019545275,5.625497604826205,89.21119337562851
M10,5.399515601944356,81.06482755788771,13.535656840167931
M1,33.98869200939415,38.583592514677235,27.427715475928608
M3,5.611506665480555,77.37144346324199,17.01704987127745
M4,16.056446538355253,23.96110278776291,59.98245067388183
M5,43.502902828080614,35.03825037250709,21.458846799412292
M8,5.138986404664572,5.94195822290126,88.91905537243416
M9,84.17055420303728,5.444783944504896,10.384661852457821
M1,35.61255845455576,37.92473262996439,26.462708915479844
M3,5.974020752218336,77.31612100629975,16.70985824148191
M4,17.130063543746818,23.952678126806457,58.917258329446724
M5,45.267952534515366,34.167459236269714,20.56458822921492
M7,44.47289983514532,51.14249015826456,4.384610006590123
M10,5.477718492687302,81.85402748886118,12.66825401845152
M1,34.025652772907385,39.7516999821128,26.22264724497981
M3,5.530764663271527,78.45557844650526,16.013656890223217
M4,16.395903028235328,25.14738423648123,58.456712735283446
M5,43.485182670443535,36.0340679152026,20.480749414353866
M7,42.290776269817904,53.38759351187102,4.321630218311078
M9,84.42973308228471,5.61277087010126,9.957496047614027
M1,34.756790111468476,38.5940678585607,26.649142029970825
M3,5.757187091084666,77.6532251749067,16.589587734008646
M4,16.649308379122854,24.264147376433943,59.0865442444432
M5,44.32003709235603,34.90988181144509,20.77008109619888
M7,43.437618248490445,52.14285609185286,4.419525659656692
M8,5.387429552789671,6.086031612128786,88.52653883508154
M1,34.71389643326915,40.61218016119315,24.673923405537693
M3,5.593520646712658,79.46448607734703,14.941993275940305
M4,17.170654188825623,26.367610838787673,56.46173497238671
M5,44.17268687735059,36.6418357104192,19.185477412230206
M6,18.808366498825293,45.6953210020019,35.49631249917281
M10,5.09390100017176,83.64200865227069,11.264090347557556
M1,33.86505698444452,41.36172940921142,24.773213606344058
M3,5.386770000763195,79.81630506593014,14.79692493330667
M4,16.692651407461604,26.769313322125775,56.53803527041263
M5,43.22418383041102,37.4398791132316,19.33593705635738
M6,18.24783762997773,46.28248622854533,35.46967614147693
M9,84.64753211396926,5.873101664015641,9.479366222015097
M1,34.394614880767605,40.786671457056194,24.8187136621762
M3,5.521302410131861,79.50899134342347,14.969706246444659
M4,16.96114738188692,26.409246395351197,56.629606222761886
M5,43.81488498968964,36.861079816833005,19.324035193477357
M6,18.588973656775853,45.789745646119,35.62128069710515
M8,5.660759061497626,6.82392166822728,87.51531927027509
M1,33.297591262433784,42.929907237241544,23.772501500324672
M3,5.172031262914859,80.95529522444946,13.872673512635686
M4,16.67257561890099,28.237793562464688,55.08963081863432
M5,42.55180927265861,38.89110011913726,18.557090608204128
M6,17.939675834166632,48.048042825685464,34.0122813401479
M7,40.19393379405608,56.00023110460173,3.80583510134219
M1,40.22871659269523,32.5889758533066,27.18230755399817
M2,73.4748580889935,15.612104511539796,10.913037399466704
M7,50.8935581156522,44.545707003793126,4.560734880554676
M8,6.123920650997185,5.0611144007059385,88.81496494829689
M9,86.99250903777624,4.013715084308927,8.993775877914828
M10,6.89823461060974,78.57909281927694,14.522672570113329
M1,37.94252318401582,34.6488054312034,27.40867138478078
M2,71.52128635331508,17.121854430295578,11.356859216389346
M6,20.745724345335393,39.41272008468906,39.84155556997555
M8,5.737120790943616,5.343579344962973,88.9192998640934
M9,86.01475848713736,4.473946071303508,9.511295441559135
M10,6.217269728675485,79.79346192028002,13.989268351044487
M1,40.79004810330471,33.10588218435124,26.10406971234405
M2,73.87223560468959,15.728270869858656,10.399493525451751
M6,22.7721651738761,38.48792746567437,38.73990736044953
M7,50.95887602029799,44.71572620156497,4.325397778137038
M9,87.39038394743245,4.045065265855265,8.564550786712282
M10,6.940466070986713,79.22327996426058,13.8362539647527
M1,40.269711787392694,33.00839437123144,26.721893841375866
M2,73.48110374405587,15.803835464407552,10.715060791536576
M6,22.38406847292174,38.15641826249177,39.45951326458649
M7,50.652793163051065,44.889715860457,4.457490976491933
M8,6.226557199108321,5.191066738143251,88.58237606274842
M10,6.850436861280902,78.98448382139765,14.165079317321457
M1,40.06597234838766,33.69488821255539,26.23913943905695
M2,73.28263360280751,16.16145082044718,10.555915576745313
M6,22.27851312703066,38.961694121140305,38.75979275182903
M7,50.09941979405343,45.548869548237086,4.351710657709482
M8,6.293808051191103,5.382243628670588,88.3239483201383
M9,87.09857458810491,4.169187047752848,8.732238364142242
M1,36.25524902104442,35.86604802920067,27.87870294975491
M2,70.46469356345557,17.764815199814493,11.770491236729939
M5,46.58667813825697,31.778663048297812,21.634658813445217
M8,5.471685494098188,5.36596596700893,89.16234853889289
M9,85.39214296160092,4.676515635006937,9.931341403392139
M10,5.922831676087005,80.06566667233568,14.01150165157732
M1,40.10621118035888,33.41618242175542,26.477606397885694
M2,73.32847766526339,16.023211764634503,10.648310570102105
M5,50.13355890471002,29.635489958444587,20.23095113684539
M7,50.29416129698695,45.30184444020373,4.40399426280932
M9,87.06574709039752,4.132502221916666,8.80175068768581
M10,6.763705749455243,79.31368776060972,13.922606489935035
M1,39.48617294538628,33.42932303423282,27.084504020380898
M2,72.84268907713565,16.175874491653232,10.981436431211122
M5,49.497302955552954,29.746927981675963,20.755769062771083
M7,49.848362074977665,45.61676662504909,4.534871299973247
M8,6.029726801896745,5.207991525836886,88.76228167226637
M10,6.649664604811478,79.14155886927061,14.208776525917912
M1,38.87795509217932,34.33985649207623,26.78218841574445
M2,72.30612690038667,16.748976558421756,10.944896541191572
M5,48.838794163093276,30.597189345161386,20.56401649174534
M7,48.44859073661968,47.08668861315927,4.464720650221054
M8,5.993695590924263,5.400675988528519,88.60562842054722
M9,86.50958703839369,4.364582780958712,9.125830180647597
M1,36.85166098127145,36.513930823147604,26.634408195580946
M2,70.59524852675752,18.219737794511207,11.185013678731277
M5,46.75278071984159,32.65923499878657,20.58798428137184
M6,20.150735840028982,41.26722795245766,38.582036207513354
M9,85.74041235007628,4.804796842861998,9.45479080706172
M10,5.855994017384075,81.01000053508737,13.134005447528551
M1,36.560475733890804,36.18782535311436,27.251698912994833
M2,70.59056594267754,17.944991839945498,11.46444221737696
M5,46.72701089532501,32.17035984649116,21.102629258183832
M6,20.078656502275514,40.50370631316986,39.41763718455462
M8,5.608639069812107,5.5397120934402935,88.85164883674759
M10,5.905790435410195,80.50880519035186,13.585404374237939
M1,36.64756559232607,36.44185988611803,26.9105745215559
M2,69.94167143552599,18.655818362359398,11.402510202114613
M5,45.97365891276218,33.195241375845406,20.83109971139241
M6,19.6660015413853,41.60459380963759,38.72940464897711
M8,5.576427083535538,5.779220566534786,88.64435234992968
M9,85.36839838822397,4.945358740775461,9.686242871000573
M1,40.21603511686104,34.078430326452064,25.705534556686892
M2,73.38455239419272,16.30006356436185,10.315384041445427
M5,50.20748855758263,30.176639173540075,19.615872268877297
M6,22.42538665441088,39.499187116093545,38.07542622949557
M7,49.98788642224751,45.77436471810569,4.2377488596468
M10,6.703293557948789,79.94118071096128,13.35552573108994
M1,39.70828280113007,34.879032523512834,25.4126846753571
M2,72.93027116206666,16.80322042321448,10.26650841471886
M5,49.63580995398096,30.94238964269549,19.42180040332355
M6,22.090626770313744,40.34866315233974,37.56071007734651
M7,48.583905833315775,47.24202092349477,4.174073243189454
M9,87.10875938597201,4.3558055411509295,8.535435072877064
M1,39.18767281271419,34.9459452598661,25.86638192741971
M2,72.5187530778596,16.95422960067802,10.527017321462381
M5,49.114351873730904,31.06949624712478,19.816151879144318
M6,21.707939261743984,40.23339559048022,38.05866514777579
M7,48.54014571307759,47.192419871888454,4.267434415033954
M8,6.230656666349995,5.6485563398187075,88.12078699383129
M1,37.143713403089315,35.04420577649861,27.812080820412078
M2,70.82773631607624,17.512631661102617,11.659632022821143
M4,17.526990527439505,21.73657116908826,60.73643830347223
M8,5.552061685250488,5.331167755897535,89.11677055885197
M9,85.59539147104692,4.594449588721829,9.810158940231247
M10,6.028116952948576,79.91529679879066,14.056586248260757
M1,39.97103160714638,33.75312283796018,26.275845554893444
M2,73.20529670532335,16.210196736092364,10.584506558584287
M4,19.408851357938808,21.539664770403668,59.05148387165753
M7,49.997956137575294,45.642738617518205,4.359305244906501
M9,87.05516445067428,4.184057629903599,8.760777919422118
M10,6.69423491470823,79.5798071277769,13.725957957514865
M1,39.4485714446493,33.63280181927273,26.918626736077968
M2,72.80084828782624,16.281701088539165,10.917450623634593
M4,18.94494352039816,21.224888036515537,59.83016844308631
M7,49.69808686537862,45.80398374059105,4.497929394030329
M8,6.055507111156252,5.267477123173418,88.67701576567033
M10,6.616990315345763,79.316054585161,14.066955099493242
M1,39.18872550208154,34.32728272275979,26.48399177515867
M2,72.55464567786133,16.661562946637968,10.783791375500702
M4,18.94324634513537,21.805641902967484,59.25111175189714
M7,48.478941114056376,47.11884238804073,4.4022164979028915
M8,6.1013563665570105,5.449306569727944,88.44933706371505
M9,86.69690121588825,4.335059524820822,8.968039259290933
M1,37.795377009710485,36.1237039136139,26.080919076675613
M2,71.3035692813837,17.871346588403767,10.825084130212531
M4,18.347438582358397,23.04328761751265,58.60927380012896
M6,20.74088546986866,41.224819521683536,38.034295008447806
M9,86.20173124195824,4.689829766638201,9.108438991403556
M10,6.029177907138763,81.01008386761093,12.96073822525031
M1,37.54386653965715,35.62821833309126,26.827915127251586
M2,71.13801934626386,17.691100582897764,11.170880070838376
M4,18.013261349037784,22.436260377050534,59.55047827391169
M6,20.512497051804164,40.51114102131814,38.9763619268777
M8,5.777249196702232,5.592747432850577,88.6300033704472
M10,6.038168939812776,80.52437975865176,13.43745130153546
M1,37.07200219589839,36.701780719870214,26.226217084231394
M2,70.83808901465775,18.18958628026702,10.972324705075227
M4,18.02787628075008,23.2140754840398,58.758048235210126
M6,20.36210102399426,41.51010665593067,38.12779232007507
M8,5.847980693497443,5.836446266088928,88.31557304041362
M9,85.94354357932137,4.791427306374024,9.265029114304605
M1,40.342381667499446,34.506368039758975,25.15125029274158
M2,73.44752230753252,16.480277567088162,10.072200125379315
M4,19.95652436999617,22.44369177910191,57.599783850901915
M6,22.546553860834386,40.10659776438096,37.34684837478465
M7,49.8100611143889,46.070273199881726,4.119665685729373
M10,6.672866106596595,80.34662941276483,12.980504480638572
M1,40.24396050733052,34.99811732786467,24.75792216480481
M2,73.35209372713969,16.724511816417916,9.923394456442395
M4,20.045689325217314,22.89381469242368,57.060495982359015
M6,22.515677914830036,40.69353412286725,36.790787962302716
M7,49.4774557694657,46.488126169649945,4.034418060884356
M9,87.43953243252686,4.327093520527062,8.233374046946079
M1,39.77998399055932,35.087699948373654,25.132316061067023
M2,72.98389470930535,16.876804622651917,10.139300668042736
M4,19.672449730982365,22.8127253988132,57.514824870204436
M6,22.16775505455489,40.63395961956437,37.19828532588074
M7,48.61035137289682,47.27348254156034,4.116166085542837
M8,6.472155273761376,5.8193714949529864,87.70847323128564
M1,36.46822170767819,36.29637539299467,27.23540289932714
M2,69.74943572168517,18.671346001182386,11.57921827713244
M4,17.120069909696497,23.01734637747317,59.86258371283033
M5,45.721407848410024,33.172485893136844,21.10610625845313
M9,85.19409164457221,4.957897021952123,9.848011333475666
M10,5.64636534403497,81.08335830480826,13.270276351156767
M1,36.067183972270534,35.8946633349561,28.038152692773366
M2,69.57754708954096,18.444414067879457,11.978038842579586
M4,16.805060708691467,22.324079803067132,60.87085948824139
M5,45.52757023419577,32.68354756574078,21.788882200063448
M8,5.319078965528864,5.47073897822369,89.21018205624745
M10,5.6646105747174245,80.5321883243777,13.803201100904872
M1,35.05166771728616,37.2971295937695,27.651202688944338
M2,68.8540458896582,19.19951130858362,11.946442801758185
M4,16.535095663435268,23.108032960224257,60.35687137634047
M5,44.69802359107295,33.74822803463761,21.553748374289434
M8,5.261490867430014,5.70739940083343,89.03110973173656
M9,84.64761110331344,5.137306675621701,10.215082221064861
M1,39.140139262040016,34.827659562943495,26.03220117501649
M2,72.48706083538202,16.909875521442537,10.603063643175439
M4,19.055522655847184,22.283168270979395,58.66130907317342
M5,49.07198202366629,30.977162849577127,19.950855126756586
M7,48.51990611535646,47.17041908921099,4.309674795432549
M10,6.415260050931331,80.28530341250202,13.299436536566645
M1,38.22958620791293,35.87250044348887,25.897913348598202
M2,71.67535674588171,17.641256494500663,10.683386759617623
M4,18.62203943539054,22.96945011565535,58.408510448954104
M5,48.07006897111953,32.01566155138539,19.914269477495075
M7,47.50232510291249,48.22752134904228,4.270153548045229
M9,86.41781413880614,4.616944635394276,8.965241225799588
M1,37.89518004577467,35.72698447160088,26.377835482624448
M2,71.41243379742097,17.653327635490253,10.934238567088773
M4,18.304101553915274,22.70103718001489,58.99486126606983
M5,47.74245526124383,31.93998253045012,20.317562208306047
M7,47.357132438997056,48.27013591006185,4.372731650941091
M8,5.919961366302376,5.689389023660299,88.39064961003733
M1,37.33905641121578,37.068422276763364,25.592521312020857
M2,70.4780230935562,18.787070916851185,10.734905989592612
M4,18.04714620186229,24.116062353054613,57.836791445083094
M5,46.61601198671914,33.64883573282707,19.735152280453796
M6,20.178034983628,42.68604741486736,37.135917601504644
M10,5.731884729698142,81.91100656272985,12.35710870757201
M1,36.085324337801964,38.44067071878249,25.474004943415544
M2,69.73510214577215,19.440021505995766,10.824876348232088
M4,17.663040761013384,24.66827356256525,57.668685676421376
M5,45.74938913459756,34.519419322175864,19.73119154322658
M6,19.658448032993334,43.48430199076353,36.85724997624314
M9,85.5671894656424,5.191848933338831,9.240961601018768
M1,36.1844826411191,38.0041260559821,25.811391302898805
M2,69.84112883733587,19.203328248765544,10.955542913898583
M4,17.61558466532677,24.26030372730634,58.1241116073669
M5,45.85904155626759,34.148152359458955,19.992806084273454
M6,19.699557447421327,42.97496808716931,37.325474465409364
M8,5.7614098931817,6.1551178500109724,88.08347225680733
M1,40.574174387353004,35.803213094955154,23.62261251769184
M2,73.55535147906531,17.024776461066207,9.419872059868485
M4,20.588065577972227,23.897816133888448,55.51411828813932
M5,50.4509047055086,31.590865195946627,17.958230098544774
M6,22.80732645809969,41.885776462537294,35.30689707936301
M7,48.753747926743586,47.44478390570292,3.8014681675534945
M1,36.75496258125034,36.33197707750552,26.91306034124414
M2,70.89682290434621,17.835801175281237,11.267375920372555
M3,6.501468025722279,75.82951929041197,17.66901268386576
M8,5.71609133820395,5.5978215104997995,88.68608715129625
M9,85.81320181968077,4.688107484115794,9.498690696203436
M10,5.9726545762177565,80.57824151361714,13.449103910165093
M1,39.15006740677636,34.77025440573915,26.07967818748449
M2,72.49183647385549,16.88465755905559,10.623505967088924
M3,6.9960764485836995,75.48758989825593,17.516333653160373
M7,48.515528264495856,47.16505789369314,4.319413841811006
M9,86.76392345818722,4.386098955737552,8.849977586075227
M10,6.421200265060568,80.24124772384445,13.337552011094985
M1,39.05500609350693,34.45518166367334,26.489812242819724
M2,72.44037031725699,16.753697656337827,10.80593202640518
M3,7.002245017867532,75.13313458102998,17.864620401102485
M7,48.477826479745765,47.11968221798795,4.402491302266284
M8,6.079574360296038,5.468279293349326,88.45214634635464
M10,6.437330107951103,79.94187947342196,13.620790418626939
M1,38.48904087011521,35.367371578391015,26.143587551493773
M2,71.92630832881188,17.328334768490183,10.745356902697932
M3,6.801656999847939,75.84683394389326,17.351509056258806
M7,48.506546640346976,47.163014379543675,4.330438980109349
M8,6.057724475611431,5.675646857039196,88.26662866734937
M9,86.4849137156272,4.522336018100948,8.992750266271852
M1,37.473729049420534,37.16394449447538,25.362326456104086
M2,70.71754372358656,18.68252555939761,10.59993071701583
M3,6.325151266040882,77.47798926196117,16.196859471997954
M6,20.374609218698506,42.720182760023,36.90520802127849
M9,86.08081674885466,4.9401219925233955,8.979061258621947
M10,5.785375928256181,81.9391382416903,12.275485830053512
M1,37.3432314451087,36.99423411309953,25.66253444179177
M2,70.86366026038463,18.42054591766158,10.715793821953785
M3,6.39554577882104,77.07730730279047,16.527146918388482
M6,20.442768681112028,42.18933832022138,37.36789299866659
M8,5.967733806102059,6.032098441001301,88.00016775289664
M10,5.856297831802697,81.60720014281345,12.536502025383854
M1,36.798091891728674,37.89977500911973,25.302133099151597
M2,70.37703236276361,18.981990350036238,10.640977287200148
M3,6.217261889671785,77.73233379589928,16.05040431442893
M6,20.133002819095502,43.09027772470937,36.776719456195124
M8,5.955301110213403,6.246174166375468,87.79852472341113
M9,85.92070486609286,5.039626112016715,9.039669021890422
M1,38.86348007635511,36.225239155928755,24.911280767716136
M2,72.17476793996758,17.646968099756187,10.178263960276233
M3,6.7857296079804925,76.8674680902398,16.346802301779704
M6,21.539900207180303,41.76420932229305,36.695890470526656
M7,47.76769575777781,48.16916053096421,4.063143711257979
M10,6.20000409795242,81.40010731649808,12.399888585549505
M1,37.89483374419111,37.45742016180044,24.647746094008447
M2,71.55003689695302,18.27722581070642,10.172737292340564
M3,6.5523124944865145,77.53964812834133,15.908039377172159
M6,21.072789407368873,42.71816961645297,36.20904097617816
M7,46.73780194612062,49.25403857924772,4.008159474631661
M9,86.62484782052054,4.804322747353847,8.57082943212561
M1,37.85193081030673,37.38773353079594,24.760335658897326
M2,71.67730110759233,18.11782866183673,10.204870230570943
M3,6.604149998801486,77.33868405775262,16.057165943445895
M6,21.150867346265247,42.44365089113526,36.40548176259949
M7,46.97981880819622,48.985587256173034,4.034593935630745
M8,6.3018490344629265,6.194137413722808,87.50401355181425
M1,35.890116671321294,37.837690579628116,26.27219274905059
M2,69.58146964489758,19.21676510165725,11.20176525344517
M3,6.041845347334329,77.34231310188383,16.615841550781838
M5,45.55621157067311,34.061976056524244,20.381812372802642
M9,85.32033960602446,5.121152498609609,9.55850789536593
M10,5.530875711253636,81.87139572758235,12.597728561164004
M1,36.1195137445756,37.1996405301262,26.680845725298198
M2,69.81923743489365,18.838751156548113,11.342011408558236
M3,6.142545079168294,76.81061797792124,17.04683694291046
M5,45.832987560963915,33.474429316320304,20.69258312271578
M8,5.587877272622619,5.86639813313867,88.5457245942387
M10,5.631023649020725,81.42530391966356,12.943672431315719
M1,35.32912792852065,38.27530591185317,26.395566159626185
M2,69.05139768763837,19.599797052602725,11.348805259758905
M3,5.8939752283671965,77.5570392372924,16.548985534340403
M5,44.93849040086674,34.536418465196476,20.525091133936783
M8,5.51610819890951,6.0886461115613,88.39524568952919
M9,85.02973475242598,5.245648718491882,9.724616529082137
M1,37.343769834663604,36.91888819386572,25.737341971470677
M2,71.22516231902436,18.075443368699695,10.699394312275942
M3,6.52484429202233,76.72520154719533,16.74995416078235
M5,47.5204033281353,32.6388045944113,19.8407920774534
M7,46.78774666780257,48.97294970711639,4.239303625081035
M10,5.976828023921256,81.31118441136316,12.711987564715585
M1,36.23230242585895,38.13901805983494,25.628679514306114
M2,69.87849572065495,19.252300156422056,10.86920412292299
M3,6.088352338714245,77.74246679946773,16.16918086181802
M5,45.90157008803966,34.25489338783574,19.843536524124595
M7,44.83467365065064,50.959553053227026,4.205773296122331
M9,85.60473442701853,5.130255100282605,9.265010472698867
M1,37.200892785384696,36.9370003052383,25.862106909377005
M2,70.40116977542422,18.73161401020855,10.867216214367229
M3,6.262311773184776,77.22970316325437,16.507985063560852
M5,46.5261998397029,33.51336156219265,19.960438598104453
M7,45.653628308843814,50.09650078403231,4.249870907123878
M8,5.853921233492401,6.053796562116665,88.09228220439094
M1,35.88987000563704,39.70384394101942,24.40628605334353
M2,69.47720416893905,20.132531182141417,10.39026464891953
M3,5.888921101874336,79.07398946660699,15.03708943151868
M5,45.44496507679569,35.6664316703776,18.888603252826712
M6,19.594077678171235,45.01539869645617,35.3905236253726
M10,5.354188076744851,83.2982426616989,11.34756926155626
M1,35.06896694436722,40.47061932983728,24.460413725795505
M2,68.69174800604291,20.77069884714904,10.537553146808047
M3,5.667673954874961,79.46844313590053,14.863882909224515
M5,44.540872386255266,36.47002477284991,18.989102840894823
M6,19.049369933011302,45.66747847511608,35.28315159187262
M9,85.29201841195221,5.60330941893717,9.104672169110618
M1,35.57582315549149,40.02802947207595,24.39614737243256
M2,69.17975581597358,20.38728423829396,10.43295994573246
M3,5.801426155600904,79.25328998860981,14.945283855789285
M5,45.098726418836165,35.99888279103645,18.902390790127384
M6,19.386020250718914,45.3116806749344,35.302299074346685
M8,5.936968028333537,6.798549204343302,87.26448276732316
M1,35.617869727975005,40.56015241537899,23.821977856646008
M2,69.18420440674734,20.64437122799233,10.171424365260329
M3,5.765237766414615,79.74075893998237,14.494003293603015
M5,45.13081746967475,36.427014201163246,18.442168329162
M6,19.453958159578576,46.00362024694134,34.542421593480086
M7,43.09662668838139,53.08026709592289,3.8231062156957165
M1,37.23740616903732,36.96706850903385,25.795525321928828
M2,70.44423262654729,18.724380967982356,10.831386405470354
M3,6.270813564973875,77.26248341500062,16.466703020025506
M4,17.961573346615175,23.932027039591357,58.10639961379346
M9,85.85568487049872,4.957295682327967,9.187019447173313
M10,5.73893408826955,81.7720457940756,12.48902011765486
M1,37.05780156396726,36.75498582687502,26.18721260915772
M2,70.52916861623817,18.473381807111476,10.997449576650357
M3,6.32763281822065,76.8188821746259,16.853485007153452
M4,17.88262588758005,23.469175300408928,58.648198812011024
M8,5.807556969134976,5.911425417058982,88.28101761380604
M10,5.7982114349501765,81.40484275067355,12.796945814376272
M1,36.41809397450889,37.757374024542166,25.824532000948942
M2,70.05839454595466,19.016554812872542,10.925050641172803
M3,6.157127346234348,77.44961283856097,16.393259815204686
M4,17.736337562780943,24.10986314133906,58.15379929587999
M8,5.7954659079390645,6.112933640989376,88.09160045107156
M9,85.65166895297143,5.053517636681313,9.294813410347253
M1,38.5751332057645,36.25437879471743,25.170487999518066
M2,71.93952351261233,17.733573819143285,10.32690266824439
M3,6.722013334788257,76.78814914835252,16.489837516859225
M4,19.02689169481949,23.50043763948236,57.47267066569816
M7,47.54663880074921,48.33632504430547,4.117036154945325
M10,6.152718616874973,81.33595876676559,12.511322616359436
M1,37.72626210426108,37.31245618236181,24.96128171337711
M2,71.35156307401272,18.31108335946713,10.337353566520154
M3,6.506473775993976,77.39127297507635,16.10225324892967
M4,18.74687939335483,24.10616022572407,57.1469603809211
M7,46.595177583244606,49.33255632073758,4.072266096017813
M9,86.46418906997978,4.818195733725673,8.717615196294545
M1,37.6623418001446,37.22167588681814,25.115982313037257
M2,71.46252170367002,18.14683766908138,10.390640627248601
M3,6.555102851832597,77.15779769150491,16.28709945666249
M4,18.760251446112743,23.86830430955224,57.37144424433501
M7,46.83334358753661,49.05887912631791,4.1077772861454775
M8,6.192166824815409,6.096278621666781,87.7115545535178
M1,37.289473850645656,39.884760091115055,22.82576605823929
M2,70.69211315753648,19.79876043175543,9.509126410708088
M3,6.138739501321294,79.74142151849675,14.119838980181953
M4,19.09501874334625,26.82170753887705,54.08327371777669
M6,20.631435422735294,45.83351296703308,33.535051610231626
M10,5.577221857002778,83.79190135132771,10.630876791669507
M1,36.89740492157414,39.98740242232985,23.115192656096006
M2,70.34351409119638,19.96481277321767,9.691673135585948
M3,6.057109043350456,79.67776856108217,14.265122395567374
M4,18.786359577789206,26.733519218476697,54.4801212037341
M6,20.356535805612207,45.78070789195723,33.86275630243056
M9,86.39470322754084,5.319935919833684,8.285360852625471
M1,37.27697335759904,40.0585470464364,22.664479595964558
M2,70.65151898814119,19.899628963103652,9.448852048755157
M3,6.121282029216164,79.89320207615714,13.985515894626701
M4,19.140269271045643,27.012479904171972,53.84725082478239
M6,20.63020038831817,46.05325383881361,33.31654577286822
M8,6.602074177480138,7.23627916413446,86.16164665838541
M1,38.09659146808377,39.47121215740792,22.432196374508308
M2,71.40152878224337,19.35903469352965,9.239436524226974
M3,6.343236974909559,79.63962235733425,14.017140667756195
M4,19.664964512022213,26.749029333031594,53.5860061549462
M6,21.20680047341169,45.62348966163634,33.16970986495197
M7,45.503537606359274,50.94184931528636,3.5546130783543646
M1,35.61056572809196,39.18098084612512,25.208453425782928
M2,69.27428521362282,19.943001044743934,10.782713741633248
M3,5.877781287445093,78.49066521962945,15.631553492925462
M4,17.487600475902212,25.246736448749964,57.265663075347824
M5,45.194020648482834,35.25544768460595,19.55053166691122
M10,5.361101444636356,82.82458835183833,11.81431020352531
M1,34.68605081860602,40.08167489470986,25.232274286684117
M2,68.38656709714878,20.67115725722754,10.942275645623674
M3,5.630713900508922,78.97882209066455,15.390464008826527
M4,16.999442787007446,25.78012115123932,57.22043606175324
M5,44.16840146919027,36.19316560285692,19.638432927952806
M9,84.95576899831008,5.589178302296595,9.455052699393327
M1,35.117290932035864,39.5496587803903,25.333050287573826
M2,68.81701243991256,20.267284386176964,10.915703173910476
M3,5.7562418736646395,78.64581617272036,15.597941953615006
M4,17.199730344345603,25.40690640536759,57.39336325028681
M5,44.67798698511855,35.63673701021548,19.685276004665972
M8,5.6821328503489505,6.501941443243925,87.81592570640713
M1,35.717520602542116,39.78938967464734,24.493089722810538
M2,69.3152622013523,20.23140810128356,10.453329697364143
M3,5.848313816140368,79.08964301022706,15.062043173632574
M4,17.745638953328477,25.953070249061792,56.301290797609724
M5,45.259358700948845,35.7710179700834,18.969623328967756
M7,43.57001923314917,52.46638631068515,3.96359445616568
M1,37.131626945094844,42.196942274616184,20.671430780288972
M2,70.41831128220535,20.962874819027594,8.618813898767055
M3,5.92174878335625,81.69359879283407,12.384652423809683
M4,19.731774698876077,29.44530374629175,50.82292155483217
M5,46.58896774567077,37.56160535062517,15.849426903704057
M6,20.684580623315348,48.755880475112505,30.55953890157214
