3.301557195092319485e+00
2.276332474296108632e+00
4.012508666420330883e+00
8.892669370371814708e+00
3.506995347539955787e+00
3.598141767871900765e+00
4.612778795680138266e+00
9.094850310917820480e+00
3.000922669159765466e+00
3.159978561286408194e+00
4.550041023211434776e+00
8.687480573950947971e+00
3.458481072755110741e+00
3.289311838784826136e+00
3.937999200222891627e+00
8.540607224721954438e+00
3.793591696665126189e+00
3.163867993482720298e+00
3.396421251743960923e+00
4.592269038540204740e+00
1.931903879736419638e+00
2.206021928239753294e+00
4.175895602670503415e+00
9.167379659571528450e+00
2.265363792694458311e+00
2.565185429827048669e+00
4.122329896612001221e+00
8.756200544203254665e+00
1.933594399633032479e+00
2.503653427098650130e+00
2.543921089555123860e+00
8.636820039986035979e+00
1.946868185149267960e+00
2.262142484537974951e+00
1.981544810783212318e+00
4.031539183193994624e+00
1.308539792476684172e+00
2.965425292590457840e+00
4.705346693244270462e+00
8.886596264074483997e+00
3.858245261612343602e-01
3.446624039325316691e+00
3.921932457229358349e+00
8.820998533090110172e+00
3.736067198998067052e-01
3.722223936402558220e+00
3.294609384781740147e+00
4.721687957182477469e+00
1.185017231633703316e+00
2.918931922858141181e+00
2.366318297192871345e+00
8.412539335755003123e+00
1.405277690572717120e+00
3.260037471311522328e+00
2.149517781814405115e+00
4.613889420150201204e+00
2.988113572182129474e-01
3.723202273600486389e+00
2.315671174400942167e+00
3.661657284945240232e+00
1.416040239760732788e+00
2.366754898063975432e+00
4.155417326656883681e+00
9.115987996229952373e+00
1.794116873611811824e+00
2.759322717346009313e+00
4.114700057889763229e+00
8.753123982982970119e+00
1.373230121373647306e+00
2.706038943414507347e+00
2.693069177638802270e+00
8.639288601744121721e+00
1.333107054404591763e+00
2.550518518696103687e+00
2.162318800424051446e+00
4.037938153931757590e+00
9.090558505507798648e-01
3.307516854973515219e+00
4.801784463458791841e+00
8.978774714320811867e+00
1.187984676138517104e+00
3.807330340429113225e+00
4.211781089797012712e+00
8.934865780987252037e+00
1.366458363457553560e+00
4.060536710568308116e+00
3.617995923613392062e+00
4.792538350062879537e+00
7.383346399038815955e-01
3.276430118103109468e+00
2.712733690286157184e+00
8.556096461224663940e+00
1.153569543090850802e+00
3.594604867720585961e+00
2.619060043625741852e+00
4.707008349134791381e+00
1.440078716212512377e+00
4.065816865898837840e+00
2.774882949115005548e+00
3.988071636657865238e+00
1.972927780856728930e+00
2.306652613948917629e+00
4.267863608732549885e+00
8.932558611615680988e+00
1.552699763570115410e+00
1.969059352720435641e+00
2.627341240419830637e+00
8.876173153086975631e+00
1.546065379647785676e+00
1.996010737061276075e+00
2.053561829940305117e+00
4.156302071752350002e+00
1.922672228026204522e+00
2.293832523846269567e+00
1.974431400011819049e+00
8.499685776155596173e+00
1.886726120881159430e+00
2.497537070584414209e+00
1.748216654620226906e+00
4.094316232694201751e+00
1.501620848850015788e+00
1.985953022214909991e+00
1.711345865234079611e+00
2.366514287295168995e+00
6.630094637900268983e-01
1.089474473792696019e+00
3.219734143410774241e+00
8.719421105088722257e+00
1.110618652871551149e+00
1.330367026613387793e+00
3.486572467475282711e+00
4.821240146445679109e+00
1.173983440674563949e+00
1.860319375697230271e-01
3.972952718270454486e+00
3.881920297525844887e+00
9.679136198203911468e-01
1.183139388518223312e+00
3.503218173684894854e+00
1.775402503449906133e+00
3.533031122845886163e+00
2.519801929951958730e+00
4.217488945607300366e+00
9.401179427287265966e+00
2.830980133683124844e+00
3.815555169305573369e+00
4.181012719282392709e+00
9.074772205114696177e+00
3.271060873552936510e+00
3.725559435298237076e+00
2.878808619551448178e+00
9.084941012183739062e+00
3.174844007852367866e+00
3.573095528710600544e+00
2.270374109273963992e+00
4.176259805451053353e+00
1.561428576915955047e+00
2.432152965451985782e+00
4.509359638274901272e+00
8.923596290308156043e+00
2.405111092894796965e+00
3.095079712713340481e+00
4.156851518110766364e+00
8.787231324902771590e+00
2.398129607654160278e+00
3.739767607954270545e+00
3.650066173911870049e+00
4.741061950909681855e+00
1.351357537594014557e+00
2.104784376174757998e+00
3.390620683086349008e+00
8.753039719522776707e+00
1.147269828779095890e+00
3.178418457984766743e+00
2.949963444002776214e+00
4.660974773976950480e+00
2.105992161379738992e+00
3.737318265468211109e+00
3.080772695063989541e+00
4.041029066856734353e+00
2.893244161998901998e+00
2.341960139631920068e+00
4.404713007588715534e+00
9.278085560713170921e+00
3.390344447230119851e+00
1.974280964084781376e+00
2.865825132949983978e+00
9.150556962930076921e+00
3.280504097041471834e+00
1.963798672150491198e+00
2.195898651988320349e+00
4.357762822985250750e+00
2.698501798824273212e+00
2.342514357258136837e+00
3.066554364909649166e+00
8.866535871267464231e+00
2.563128548256667028e+00
2.298541349765542918e+00
2.844741890517061389e+00
4.301632437701992551e+00
3.016532277495088454e+00
1.957494866499497332e+00
2.759440196855062144e+00
2.554413382694615375e+00
1.390962138975375906e+00
1.334360460024730743e+00
2.340798692953355076e+00
8.619159309961617055e+00
1.286881884212012439e+00
1.491710236471414985e+00
3.165201628016198754e+00
4.839619028264157130e+00
2.320347788813514001e+00
2.347302320700350720e-01
3.740708039257467643e+00
4.010739345159182179e+00
1.076011843537107326e+00
1.333108723908964066e+00
3.167439595990301004e+00
2.124477829739328971e+00
2.819711627078295368e+00
2.009433712919784565e+00
4.356854783187316116e+00
9.198423150387526448e+00
3.267485324316207862e+00
1.537048084309496687e+00
2.978733118795955814e+00
9.066368780612238609e+00
3.161126267712849103e+00
1.464950980976938100e+00
2.355530070746701288e+00
4.307890581196820001e+00
2.666258223240919545e+00
1.961865920627950288e+00
3.147269264720454540e+00
8.742496283955109249e+00
2.513007995294342489e+00
1.849467851595565149e+00
3.016587563070169953e+00
4.270257734509404379e+00
2.939212350735290968e+00
1.413826670730334856e+00
2.933663577782690712e+00
2.700904459681153558e+00
1.312291784123337690e+00
4.840568458395052009e-01
2.846397119435367440e+00
8.720935700469283347e+00
1.159306183252424516e+00
1.199390368904354576e+00
3.548419414434990760e+00
4.904284179960455958e+00
2.131482923893951220e+00
1.567720032459430257e+00
4.153760125830359584e+00
4.332805407041670165e+00
9.784020591226951780e-01
1.033693109317436409e+00
3.560070274055764372e+00
2.472873385734482898e+00
2.693869079324748839e+00
2.100857928712505096e+00
2.375076150863596691e+00
8.961612653208241852e+00
2.531132009982236752e+00
2.025776296678297062e+00
2.355228757843152554e+00
4.440229263406469506e+00
3.011892586965082330e+00
1.587857893794290876e+00
2.002901053559121181e+00
2.633138530181391435e+00
2.371222557504351514e+00
1.966501019270870954e+00
2.328318216561970022e+00
2.214337378303317561e+00
1.089949218418089005e+00
9.796855144841281060e-01
1.215448305551291241e+00
3.518687274733947046e+00
1.872600707562663613e+00
2.230922639481608183e+00
4.047901598377261045e+00
8.871650741691317066e+00
1.995805263911351046e+00
2.812726871147916086e+00
4.009227302963911832e+00
8.544005859129391922e+00
1.948635020680805852e+00
2.767799705186566595e+00
2.568554335565606195e+00
8.395470660300524912e+00
1.856713507563772181e+00
2.595939325972400180e+00
2.029285412848471637e+00
3.945802258951109476e+00
8.562028119062574660e-01
2.995717811849338830e+00
4.598413297581761761e+00
8.669350666807511985e+00
5.378030562726602293e-01
3.463378217786973412e+00
3.952260292879411718e+00
8.569346368672190906e+00
3.675666117731222760e-01
3.768599263730668891e+00
3.361923827041618740e+00
4.637119238598700122e+00
1.057783383899173257e+00
2.938058686954073462e+00
2.648280807946306936e+00
8.243278997396126684e+00
8.337321863397070265e-01
3.320654184903913286e+00
2.535736134893539884e+00
4.548714528473396967e+00
5.493677771846989799e-01
3.777042316837405878e+00
2.687035421136196423e+00
3.737684798790427809e+00
2.191279435554870592e+00
2.390710529726950195e+00
4.164143149580392667e+00
8.727052804023683663e+00
2.141166455377141009e+00
2.021994778534233372e+00
2.511512440188785167e+00
8.631629156974053529e+00
2.067100698784960056e+00
2.049541615327226562e+00
1.932407202298777937e+00
4.070151015075178513e+00
2.445573589446136342e+00
2.350656289335314231e+00
2.041450084913231766e+00
8.296160769821524283e+00
2.333654752808418831e+00
2.608425586976826249e+00
1.807647774345786162e+00
4.010350758412367433e+00
2.276474979468237958e+00
2.034933949264477349e+00
1.764274816967220660e+00
2.250396895787639462e+00
1.370698138912368691e+00
1.372262957322950117e+00
2.912673266184067078e+00
8.413058829628736746e+00
1.184961272970041835e+00
1.629691108655559217e+00
3.224702738245687872e+00
4.664987836271667909e+00
8.769863785022190550e-01
4.772786463465621409e-01
3.693854783690652344e+00
3.644547765574191356e+00
1.429021107122594003e+00
1.461754204827930836e+00
3.239555358002912389e+00
1.686386411011251196e+00
2.148200099859006951e+00
1.916862053030856883e+00
4.144915420725851618e+00
8.705642755829465784e+00
2.093563129984582716e+00
1.497118254261837533e+00
2.654090388527903688e+00
8.620108000750397181e+00
1.998244039271975581e+00
1.466878398295212493e+00
2.106659063595175407e+00
4.062241146281043491e+00
2.383669446204275122e+00
1.865895893041949138e+00
2.255531734796520027e+00
8.320017677722900018e+00
2.236919521807550382e+00
1.823861111832647763e+00
2.098020808693107142e+00
4.014078071167546113e+00
2.172059382656167603e+00
1.417196132891830329e+00
2.057819098642359901e+00
2.421892387909556632e+00
1.127854694996121454e+00
7.627294266215471907e-01
3.269890052638427136e+00
8.533968842076555816e+00
8.848052079873696130e-01
1.191977046674137286e+00
3.562444657247553437e+00
4.744775794822355230e+00
5.788743416687035515e-01
1.341717244394651232e+00
4.045029270452348946e+00
3.963790147309967704e+00
1.092528670390322532e+00
1.040291956924721317e+00
3.583149559026287623e+00
2.172584102440249243e+00
2.681231194264834361e+00
2.036371665313922108e+00
2.384037840909527972e+00
8.471049699345522654e+00
2.575158683147634964e+00
2.007184438698099260e+00
2.760550524399036476e+00
4.129592907917175815e+00
2.506359236285873759e+00
1.622185244423409500e+00
2.081543425532726754e+00
2.320388210379708216e+00
2.841406063118180558e+00
1.947961519220136495e+00
2.612400591109339754e+00
1.281997165758658186e+00
1.482773116528060653e+00
9.825503218389345372e-01
1.379433407036354309e+00
3.464207067052130551e+00
2.033477903209307769e+00
2.811508715632242694e+00
4.231213548003656122e+00
8.977385947442758862e+00
1.974490538239573878e+00
3.255137189176547707e+00
2.850666156655474737e+00
8.944257681967494378e+00
1.858058761235416467e+00
3.147236318963809953e+00
2.214680056188965462e+00
4.208620638219571219e+00
2.089250952096646241e+00
2.649205721357360321e+00
3.207887658692560873e+00
8.708088366155335436e+00
1.974859828012872187e+00
2.508345672543092153e+00
3.080263062418628461e+00
4.168584266899983959e+00
1.941511639092641017e+00
2.928192372886388117e+00
2.999259326088302036e+00
2.569009536070012700e+00
1.193834634586228960e+00
1.355882948179554903e+00
2.284695460531947386e+00
8.369019658221928282e+00
9.371820574837007589e-01
1.121987413749660378e+00
3.180665769102400731e+00
4.715025654896881413e+00
5.757286167758479678e-01
2.081811828248616880e+00
3.758858761921098246e+00
4.045560298140380873e+00
1.140926215815776912e+00
9.482131159066865544e-01
3.187363652992596830e+00
2.426239905887010995e+00
2.264274658329146650e+00
2.683532532656631275e+00
2.430404014613600339e+00
8.746091046239607536e+00
2.169091304979301693e+00
2.530804598390412608e+00
2.411157079058623420e+00
4.345589727874302532e+00
2.134865662852353463e+00
3.006803590961034889e+00
2.055012328693794021e+00
2.512280004997761385e+00
2.319446502956737266e+00
2.369580093198674131e+00
2.381847930683770986e+00
2.290168344045336202e+00
1.441354695936989172e+00
1.051135561297468657e+00
1.517030668391754489e+00
3.162312474768654624e+00
2.257784379278495734e+00
2.629965054224527865e+00
2.081430392202918256e+00
8.698238434108949590e+00
2.137657851192106495e+00
2.467630615024839269e+00
1.984384202926982255e+00
4.296376854506490872e+00
2.102184852129639125e+00
2.927533454312454708e+00
1.546194254816754210e+00
2.652780721415910481e+00
2.285604227901151475e+00
2.340307348488609662e+00
1.917442663798502478e+00
2.481095021183719496e+00
1.181533437213090565e+00
9.531845348969145704e-01
1.072540889330408476e+00
3.576980950346012378e+00
2.588485249937538146e+00
2.342330591532145068e+00
2.089639185410808064e+00
2.430549339468195402e+00
1.380316721857380857e+00
2.524543943149515357e-01
1.370718591710689438e+00
5.795640230585765273e+00
1.660996957580175293e+00
1.790657425155378180e+00
1.567967973606731347e+00
6.323130869032905998e+00
1.402342340307503266e+00
1.458250254221416187e+00
9.693028805944111648e-01
5.849886325096645301e+00
1.232147769484072342e+00
1.586217707659320242e+00
4.270671009565019105e-01
1.431747616690159930e+00
8.989372997715037172e-01
2.548650550872471943e+00
1.445120028475513907e+00
5.002425501286267284e+00
1.425957515492332961e+00
3.324960395736339169e+00
2.425273967490399141e+00
4.559828913497532277e+00
1.809897420840525628e+00
3.707715111536703745e+00
2.431010613736383164e+00
1.771553896410021478e+00
6.802789713157034734e-01
2.654815929292453802e+00
1.659041038047950112e+00
5.140981970172429527e+00
1.222465443445429401e+00
3.197456979375715491e+00
1.827331216361163913e+00
1.969481331867446672e+00
1.856989906922687394e+00
3.866213567336529877e+00
2.079865851492376461e+00
2.814861526138059844e+00
2.675691840385809428e+00
4.304046288329113956e+00
1.230291203825154556e+00
5.979198941598098394e+00
1.854391653358053560e+00
2.562497457940466461e+00
6.720400550946811213e-01
5.631236438831533242e+00
1.988315594839727085e+00
3.531087654166360945e+00
2.437198341794933609e-01
9.594840927921808316e-01
2.361233990521357295e+00
3.542265025233755527e+00
1.114075932273536296e+00
5.959069782345103761e+00
2.625668841796623187e+00
4.278086433679642475e+00
1.058267085582125899e+00
1.158199561165655922e+00
1.882632326614442464e+00
3.054520481763915996e+00
1.125050258879568332e+00
5.170266548252838712e-01
1.390880048974660665e+00
2.738323343407083943e+00
2.369203525811923949e+00
4.859519865498678648e+00
1.504851577440934562e+00
3.260187014876275047e+00
3.058260878768654489e+00
1.222498123193086483e+00
1.174547137956009069e+00
8.379919593866324012e-01
3.511021106997992636e+00
2.387112007568719552e+00
1.264223500203986106e+00
2.477127004684589906e+00
2.888904996868595365e+00
1.026945995532472011e+00
2.156350359096906200e+00
3.016841442056925171e+00
1.362460073306092312e+00
5.991516695316420282e+00
1.639762909056346585e+00
1.772048469517055080e+00
1.043738059520052941e+00
5.665422192005614477e+00
1.555742472056697467e+00
1.860385582670412985e+00
4.090165851809312580e-01
1.224915165386904592e+00
1.931764325470152643e+00
2.527992422315987309e+00
1.345189561941396050e+00
5.984274155699552011e+00
1.781255502479203612e+00
2.670437653607631301e+00
1.492751431267578255e+00
1.418742088176881966e+00
1.517475262068457509e+00
1.640009817777382750e+00
1.167874578330038160e+00
9.502364259497081411e-01
8.342791981472004181e-01
1.834137367901240934e+00
3.138002384411990420e+00
5.047283804954692421e+00
1.405705583019781102e+00
2.273916508005174197e+00
3.552337026069915193e+00
2.054322004777655142e+00
2.043494758639511133e+00
2.227590743468797374e+00
4.334251137144808474e+00
3.168069448662424126e+00
1.382482373894215355e+00
1.914873075859154339e+00
3.689048325534573625e+00
1.518442437950478618e+00
2.982862834148912068e+00
3.170078727929741547e+00
4.238163434858321921e+00
5.676031798846661758e+00
3.497051046157764631e+00
3.691782800988155699e+00
5.278985204068793458e+00
8.969872062095637366e-01
2.511488478622406095e+00
2.354782035181290922e+00
3.752039591888954195e+00
5.296080388882362655e-01
3.246644520077297980e+00
3.278088482308287865e+00
4.630178632093550739e+00
2.015513241994573601e+00
1.425463530757531627e+00
2.052258881520502509e+00
2.510247109304354129e+00
3.203129863373162411e+00
2.025485187068763793e+00
2.932042325160941321e+00
1.336085685361589226e+00
6.598973623202368799e+00
1.707343975668614178e+00
2.471984513411558115e+00
1.070190978685181316e+00
6.028813436287106420e+00
1.514450006788630843e+00
2.446162511828247066e+00
2.293456342866836695e-01
1.247827967697092477e+00
1.929256406594319628e+00
2.813476970628235208e+00
1.917765192916874639e+00
6.634507499237456862e+00
1.502787541500117952e+00
2.789425131168514316e+00
2.863331811667114035e+00
1.566060947425205852e+00
1.427478476866073320e+00
2.370695196300148577e+00
2.146258478661664526e+00
9.963554584830864869e-01
1.391551258145890868e+00
2.361060496185388047e+00
1.593806802673187972e+00
5.778015217724468577e+00
1.457431654659841369e+00
2.426277875478755064e+00
3.251837638149812193e+00
9.158049402799619543e-01
1.774778583768901852e+00
1.391128001906724920e+00
3.834253441938956453e+00
2.910204826019841651e+00
1.188456841620189719e+00
2.122784573566964372e+00
2.890643925009437343e+00
1.370131692632469367e+00
2.300244007442215466e+00
2.743157388752119008e+00
3.128072570456770674e+00
6.445878811339781578e+00
2.141827124542254435e+00
2.723080123753037984e+00
3.757883504208602066e+00
1.210268431979060866e+00
1.677666905904967365e+00
2.238676648161628702e+00
2.421063211856655073e+00
7.093622001126584919e-01
2.073311923892993125e+00
2.617556967160586279e+00
2.943180869581932146e+00
1.276204534381667033e+00
1.991976276912165389e+00
2.350535532816831363e+00
3.504264773906475394e+00
3.348872379163302160e+00
2.213776555596569384e+00
2.916842303260492653e+00
2.658623743865233369e+00
6.243367312883239428e+00
1.976891036266164692e+00
2.860761405506216715e+00
2.792979264679854357e+00
1.287681019961047779e+00
1.607702538302852702e+00
2.441205926388640091e+00
1.725339016388294455e+00
1.063365424320492858e+00
1.911906034110702590e+00
2.761626886079550758e+00
2.322496512625027432e+00
1.578013524393431455e+00
1.722561248435139136e+00
2.277883965285526280e+00
2.625750851974161915e+00
3.778461520715270527e+00
2.590475326216535645e+00
2.682908278185084594e+00
2.939072811001846919e+00
3.804177199411597599e+00
2.265228878778162258e+00
3.254227320030329107e+00
1.304837198988635150e+00
5.925172282673730528e+00
1.692056251580441595e+00
3.166449835583799999e+00
8.261196778885940839e-01
5.556413738654376822e+00
1.614790873543168859e+00
2.800750467250821441e+00
2.818105906250680803e-01
1.152417707302275884e+00
1.975876700588695911e+00
3.367217933359891280e+00
1.241896276426852408e+00
5.945191415513392030e+00
1.872347788178170047e+00
2.852579702415918295e+00
1.178286533971530048e+00
1.360876177312235979e+00
1.568475283215931881e+00
3.075309256879459330e+00
9.935933475160823036e-01
7.441410584124810157e-01
9.494889750099702042e-01
2.159606206993222255e+00
2.583411833766867005e+00
4.772799318129281154e+00
1.073139457875853964e+00
1.381691171678246066e+00
3.052313811663321275e+00
1.644711541851232139e+00
1.669142217226000868e+00
8.652988749625194487e-01
3.790966306192184110e+00
2.756381164287899477e+00
1.008827764431401874e+00
1.515978470692544988e+00
3.206563936948924720e+00
1.121926503619197435e+00
3.016603255962281960e+00
4.551708526704667968e+00
4.412062490418222183e+00
5.650488109617016086e+00
3.532260988958701997e+00
4.602093256606853977e+00
5.470031796918988221e+00
8.497921731971693760e-01
2.485683390010193339e+00
4.502863947165177017e+00
3.861392575549677186e+00
3.704000869962842946e-01
3.249902180466458734e+00
4.786139765722022155e+00
4.744652723034259445e+00
2.146059492567010007e+00
1.784225094053795146e+00
3.165376045035988906e+00
3.336418495623770131e+00
2.914259466035086010e+00
2.506803426049621919e+00
4.133300261529650577e+00
2.952623841110845859e+00
5.681006772466909105e+00
2.692329234583743069e+00
3.874189313237764054e+00
3.263498525697078989e+00
1.132173442440192135e+00
1.845731022610409555e+00
3.847023854585491787e+00
1.969336230628933038e+00
7.801205387592062834e-01
2.419293633552502598e+00
3.994026265742064652e+00
2.831524652568719436e+00
1.005772182074376131e+00
1.154080383378660146e+00
1.710811781084269567e+00
2.080625021924248585e+00
3.592596099360787942e+00
3.869942197531296646e+00
5.650384201966588193e+00
3.678870071001671960e+00
5.449439063450635778e+00
2.257308144343584733e+00
3.482102699537430457e+00
2.874946689468295347e+00
6.251371214126557163e+00
2.020044723896187833e+00
2.838990167835173661e+00
2.841389283817261191e+00
1.232321293780414662e+00
1.627597056160689393e+00
2.900036584419600327e+00
2.418557048277846011e+00
8.310561169584351759e-01
1.951339123280446897e+00
2.997749846330985068e+00
2.739926022232015868e+00
1.675698597042436289e+00
1.674225313563765694e+00
2.632641381594652330e+00
2.333098124637569715e+00
3.201735947731408682e+00
2.630309430780327862e+00
4.130114884148393450e+00
2.663295872041759882e+00
4.002021591502956888e+00
2.261846092491443638e+00
3.875835622557019633e+00
2.805655513388881417e+00
2.800799766265582136e+00
