4.018483097167034224e+00
1.204165785767089547e+00
7.350218950604698875e-01
4.198887134343872951e+00
4.507666004066763321e+00
5.154215818532390081e+00
5.989873727767228040e+00
1.152513402157793188e+01
5.967808949651427497e-01
8.622676489713020365e-01
2.716980577309324185e-01
3.938048290376459537e+00
3.234625368772280130e+00
4.498432010733449005e+00
5.814351965257221089e+00
1.091256106789633940e+01
6.645867683285899830e-01
4.001968346791897169e+00
8.383925512596709373e-01
3.452333799943934967e+00
4.716856501614894448e+00
4.672809878508416226e+00
5.078136890740704068e+00
1.099039500738492414e+01
6.109215483355731058e-01
3.469005967508042687e+00
9.775557156492974409e-01
3.917786237370839419e+00
4.664768272847733321e+00
5.065525260677952168e+00
5.726176259534848434e+00
1.099124526489122466e+01
2.065712443378212360e+00
4.202703242227618041e+00
1.737896300064669219e+00
1.961989404373904788e+00
3.675844243048265181e+00
3.087749716748251050e+00
5.400620022373800566e+00
1.126447140568855865e+01
7.370631931992784880e-01
4.098541728090205005e+00
1.091079145496034242e+00
5.825664247911058746e-01
4.212124781739334800e+00
5.178968643737131394e+00
6.174795861268933095e+00
1.177314917579442088e+01
1.430349336609774369e+00
2.618109238464180422e+00
1.019414520050712980e+00
1.700881137150891620e+00
2.506548164924340849e+00
3.483353850713532207e+00
6.310500901699422904e+00
1.056102097636265214e+01
4.743746596858002817e-01
3.414426169815025336e+00
1.138184758475774716e+00
6.406666823115756415e-01
3.962199571619758220e+00
3.565976016903382284e+00
5.245491907089330219e+00
1.046278521081102397e+01
4.353701762689621835e-01
3.411101470483006270e+00
1.275547700957128994e+00
7.854496246962601458e-02
4.249308853284425425e+00
2.969603832661007914e+00
4.679094750657936785e+00
6.083912203560440268e+00
2.495431040262578559e+00
1.958108437938008706e+00
1.413563977897197788e+00
4.264226900643262930e+00
3.371414125100405723e+00
2.540355872892063882e+00
2.830399362351556647e+00
6.191014575645124474e+00
5.168437712018132402e-01
7.041740426435131317e-01
1.548175929151021535e+00
2.523983399422438656e-01
3.898935292663987529e+00
5.118324017970709017e-01
2.505760221341202687e+00
8.627763980133144273e+00
1.302729251587033898e+00
1.780066560563519529e+00
1.742035269355093563e+00
2.801075101923236499e+00
2.309061109412292812e+00
2.007563674074810400e+00
1.236765360110143375e+00
4.802937207432979250e+00
1.786467071004451013e+00
2.365071307499257092e+00
1.738571604567810569e+00
1.999163045499010138e+00
3.183365857976189428e+00
7.882884583898046305e-02
1.501859316120359722e+00
7.390744985836494862e+00
1.168355630993438865e+00
9.556662626605151312e-01
1.213944126416486968e+00
9.676218099593588695e-01
3.285429864223940566e+00
2.034642349149183627e+00
7.699201201662878580e-01
4.212893394379296552e+00
2.478639030297726809e+00
3.532697382665312968e+00
4.398202110040178248e+00
4.186897095865560914e+00
1.774290991307524878e+00
2.027146113594464172e+00
2.163169744931801919e+00
6.309039313506513480e+00
1.854952872034779432e+00
1.222638397568869051e+00
2.269970880551142045e+00
4.010258109156694672e-01
3.716007508224463241e+00
1.564181444416343991e+00
3.707451583914393556e+00
5.074518739420986968e+00
2.219635159491266219e+00
1.436458488282739365e+00
2.665106006743068523e+00
8.648213373699794593e-01
4.694395805060660898e+00
1.525005643371367681e+00
3.127085155737573618e+00
1.620742521186590013e+00
7.889473775969454428e-01
6.204527319106508676e-01
1.049765268145985031e+00
2.855855502655817446e+00
1.441141450004446822e+00
1.548893334194381799e+00
1.648746905903759385e+00
4.744053467982392469e+00
3.904506122251817146e+00
2.011707296230051956e+00
3.081598147011776145e+00
4.885755108850525552e+00
5.334806307327042418e+00
3.406377421364501945e+00
3.329569922956844952e+00
5.757644497292091046e+00
4.289368952390116618e+00
6.063076643977098001e+00
3.851925666423795303e+00
6.037428070920455525e+00
2.895345730429179643e+00
6.172289918005627873e-01
1.269219727416074361e+00
5.256162227025726885e+00
7.805986699801698014e-01
1.467105572765953880e+00
1.080480715121022284e+00
1.319185973198955253e+00
3.423658923204378368e+00
1.920233991083478253e+00
1.981156194479372745e+00
5.284419542101752576e+00
3.195357963745836027e+00
3.785507391370449337e+00
3.968260537307115587e+00
5.126252638218232960e+00
3.275121504870868616e+00
1.742194513792966859e+00
1.778995280376449273e+00
5.567331566111753283e+00
7.783342616519135504e-01
2.406461357264154000e+00
8.213962428629612011e-01
7.706211339427208040e-01
3.497256822635281370e+00
5.950271720574468182e-01
2.933317423712491490e+00
4.770061365571367062e+00
1.875816835872008426e+00
9.308842929182030435e-02
1.854239831479305822e+00
3.126796254802475805e-01
4.309718310259786023e+00
1.375257808407766902e+00
2.656284652862172191e+00
2.667414076980558324e+00
3.333333333333309834e-01
9.566131786664300307e-01
1.735483514298113539e+00
1.518154352663356521e+00
5.080776367033791985e+00
5.725969776335615435e-01
3.631195202606440464e+00
8.693783751772695467e+00
1.771399042671947255e+00
1.613317659700217233e+00
2.305594448664454621e+00
2.251084425015944301e+00
2.002501050861724252e+00
7.191114900899716611e-01
1.390991633329658583e+00
6.878725847825241324e+00
7.922630105195954675e-01
2.178556389545576177e+00
1.322512065730412134e+00
3.826554108099367912e+00
2.645263533200515216e+00
9.143013765360578082e-01
2.355732955321615751e+00
5.192602294483831038e+00
3.333333333333309834e-01
2.179136950801146444e+00
5.129180558656648792e+00
1.635719333898812522e+00
1.783127229108040668e+00
8.831210995609188430e+00
3.472011012044942557e+00
1.475902148983305828e+01
3.333333333333309834e-01
1.520388311664011782e+00
7.686290989010616803e-01
3.065754584154156248e+00
1.848459307644487071e+00
5.486392362949975343e+00
3.058083934116429869e+00
9.268617807048185497e+00
1.941050792675277137e+00
2.226935345384740916e+00
1.718809380703654854e+00
3.574660225023682525e+00
4.324998930660648888e+00
2.900815364712192146e+00
1.939230767505650599e+00
4.030693762559955928e-01
1.698593140583578132e+00
2.070139685861125844e+00
2.813661257660708515e+00
1.794457255795682160e+00
3.211384141545897020e+00
1.449583938343478595e-01
1.349024467616639855e+00
6.520873936527606496e+00
2.793788184863470914e+00
1.896742962988303249e+00
2.810334458190290707e+00
3.300560113210753599e+00
4.491980774123416786e+00
3.423912401881068934e+00
5.830264059704374224e-01
2.692019640056494634e+00
2.101668008588473580e+00
2.858084633810212605e+00
3.623842272577387558e+00
4.154150200457339182e+00
2.899831652429880169e+00
2.080612369371744652e+00
2.351066851402114022e+00
4.843161724876419605e+00
2.810070663736747409e+00
1.356376274019470030e+00
2.253763671926634959e+00
3.274870006519831289e+00
4.220223414969488829e+00
2.789276022474704408e+00
3.413018531675145351e+00
4.331913319486932146e+00
3.795559504931077299e+00
1.487078392007816774e+00
1.678189615276295399e+00
4.274136867557422725e+00
5.650454372570603567e+00
3.725197005287578467e+00
4.349303539276907493e+00
2.599955707164971042e+00
2.459432095798831597e+00
3.620264580287085199e+00
2.417098142847380782e+00
2.690301089941309787e+00
3.530974855719156036e+00
5.635400604673647118e-01
1.242479702396414920e+00
6.450930490750704571e+00
3.295306086582884486e+00
4.078560831086330829e+00
3.213098250186827709e+00
4.322976611288669169e+00
5.212833093235407667e+00
1.817612659547975795e+00
1.408480762182656720e+00
7.127189482079786309e+00
2.058236153374181754e+00
4.321574927535901445e+00
2.382368490529275462e+00
2.372084229410054146e+00
2.586317269238475713e+00
9.286243747304515628e-01
1.250997391702979966e+00
6.138347083524167580e+00
3.062594707111905734e+00
4.564824422680700877e+00
2.372649616969292108e+00
3.059950491546147067e+00
4.727917415186827732e+00
1.847120911435335300e+00
4.916890990562598485e-01
1.148131695121129781e+00
5.828368701426199117e+00
7.082158024834399157e+00
4.325337519079982762e+00
6.390655321546781842e+00
9.055933113956106340e+00
3.761726655254731710e+00
1.637191694212845050e-01
4.873371425241649568e+00
1.026486272878049100e+01
4.401671802740271922e+00
6.530642900294025388e+00
1.375516208708315524e+01
6.275046539912551680e+00
1.349060552626782616e+01
1.229585335854724804e+01
3.579266641654706316e+00
2.457659146040159559e+00
1.918520428458056815e+00
2.301481126802436439e+00
2.716323397022453179e+00
2.579039844300505369e+00
4.673922484579345671e+00
3.065457570061256742e+00
8.631529195587385184e-01
4.047595132352520331e+00
5.071087230245827193e+00
3.268882822969912727e+00
4.397594219782539504e+00
6.121519025560000493e+00
1.466055968525401765e+00
2.658446973332743823e+00
4.925417358477109708e+00
5.772452790627284003e+00
7.030086827702774599e+00
3.926149623885007767e+00
5.298284763145983511e+00
8.424432315093843826e+00
6.151609612231243140e+00
6.087650805755117744e+00
3.860843868782429245e-01
2.581512634085214586e+00
2.349593793264423081e+00
2.207951699112387534e+00
2.867868422046465415e+00
1.415361984317058841e+00
5.217383112984134819e+00
1.731172976816684583e+00
3.994795340828659391e+00
