7.737773364698915524e-01
4.285626937108851564e+00
1.161012563812015230e+00
7.066231668421067980e-01
4.338871247282450661e+00
4.582625564423561393e+00
5.525074145800611625e+00
6.411485141717084169e+00
1.211422566498114151e+01
7.495887988786454903e-01
3.836936554334258176e-01
2.888170896310327862e+00
1.324653157072423371e+00
2.876693164860796514e+00
2.089978067188818844e+00
1.648906392139088517e+00
1.522268499407232412e+00
6.271326002715059467e+00
8.420477057263369147e-01
8.585230666880931949e-01
9.858871847058642279e-01
6.272566097200306112e-01
3.683957916114991349e+00
1.057887185247859518e+00
2.059207006184001987e+00
2.509415803296320746e+00
5.955324004995378395e+00
3.333333333333309834e-01
3.306702812228697663e+00
1.538004012814118582e+00
3.403179522433975368e+00
5.317618818354151955e+00
9.722100285016514576e+00
4.301471558021034092e+00
9.868173569386707200e+00
2.043720425167785848e+01
2.086878946562639836e+00
1.125125142279249646e+00
2.543671743545406372e+00
2.853905866235088240e+00
3.353391825968687900e+00
2.687115172124052265e+00
2.567313346965601095e+00
1.161149822319043068e+00
3.550554218811149187e+00
1.989533827225217211e+00
2.932884993647158822e+00
2.375997691338643580e+00
2.497652765024586330e+00
2.773358374812810556e+00
1.436345811449366350e+00
6.455027591584304725e-01
1.113630875751518090e+00
7.244678138069102324e+00
9.960313785285279664e-01
2.737191512596410803e+00
1.260108369914028970e+00
2.364593707848969384e+00
8.494495530230485869e+00
3.131432961803927384e+00
1.918145482847628536e+00
5.919777880112313539e-01
2.408584526999910214e+00
1.061836502964646911e+01
9.445254620092924824e+00
6.666666666666666963e+00
1.830231882010996403e+00
1.012583926601898021e+01
9.539343035939301885e+00
1.775659488340627945e+01
7.144358496224744393e+00
8.099261671841629706e+00
1.101499665132524797e+01
5.312754067927303758e+00
6.429655721681013070e+00
1.320082133073173658e+01
5.574799170887175137e+00
1.215229534751546403e+01
9.774059745832204271e-01
6.286547863724083918e+00
1.234845986373481530e+00
3.196476708919920640e+00
3.817936799642060119e+00
2.786969240816441928e+00
3.151215246412460314e+00
4.636853170564553928e+00
4.836190251423016839e+00
4.203280554506297229e+00
2.649583974994530688e+00
7.507647179867642240e-02
