2.199600819932945317e+00
3.914325374722523065e+00
8.727969909278707306e+00
2.972260601151106130e+00
3.884917782125322905e+00
8.449872579882297785e+00
2.920559494660575073e+00
2.525018364426804052e+00
8.291410291014345901e+00
2.784794077816021396e+00
2.020640749629184274e+00
3.828233105092105237e+00
3.025638798043928546e+00
4.437625301540492728e+00
8.533421949735101819e+00
3.476454349714295233e+00
3.832415175299097587e+00
8.415729691017597602e+00
3.769775922539622570e+00
3.285480113632360588e+00
4.478534235906248107e+00
2.985205079842467857e+00
2.750503714243843323e+00
8.128368380388527825e+00
3.343312339195730232e+00
2.662939643493255293e+00
4.404823216833951172e+00
3.779735771514685094e+00
2.801235838069544570e+00
3.643462664681639041e+00
2.272151105663522852e+00
4.017180167262229595e+00
8.611441348956192954e+00
1.945512798314813496e+00
2.471102220445951847e+00
8.510496956039304450e+00
1.960646568779698784e+00
1.923198150435317721e+00
3.939182030824525782e+00
2.255190289743381982e+00
2.232819876326265440e+00
8.216073087752819859e+00
2.366663261932823392e+00
2.037116462131142836e+00
3.896358813998318738e+00
1.946739306027635452e+00
1.987641778872462739e+00
2.240533916903369782e+00
1.196310259884398874e+00
2.961034596141046027e+00
8.292786038976268870e+00
1.433666015306130248e+00
3.262744166899979259e+00
4.501482108660155745e+00
3.429710005590986266e-01
3.711708585689786677e+00
3.560355125542933763e+00
1.277216572472606115e+00
3.277014947300300296e+00
1.874903232331201819e+00
1.801690738077385445e+00
4.012723126035571575e+00
8.599895101614002613e+00
1.395805235631294439e+00
2.611647594367489944e+00
8.484936479003181375e+00
1.358588433497647685e+00
2.094579951072433222e+00
3.937271162350981513e+00
1.749493980834025963e+00
2.433846101710670951e+00
8.241328913642623988e+00
1.682018934795808773e+00
2.308202274058577697e+00
3.906886415787776290e+00
1.308082969816086516e+00
2.260392559797617995e+00
2.402598368345892244e+00
7.716929223373097946e-01
3.297010737369776567e+00
8.412614872532040877e+00
1.176798557245279708e+00
3.579633950203362502e+00
4.583232489379686747e+00
1.403539760707104733e+00
4.041103469480951560e+00
3.865164607938046171e+00
1.030819724406841997e+00
3.600544349920453246e+00
2.320179331467263406e+00
1.916334127410519672e+00
2.292083390871196169e+00
8.374990428477397941e+00
1.879275414995994709e+00
2.518058677234856990e+00
3.999262297607723671e+00
1.505698027473486578e+00
1.990025145135166040e+00
2.304907216457792174e+00
1.825025443802333003e+00
2.374221526183911468e+00
1.528955142354149643e+00
9.772795274986260106e-01
1.197650023288062471e+00
3.500967075142015883e+00
2.743666528735889898e+00
4.066342299914150082e+00
8.877464209516745086e+00
3.182418321479872692e+00
2.777457617940768841e+00
8.888171273641946257e+00
3.094030947511789975e+00
2.187844045750236166e+00
4.055588586775864535e+00
2.595456124564710532e+00
3.315555971649061462e+00
8.690268118825693833e+00
2.485270282398118535e+00
3.235752067357807960e+00
4.027028104473042269e+00
2.883979286503339790e+00
3.147113895359685554e+00
2.527828679401201484e+00
1.235660275396875507e+00
2.405144935708149578e+00
8.283538832407751684e+00
1.080987819308264264e+00
3.201680674677883420e+00
4.530740841909438821e+00
1.986666599423359658e+00
3.745867288162742170e+00
3.903633762442089594e+00
9.226087058825575005e-01
3.203011424637892901e+00
2.529889138632162027e+00
2.637616449274578390e+00
2.350106064459313249e+00
8.699407904987157991e+00
2.504397788932568147e+00
2.319075569986578156e+00
4.180447920496277447e+00
2.961253842655071633e+00
1.981332475275958016e+00
2.467140319069452303e+00
2.354139777645043008e+00
2.291386094296226528e+00
2.475796227830874496e+00
1.022925791638196413e+00
1.342872399802146788e+00
3.190957423669136261e+00
2.586075612606425267e+00
1.967448358550994980e+00
8.579044665086550836e+00
2.449517702059855306e+00
1.867622845393414055e+00
4.144846720099603310e+00
2.870129628296705260e+00
1.445031410545897899e+00
2.608751162638288879e+00
2.320626725721391281e+00
1.807665366464726420e+00
2.658324331990797873e+00
9.182309614829176070e-01
1.062646558728075119e+00
3.577533014983988124e+00
2.335609275051174993e+00
1.971487298712273573e+00
2.337551232451505090e+00
2.027982408264676462e+00
3.906003651351776629e+00
8.400593505810510564e+00
1.977818037915858085e+00
2.491678061854535553e+00
8.269906588348723275e+00
1.886543628452614696e+00
1.967924307723345478e+00
3.848827877742612369e+00
2.194155877592370185e+00
2.484902823760312796e+00
8.042995588793603545e+00
2.053339035678420021e+00
2.348775788352886362e+00
3.819376716303281682e+00
1.990652514209102719e+00
2.300986901524206818e+00
2.282645932595766425e+00
1.124897513429610640e+00
2.988873378163122485e+00
8.126362788159687156e+00
9.077990846703395400e-01
3.316277362887254387e+00
4.433120740230644508e+00
6.210325015054536379e-01
3.763615237499470023e+00
3.625478728625125768e+00
1.097867959402654137e+00
3.334035182540432629e+00
2.230938613055466480e+00
2.474820181884751502e+00
2.343467219719504779e+00
8.181321730004109227e+00
2.363442888615623350e+00
2.629504288471641527e+00
3.914455653037549610e+00
2.293355656297809464e+00
2.039420996591587709e+00
2.196163831883326978e+00
2.612013444950150642e+00
2.475442946771499120e+00
1.570506876384731187e+00
1.453246397107496479e+00
1.470973228672917799e+00
3.247360512216092676e+00
2.430021228955922652e+00
1.862742065677975178e+00
8.192459134978150814e+00
2.287738482812368357e+00
1.833465471083966181e+00
3.916561369276536198e+00
2.214091122273098122e+00
1.431430084700899386e+00
2.355373988432335253e+00
2.502417275186578749e+00
1.745703467981122969e+00
1.850263937159326133e+00
1.143553479912393200e+00
1.059360978439721324e+00
3.574662262537663171e+00
2.842010468506639409e+00
1.935155013987998274e+00
2.609690366783970372e+00
2.132412531195811756e+00
2.572439478033203386e+00
8.538105705662770717e+00
2.021332369277152097e+00
2.445030805205987701e+00
4.042846574205261057e+00
1.987516769019157081e+00
2.875350327391560601e+00
2.479512038242359662e+00
2.101369560680960813e+00
2.317794494636120195e+00
2.707337473257462879e+00
1.201681291541689234e+00
8.818159856866719659e-01
3.216002747621049540e+00
2.374518303180963130e+00
2.326397749484782285e+00
2.390788763324811494e+00
2.364595098852911637e+00
2.292411182081999232e+00
1.926788112455264157e+00
1.825204838208573932e+00
1.388350338119083149e+00
6.070712940082056974e+00
1.418650918194507282e+00
8.963657489045534499e-01
5.690825199257004918e+00
1.258415341318962932e+00
3.766997513142564813e-01
1.272692033250234944e+00
1.759107259499034681e+00
1.537987322025557546e+00
6.066711553138066648e+00
1.544611709317316839e+00
1.658744575406458921e+00
1.462497301517863946e+00
1.272864951654878896e+00
1.361487730940458052e+00
8.407646084054641866e-01
7.915156542898174052e-01
2.663474613392621482e+00
4.898616687870354092e+00
9.905718533480035726e-01
3.078920375523839681e+00
1.611738473984634767e+00
1.684647768616137853e+00
3.771675146993235472e+00
2.707554520913749485e+00
1.077969284694186625e+00
3.225293874640931424e+00
1.578690163608290620e+00
2.453703304747069325e+00
3.714943474128304501e+00
5.817845057100915263e+00
2.762172128281510819e+00
4.486164243634898519e+00
1.052545185219719626e+00
1.869426203431624911e+00
3.092250783771063993e+00
5.159161077413720875e-01
2.530775500363242170e+00
3.874145376871287905e+00
1.302750985795867678e+00
1.343289342149397214e+00
2.650351284615742653e+00
2.873148437345301343e+00
2.059055791273672664e+00
2.611534794660715253e+00
5.823878773182543434e+00
2.104976895532531866e+00
2.840930135768438447e+00
1.262047353377858228e+00
1.587287445740597436e+00
1.715991764699159150e+00
8.846814547618168101e-01
1.895751081435766539e+00
2.464447791433938217e+00
1.006034206910778606e+00
1.212803131988214433e+00
1.977271520779937619e+00
3.590580697831198709e+00
3.134784475174684726e+00
3.192366554817984703e+00
4.537228622158721691e+00
2.057767337285540066e+00
2.796397433924919795e+00
6.373012688149838567e+00
1.810433702318019700e+00
2.766675199534178287e+00
1.319016439329718793e+00
1.561040495826263141e+00
2.370128966651490643e+00
8.955667940268332572e-01
1.761738816505309613e+00
2.669698866825410022e+00
1.744993736250999516e+00
1.410966619624256735e+00
2.148063437859337288e+00
2.956613449559389206e+00
2.186981713568763919e+00
2.607095183357775348e+00
3.326004951736071913e+00
2.037646125354184878e+00
2.735222993495010968e+00
2.481764856134077490e+00
2.132590914287855188e+00
3.606156999734148716e+00
5.778529362400546709e+00
2.203157179316825420e+00
3.274304487447466272e+00
1.210164083693600956e+00
1.637567919171375452e+00
3.273596582577587011e+00
6.979664952482643736e-01
1.981840921633380104e+00
3.424643544740177958e+00
1.143454827034849020e+00
1.049374200076748309e+00
1.871398572198406329e+00
3.139861234135640444e+00
3.159592761528946081e+00
4.730281606560571284e+00
4.687606326001069412e+00
2.528905515564856099e+00
4.147614977346374410e+00
2.877702697073942772e+00
2.081684224235761604e+00
3.366357035046102286e+00
2.719250545583918210e+00
