3.789724782533426151e+00
8.308914353262668584e+00
2.455878471064599555e+00
8.157827252145342101e+00
1.960826170368401788e+00
3.739199101933328162e+00
2.615136331164611416e+00
7.979634870494227705e+00
2.533434515952876609e+00
3.716959103447275314e+00
2.482076831009180751e+00
2.267384503367850357e+00
3.024462742433379869e+00
8.020329265368141947e+00
3.339111554481457578e+00
4.292615153486413426e+00
3.766583710614674008e+00
3.540924470741307228e+00
3.357094309594794712e+00
2.354695685606979172e+00
2.259269375150218195e+00
8.103317761855084456e+00
2.409033794866677791e+00
3.803297099466353526e+00
1.955835080108097257e+00
2.182366019331455131e+00
2.260506593033151379e+00
1.791544225482619934e+00
1.297712680056325896e+00
3.283238199698074400e+00
1.755051068527581748e+00
8.112149364672255558e+00
1.697853376339330422e+00
3.805443476350026000e+00
1.326372216170888407e+00
2.339126426925542290e+00
1.636634775598992064e+00
2.049415132006681350e+00
1.049367113771668469e+00
3.591883053182276964e+00
1.819424353801560867e+00
2.388939292150183746e+00
2.535241359798799721e+00
8.522240345511127302e+00
2.420081061351716301e+00
3.913401934538654814e+00
2.817416102303373027e+00
2.445379447923982763e+00
2.298719435146932000e+00
2.838705736021632564e+00
8.546925194967128769e-01
3.234615326656501200e+00
2.307124415204745649e+00
2.303857390353165613e+00
2.267239992453500719e+00
1.819775100652558875e+00
2.261196356397060736e+00
7.934052684943691425e+00
2.114936800415080143e+00
3.723108204210300531e+00
2.046410437487205414e+00
2.223817498492007161e+00
2.317237115884230203e+00
2.079198467866210986e+00
1.158180356694629154e+00
3.338681583930366514e+00
2.628314601775817660e+00
2.487078725336696383e+00
2.540028236045969834e+00
1.748681957207365967e+00
2.187465568084045575e+00
2.271968735658588034e+00
1.840976413209137519e+00
5.903218335672583805e+00
1.744686833174776242e+00
1.305909314498168383e+00
1.431661723790478957e+00
7.840529893185337329e-01
1.647971897229934202e+00
1.141683966952333096e+00
9.664675794271104792e-01
3.171218163696404080e+00
2.576863882127192085e+00
3.959670431587980488e+00
2.061604700010935431e+00
2.548864620238276757e+00
1.895263618372342362e+00
2.653200454774736539e+00
2.139677568143838471e+00
3.635905665904630268e+00
