9.756026814852750695e-01
3.510963360686029655e-01
3.892485216604448794e+00
3.354785971664095090e+00
4.311271323372104725e+00
5.529155271395230109e+00
1.055808901406271794e+01
3.743608447855593102e+00
7.412510224586602581e-01
3.453790861606192752e+00
4.594495353831168138e+00
4.422302371082452055e+00
5.010678012653708713e+00
1.053904064591948853e+01
3.292636763238176112e+00
1.043496100778821045e+00
3.848947230307857126e+00
4.598488253147341887e+00
4.781034963217126510e+00
5.424700969118286586e+00
1.056485185451406394e+01
4.055717993821526868e+00
1.613758344626757379e+00
1.890680518076048200e+00
3.802992459377984691e+00
2.979220043227722048e+00
5.106503809106555991e+00
1.090858988485122971e+01
3.820517556752142330e+00
1.121047343771020222e+00
6.124501398639689009e-01
4.096376248952725341e+00
4.884019278229629890e+00
5.809545230242719072e+00
1.125517119041510661e+01
2.186403413418343877e+00
7.843240664060052714e-01
1.394653943736135604e+00
2.660209248017741945e+00
3.503779987852079447e+00
5.825252504633842143e+00
1.022793773577938126e+01
3.228387987686990979e+00
1.208828563217614116e+00
6.722509421125314466e-01
3.909187818061466313e+00
3.594378411537855644e+00
5.031409704453702503e+00
1.010118280649669309e+01
3.204234545316362315e+00
1.358815621150345265e+00
5.676013757310727215e-02
4.209777023757692582e+00
3.082520498797388431e+00
4.453920742244387831e+00
5.745069727536105120e+00
5.768538530064569736e-01
4.203691406251645613e-01
3.475348031236741519e+00
3.317164116893579262e+00
4.001109353213290198e+00
5.285156818165167358e+00
1.008885622664705117e+01
3.689494672475461812e-01
1.114843297009457501e+00
3.894587193849957885e+00
3.698759030950161897e+00
4.355550541038101464e+00
5.382209441085724855e+00
1.021443868955746126e+01
2.164639046284767332e+00
1.698683127058281173e+00
2.037009423326873847e+00
2.374738947521630283e+00
2.499079241260405482e+00
4.757716418628547217e+00
1.000646610343501131e+01
6.202524964286162401e-01
8.278509450444365703e-01
2.781929076936246470e-01
3.825885811960387795e+00
4.287004366933946820e+00
5.632880448882805702e+00
1.064641617014480168e+01
1.086558977536024484e+00
7.682264756402332750e-01
1.388787456529759767e+00
3.182762669021717894e+00
2.516652668007457461e+00
5.524061197876126705e+00
9.752556779380872953e+00
7.112632253242358038e-01
9.274476282235291080e-01
3.106558352140140755e-01
3.772828465498926587e+00
2.698298470111718306e+00
4.627706249205735922e+00
9.822916092880994654e+00
5.421189757411551957e-01
1.038005073602703332e+00
3.141267017470663059e-01
4.011913753428192564e+00
2.393473832136076229e+00
3.889498598598685408e+00
5.423981068616029688e+00
5.587132453232079854e-01
3.271077902443932484e+00
3.156407100838093616e+00
4.839863454250353136e+00
4.318011992329073401e+00
4.678687775606893418e+00
1.032079869800651295e+01
1.908510097980546050e+00
4.050088406597212476e+00
1.955144639763903625e+00
3.955447208145637550e+00
2.820195647075676160e+00
4.952380914688045088e+00
1.058342247985418361e+01
6.964417265273729063e-01
3.786582029518418491e+00
6.519622718255485561e-01
3.485299284472226589e+00
4.497104427986991837e+00
5.275208978718562314e+00
1.066365408438062268e+01
1.246505163558060403e+00
2.226559565505139560e+00
1.882883385621286321e+00
1.895493116103060371e+00
3.813470438087838144e+00
5.092084163132805763e+00
9.807182329140998078e+00
4.031573075443191101e-01
3.233961681120423037e+00
9.411679203232855562e-01
3.198374304115058298e+00
3.776064285305816615e+00
4.518019737751360232e+00
1.007720920367785311e+01
4.699028341841125500e-01
3.144243486616490113e+00
3.285864517701734822e-01
3.773228678990372398e+00
3.069802630687220812e+00
4.109295513359843888e+00
5.524159104434962053e+00
1.917985309418932971e+00
3.876102574256454769e+00
1.606487731184125467e+00
3.991947177495082766e+00
2.962690532310507052e+00
4.879028603278148246e+00
1.043008848732444172e+01
5.617286527914929772e-01
3.324600329029994139e+00
9.430049439669497824e-01
3.842664697419311270e+00
4.837682266930554142e+00
5.566679736197632344e+00
1.072857084514476078e+01
1.161656035968084311e+00
2.273068116983401055e+00
9.024120709273498742e-01
2.559598719944888412e+00
3.690906606568191251e+00
5.646023485569969580e+00
9.912187201097310663e+00
4.089705581436054449e-01
2.806310565257650325e+00
1.026076638031232280e+00
3.676752376537817835e+00
3.816289856413457304e+00
4.931039825707765445e+00
9.687754928177925606e+00
2.316599390988590412e-01
2.898583912219862224e+00
1.503285579976438413e+00
4.246600518824603654e+00
3.461660991977405732e+00
4.506483033826201634e+00
5.584053765178576434e+00
2.089705381182521027e+00
4.084841063138482831e+00
1.761001889539680176e+00
1.994448917951084921e+00
2.940149708759710823e+00
5.239654625855990844e+00
1.097250897512008372e+01
2.283645228783333536e+00
3.119473443666370915e+00
2.280719654782328742e+00
2.445980379205996424e+00
3.159727373439750409e+00
5.116123803018003180e+00
1.011990476970189867e+01
2.211405458299044557e+00
3.661174792094639585e+00
1.738021589503715658e+00
2.023020921714719922e+00
3.058030583620384046e+00
3.307153247152323505e+00
1.006429129384343746e+01
2.112196259212165028e+00
3.508210781123977995e+00
1.713273329155080349e+00
2.046880557065790640e+00
2.663323998945079207e+00
2.517924221528167195e+00
5.009662532520859024e+00
1.254921230274239408e+00
2.187176621229392826e+00
8.789552554863675482e-01
1.480807674550258524e+00
2.767464990297375582e+00
5.927319029709423148e+00
1.030650467483913957e+01
6.362137641942915423e-01
3.258703527133510303e+00
1.108678688760676323e+00
5.257257225841248660e-01
3.937941719805460483e+00
5.137625257426777559e+00
1.031147189177810652e+01
4.557831271429328979e-01
3.257583206738333903e+00
1.236927735230956671e+00
1.392354859587356941e-01
4.196326851827660853e+00
4.430343243024229771e+00
5.872543210142244341e+00
1.408122752736346683e+00
1.931641241581542490e+00
8.239889307315971800e-01
1.745533440872430786e+00
2.351188610035153115e+00
2.734274786655115808e+00
9.512060426250734224e+00
1.137999035526480851e+00
1.498076440144130217e+00
1.122218782275015370e+00
1.580450345862620454e+00
3.489977111170158963e+00
2.226073090955940526e+00
5.726817811189154561e+00
7.040991229195109335e-01
2.744131336248726516e+00
1.336306810228605313e+00
9.856314610705396717e-02
4.191418132983474543e+00
2.432208107620089432e+00
4.840473470525761712e+00
1.406511799076968883e+00
1.709053785338431053e-01
3.155081717181354772e+00
1.664690524272818495e+00
1.772507209895043845e+00
1.777756386975464009e+00
5.070832940164421210e+00
2.891772862799745436e+00
2.455499755094419978e+00
4.336245505495920582e+00
4.308634568294844591e+00
2.934416541930990885e+00
2.714950342622529433e+00
5.379727890408315893e+00
2.586331593147625174e+00
2.727502484285416973e+00
3.920349775193708641e+00
9.238819906694004658e-01
2.116023685982222347e-01
1.002307606940192386e+00
5.791485122933127450e+00
1.392049201561843974e+00
1.286715895067289894e+00
8.691354000714568429e-02
3.777744072179034074e+00
2.211880667244627841e+00
2.098244164039935189e+00
5.398990904959684478e+00
1.352430053614683603e+00
2.609512829538800815e+00
2.852693769020371750e+00
2.733332925073691744e+00
1.475215465187541097e+00
2.172615524778469531e+00
5.939044010615011082e+00
1.415797844005548312e+00
1.507661557012426101e+00
3.945045082554703986e-01
3.864151000665730695e+00
1.064582353833832373e+00
3.012670812647996854e+00
4.974070501618605533e+00
2.243554198284565704e+00
2.226134490505982999e+00
9.797646765139139680e-01
4.456076725791759507e+00
2.751448059571691029e+00
2.787765311157970327e+00
2.687277945244697097e+00
3.473318634479222733e-01
1.335082552530563627e+00
1.040528980833923756e+00
3.483960096832741105e+00
3.874315995187134765e-01
1.950785574686793256e+00
6.843408129264520134e+00
1.979215705825285054e+00
2.338909997963073195e+00
1.882112015780291303e+00
3.693580996211238698e+00
3.002987913100749751e-01
1.562973241972297700e+00
7.030559917286249849e+00
3.333333333333333148e-01
8.488958483655615339e-01
1.858474329614196563e+00
1.620154469859491853e+00
5.661607857434317603e-01
1.622841413375762043e+00
5.449637902666033540e+00
1.536138129136523700e+00
3.111423890615487409e+00
3.170191862295197893e+00
1.043935889821710816e+00
3.211165226281683882e+00
1.966985216021374328e+00
9.093141769682480557e+00
4.857203716479976952e-01
4.136947749786579753e-01
1.461004921979712323e+00
8.537273764085012706e-01
3.145594089412848238e+00
1.746987513096089240e+00
7.002353801967633906e+00
1.453891139332152305e+00
9.841869305899239029e-01
1.444251243281182040e+00
3.201467880666908794e+00
1.664932845201230860e+00
2.035885203034160984e+00
8.247951823548534955e-01
1.640725250439517113e+00
2.697798352763346674e+00
1.538029727808902125e+00
3.580105772945382459e+00
3.460914475227936937e-01
1.477059561143163391e+00
6.656817073956724506e+00
1.647359181209867129e+00
1.885276933039053304e+00
2.054637824366955190e+00
3.380315506199347286e+00
2.454461807990017341e+00
8.552025233070837951e-01
3.767096916362941528e+00
1.536574914150323989e+00
3.109534605571135923e+00
3.396729946672139011e+00
2.122508413899859558e+00
2.134731208467191887e+00
1.556047293834221135e+00
5.478459516392746309e+00
2.172212925681665130e+00
1.390988270937584703e+00
2.210268209560553032e+00
3.500304253655276199e+00
2.258045485978101397e+00
3.163492090873644358e+00
4.850388592105272956e+00
2.753020545711682754e+00
1.439306778903963746e+00
3.042480824292871144e+00
4.699026142731788980e+00
1.846179867156886756e+00
3.447210290285229295e+00
1.892542327341336206e+00
1.870190443513962464e+00
2.401128623453425703e+00
2.160727289299599452e+00
2.501006760950249319e+00
1.717616543642363214e-01
1.131104223895082583e+00
6.632232006203483188e+00
2.260773807078686470e+00
3.078095811259299097e+00
3.396993261331849201e+00
3.583002429231029851e+00
1.924364855022777876e+00
1.604586745793833868e+00
7.328349026883368644e+00
1.903829653846276670e+00
2.352998856354520996e+00
1.923541852228606075e+00
2.202410157062130391e+00
1.252024373417877312e+00
1.371257445810640574e+00
6.407144730407083877e+00
1.691915682872597415e+00
2.338658009873217036e+00
1.951453608622055524e+00
2.420575591557482031e+00
1.433514894476312973e+00
9.076488722435953338e-02
1.216459639239868551e+00
3.761207072400272633e+00
3.553421952859205035e+00
4.689760870971253048e+00
5.892073487891006600e+00
3.032566023302762037e+00
7.650942222923049485e-01
5.330447363615899548e+00
1.910277170736428332e+00
1.361449912847652044e+00
2.279075368676574787e+00
3.575634845951896068e-01
4.278444536157284261e+00
3.956181419191084458e+00
4.177266532178247616e+00
2.228337259396712344e+00
1.799475209671004050e+00
2.286335809413797993e+00
1.668660715327542787e+00
4.508894400693683302e+00
2.947220126060474232e+00
9.804402736309517641e-01
2.416456685713030961e+00
2.768788067232672123e+00
3.053293908856149486e+00
3.791597032232682185e+00
1.487046576661329000e+00
1.539727705321155327e+00
5.500207307404621382e+00
2.677692138078031636e+00
2.991582641546669308e+00
3.447761394297517601e+00
4.668394455236826168e+00
4.157254388008779777e+00
2.104192539645817650e+00
1.114183368817805331e+00
2.343407340734115163e+00
1.782144039747339592e+00
2.801191877627296378e+00
8.311562555489521165e-01
4.970747951318195135e+00
8.371757785523593620e-01
3.749402964578453901e+00
2.220049511358794803e+00
8.081856025757758744e-01
3.481511494926176287e+00
3.743889034321180365e+00
2.266464667640670338e+00
2.168043425877764552e+00
4.817281564091653756e+00
2.511068107625041623e+00
3.797208326509244447e+00
4.084860866239433896e+00
1.107680463444684849e+00
4.886633179902920010e-01
1.090196978854124810e+00
5.621303976321589069e+00
7.310909917316811280e-01
1.296985396999815521e+00
1.743266717280225864e+00
2.738714781432598500e+00
1.522410546677321008e+00
1.396602644774705526e+00
4.403786215793235925e+00
2.487936886198411912e+00
2.927594202301700310e+00
4.461772434451565239e+00
3.122082335910113304e+00
1.367547311707227209e+00
1.330385087756801310e+00
5.093850588738138896e+00
7.436519742187570614e-01
1.959444760086294535e+00
9.397933403985234690e-01
2.920826499503001994e+00
9.979486764987512970e-01
2.153167249998631405e+00
4.594556495933859175e+00
1.148789898052420710e+00
8.588953193098802785e-01
1.308717505732535757e+00
3.339077103107719324e+00
1.354316334808094213e+00
1.998057733934680558e+00
1.617315728095254146e+00
1.775531207971168923e+00
2.892050704099318192e+00
2.061858561374330545e+00
1.329001487270673465e+00
2.296739509037205307e-01
1.371328174593282156e+00
5.902785528505092749e+00
2.121222233853510719e+00
3.661368544109204204e-01
2.119603965053869388e+00
4.225186019023440487e+00
2.856510901782047807e+00
2.451194665491423397e+00
4.957128869455527997e+00
1.215530215205918863e+00
4.405156006416568459e-01
2.367438956719495113e+00
3.399609533374873482e+00
2.979192103739322306e+00
2.750767088725041276e+00
6.075794661064908730e+00
2.178343275012636582e+00
3.017924673803141222e-01
2.284834826640655958e+00
4.295540414231734161e+00
2.785387505140879849e+00
3.468743935437382575e+00
4.792763693472871012e+00
4.301138240604103657e+00
2.352285491948521212e+00
3.628983833935750081e+00
5.308922870642593494e+00
5.181756434171830961e+00
3.726172732213409500e+00
3.446792857390306608e+00
3.430240480923914870e+00
5.115528471181808534e+00
3.303453626205909988e+00
5.068974160643274551e+00
4.072872805719113809e-01
1.094271714623182845e+00
5.398522677721566687e+00
4.757244346919513589e+00
5.915294316609769787e+00
4.725418627805772154e+00
6.741799788741157151e+00
2.810537529101542642e+00
8.894199683789310029e-01
5.544385033602142521e+00
3.382946221532295628e+00
5.865120806265569975e+00
2.909947330397250287e+00
4.574338774548455611e+00
2.613373067329334276e+00
4.943237515034478169e-01
5.227166977160834449e+00
5.065848949193235917e+00
7.026346474740392978e+00
4.261549272898689011e+00
7.159630840863916212e+00
4.388913444953668197e+00
6.594810619828980203e-01
1.378523972949722065e+00
3.073334753606123737e+00
3.822411659657840577e+00
3.724629616379302899e+00
5.057726645075841354e+00
3.277840771968694611e+00
1.496370890548102350e+00
5.289513274136909082e+00
8.076425748987148268e-01
2.356758175138983002e+00
8.338314252175287322e-01
8.324459126418256583e-01
3.503311685239496764e+00
2.750468688329323896e+00
4.632333762565056468e+00
1.208324385742727713e+00
1.421385799920415138e+00
1.518534427932793252e+00
1.497584296387676206e+00
3.722132184853779169e+00
2.237958077947682867e+00
1.814676782365542751e+00
2.395877614078776308e+00
3.855105793564737038e+00
2.711715031909403439e+00
3.689259352145777715e+00
2.494190098144240864e+00
1.832335931910378690e+00
5.078204661913418683e+00
2.502247498261085834e+00
3.283043308168089425e+00
3.070992547870807332e+00
4.432828085844515265e+00
3.426916312266354847e+00
1.831396947864026403e+00
1.564259593410819660e+00
1.192818997046051210e+00
2.111725770552036696e+00
1.223897880802817584e+00
9.892211522509531951e-01
3.849024886612799179e+00
4.880451469729696901e-01
2.670968913731022187e+00
1.639729731451810890e+00
1.572292635568127039e+00
2.647543867356414893e+00
3.517425765935863868e+00
1.248560416495096276e-01
1.403439723483876023e+00
6.392328152306721023e+00
4.213609823791320541e-01
2.084508394000996301e+00
1.912172034359052253e+00
2.475435101114661141e+00
8.820500479868117472e-01
1.626691990264105270e+00
4.751317069885764077e+00
1.812549918799248871e+00
2.136759704341462562e+00
3.443434504932100904e+00
1.435529939489808671e+00
3.616656633918888364e+00
1.683482490878950300e+00
8.112295266451713616e+00
5.873462289891312471e-01
1.277535302548282514e+00
1.067852357176688471e+00
2.199323696221746616e-01
4.434137988062687441e+00
1.729999822630728046e+00
7.275777862393056239e+00
2.116895215194437352e+00
4.222880952656010156e-01
1.121951817865306067e+00
3.588203392991835106e+00
2.002339991795594187e+00
2.585059647319697174e+00
1.297518374366054106e+00
1.868507252373178718e+00
2.363225598246279091e+00
2.356427202549622901e+00
2.842031891288243628e+00
6.922968026129655561e-01
1.325930010259078529e+00
6.179727135921429415e+00
2.225823312231712148e+00
2.540337595132049042e+00
3.029052835424522971e+00
3.846345773790962763e+00
2.183593034436734914e+00
1.587758932583495763e+00
7.348110000288251342e+00
1.904333279913305033e+00
3.019236681766121588e+00
2.293638188448225979e+00
2.333098752099241668e+00
1.446532455112716775e+00
1.029892817355145374e+00
6.232909987768056936e+00
1.692819826481298806e+00
2.075039591604991074e+00
2.303858932424530437e+00
2.558715195744161175e+00
1.594564958958992973e+00
3.290925112183623047e-01
1.132236575448657190e+00
4.090516866579613442e+00
4.535504077082085139e+00
3.672481221234902282e+00
6.614564397835759557e+00
3.070196748966312228e+00
1.097732015831538233e+00
6.612614437473868456e+00
3.333333333333309834e-01
2.717167678472890202e+00
8.310881061126362823e-01
1.527804350489487151e+00
1.219837457176757622e+00
2.422420520304837677e+00
5.477355974166197683e+00
1.924402460547664617e+00
2.378918488044102109e+00
1.750190434568392961e+00
3.545626585692124078e+00
4.233157808232713926e+00
2.020138444367129082e+00
4.297669397885286457e-01
2.874529311040287638e+00
3.391214930804134386e+00
2.795725843513394704e+00
4.927328768963370464e+00
1.770986637175058886e+00
3.589886724223944725e+00
8.612031986369144576e+00
3.798577458506704918e+00
4.458713431475563205e+00
3.187012394117044067e+00
6.445025591784760088e+00
4.705179498232542556e+00
3.667370988395745712e+00
2.860555634290567473e-01
1.572974459889207255e+00
2.708342494679877976e+00
1.743172641409918455e+00
1.844249125547335666e+00
3.705223331835282519e+00
2.399193640214600354e+00
2.765833469543325318e+00
1.777421748332145057e+00
3.017485210193570300e+00
2.789781370751513112e+00
2.149224661163943839e+00
2.781671010326114413e-02
1.077679335468404220e+00
5.973974861136987613e+00
2.170573141019610741e+00
2.945371719398451660e+00
3.237812964508861580e+00
3.425528109886233796e+00
2.061987287075145669e+00
1.490015599874392693e+00
6.893182933926444100e+00
1.833867825084934511e+00
3.074602676916744048e+00
2.661150729247527380e+00
1.851570385115983042e+00
1.487192178811540089e+00
1.488485069879061484e+00
6.090586139232708085e+00
1.575950093102252536e+00
1.904305860972224762e+00
2.607025009590272280e+00
1.607968660198429545e+00
1.754978800126323790e+00
3.333992926793379330e-01
1.387496894639367540e+00
2.979046704105114518e+00
4.003379009395909627e+00
3.586136734891549604e+00
4.314962123138759154e+00
3.441820598738273507e+00
7.506269335392422581e-01
4.731752576203984262e+00
3.362507194326672444e+00
1.657063572352737824e+00
2.628234604560089060e+00
4.043369725261690917e+00
5.608817684328772479e+00
4.518632704813028589e+00
3.195413833207567222e+00
2.870942740697479678e+00
8.762140958086656051e-01
2.164946640276726342e+00
3.473403208257385355e+00
5.209524711836309052e+00
3.845258647196108992e+00
1.663016338801071470e+00
1.739861740477247620e+00
3.005425455522773515e+00
2.803697909644002895e+00
2.813261793916980835e+00
1.550441038568638019e+00
1.462645847094833584e+00
4.905337763699253451e+00
1.604450271031609532e+00
1.202641271769268938e+00
2.617112027334807411e+00
3.216440487627604483e+00
3.817132322764833052e+00
1.933794810092365424e+00
2.061974256639407255e+00
3.382891476232207761e+00
9.324636929986596101e-01
1.965693746549570520e+00
3.989546150937570701e+00
5.687493322797148920e+00
1.496455182375295179e+00
4.693018382612263117e+00
4.020463473019077583e+00
5.042097728783512700e+00
3.136247650989674174e+00
4.582562808997873383e+00
6.141441025750580707e+00
1.006755830603986768e+00
6.448382172096782661e+00
2.339579813275862730e+00
4.374849156265223193e+00
2.396775219833559234e+00
2.417980616135348981e+00
2.674484978727763806e+00
1.132802641819067091e+00
5.893000333110298250e+00
2.806603806167033976e+00
4.388377866469236999e+00
2.378200231040951795e+00
2.893796188925505941e+00
4.512627787911033472e+00
3.931160942389363977e-01
1.137242112913671832e+00
3.102818061855622034e+00
4.757509881909958160e+00
2.975962769725157386e+00
3.483586471324919831e+00
4.132472543481848781e+00
1.183895561192324974e+00
6.325549177865386064e+00
3.385798392514601574e+00
4.328209042242860960e+00
2.929825882927287406e+00
3.930732216461618744e+00
5.309315537581231759e+00
1.280776582531387930e+00
1.082473111174615754e+00
2.563959989825754349e+00
4.961133985223956877e+00
2.326415502668246038e+00
2.590163278889176635e+00
3.550390695703531829e+00
1.875834838641575741e+00
6.386669383546182965e-01
3.546878265462442670e+00
5.213427405765680867e+00
3.154028885896517309e+00
3.713678719529507788e+00
5.004099972372965333e+00
2.208307920678295400e+00
4.687964553125236300e+00
4.342958142809134614e+00
5.402692502031622546e+00
3.528620287675700240e+00
4.319943764837013589e+00
7.075533276159404750e+00
5.394570802522138386e+00
1.719343018399020762e-01
2.610154103559665373e+00
2.189817470473627736e+00
2.170845982140948482e+00
2.889519007412246765e+00
1.417491350638205860e+00
5.236361412456493447e+00
3.899916936181455185e+00
3.343711300607642212e+00
4.906017904675285202e+00
3.053275162052413894e+00
3.407085848116567117e+00
4.952199930477974021e+00
4.433213207151331936e+00
3.817887102390187692e+00
