3.616341278594603637e-01
3.493160712583193828e+00
3.419402762533105378e+00
3.844405898483822526e+00
5.045769944557359388e+00
9.817507956926236901e+00
1.198957534545126435e+00
3.879454917701932626e+00
3.767596540797811144e+00
4.177023344327900567e+00
5.150919851438800379e+00
9.922698803294316861e+00
1.573293119158259090e+00
1.942893147266476772e+00
2.591058604791565134e+00
2.462470806544821311e+00
4.564020075745493621e+00
9.800060516013738621e+00
9.470166392442145309e-01
2.891528493634633601e-01
3.831374147744437408e+00
4.122345714159149743e+00
5.367595775588995366e+00
1.031208934586727466e+01
7.732560125246195071e-01
1.168184517484334606e+00
3.228289939968306044e+00
2.668985989454469632e+00
5.269857995868420630e+00
9.549750933576442335e+00
9.963657970736399250e-01
3.305591507853264943e-01
3.779909821031479655e+00
2.835005579691431077e+00
4.458059865375436637e+00
9.574192604117587990e+00
1.150100379314923371e+00
1.453054735988482948e-01
4.026706281636728058e+00
2.581447065864670432e+00
3.777501487959803672e+00
5.203732668301332076e+00
3.088318767297486556e+00
3.187393431571203362e+00
4.724114359346383019e+00
4.132337596042638062e+00
4.600642992911303963e+00
9.972827226777271292e+00
3.921096130890949549e+00
1.887214998573770286e+00
4.057067879532449517e+00
2.729260210989924662e+00
4.715594417736724608e+00
1.028197190400150696e+01
3.534894332876850953e+00
5.895694719361775915e-01
3.436670897880520048e+00
4.268131808259025384e+00
5.058555490023157297e+00
1.032175798312741222e+01
1.935321409260958747e+00
1.577782991262933310e+00
2.087570199364536361e+00
3.751096687768798343e+00
4.923672762779763623e+00
9.556602942832626013e+00
3.048287294201875497e+00
7.825421883033977233e-01
3.251555688945585221e+00
3.753494633079488718e+00
4.392259196403982990e+00
9.742642843513539930e+00
2.964968742159705073e+00
2.237585508960127922e-01
3.759583386797074045e+00
3.173042525847231676e+00
3.927703559592648830e+00
5.248869626278690248e+00
3.758986463208971340e+00
1.494780260280083040e+00
4.092057429798974688e+00
2.871366841197274145e+00
4.662163992663191259e+00
1.015266181405141488e+01
3.133267109527858807e+00
1.006622439324656115e+00
3.764605658008745248e+00
4.586571603369992367e+00
5.278528338203822834e+00
1.034684871624869196e+01
1.925147912023332353e+00
6.962258934119619491e-01
2.696336541945284271e+00
3.720219078878633123e+00
5.292987453446339252e+00
9.664775396768666482e+00
2.682604459769077465e+00
1.095866947818688431e+00
3.660928184480668701e+00
3.826062814335188023e+00
4.747608701036519108e+00
9.431179435141224587e+00
2.731072594759430316e+00
1.545086112025244374e+00
4.192277925497825741e+00
3.524598187737543409e+00
4.299705450229339476e+00
5.320705104228447446e+00
3.943030064966694948e+00
1.647896351292217787e+00
1.928723867786239055e+00
2.841031583673687688e+00
4.965270087391796316e+00
1.063839182605598310e+01
3.051009410237518704e+00
2.142578811457843901e+00
2.349502219589143071e+00
3.313327059595939428e+00
4.861969428375289226e+00
9.913390118930445638e+00
3.563421979818019114e+00
1.620689353732855720e+00
1.953582643882998182e+00
3.208844066678329110e+00
3.201345695069761188e+00
9.815014040118409611e+00
3.429594141215829950e+00
1.586973237585032281e+00
1.959830627916950618e+00
2.880522270065924317e+00
2.473374360625388846e+00
4.781163382038083220e+00
1.932516946271402913e+00
7.240656694280763750e-01
1.266562448523321338e+00
2.845866110560959950e+00
5.570527891375737006e+00
1.002270745263674279e+01
3.072048515177926209e+00
1.154541898878096218e+00
5.647342876808920664e-01
3.872103180790208654e+00
4.910286649155408689e+00
9.965444311358377050e+00
3.054844107431005984e+00
1.316195207127976774e+00
3.023216678996713466e-02
4.167697407082330052e+00
4.235435241822944619e+00
5.563140507675569779e+00
1.653329796298835364e+00
5.819954492240538846e-01
1.438230020805346898e+00
2.557943413406428501e+00
2.828016042634473592e+00
9.281597545583005981e+00
1.440896724466898648e+00
1.105744459571942118e+00
1.353742423634969327e+00
3.505483730430742018e+00
2.387560281090728154e+00
5.435596097720008402e+00
2.606601859058875537e+00
1.415621678342193546e+00
4.974195494831690212e-02
4.161231687460627882e+00
2.573762221180511123e+00
4.633284266287732933e+00
3.912811042450788368e-01
3.496679047503584936e+00
3.714192420411341455e+00
3.874342353579770304e+00
4.919773463218045428e+00
9.498664683878965675e+00
2.005896441663832075e+00
1.997653751276224909e+00
2.692280847033738045e+00
2.323577611048022629e+00
4.449890178880082203e+00
9.528515584899347246e+00
6.101050818217513827e-01
4.209520080641790396e-01
3.476298925093699754e+00
3.830435884746433484e+00
5.150332278850896728e+00
9.881157353163091628e+00
1.036513097182563570e+00
1.486227085410064319e+00
2.881484691398114251e+00
2.622296703263558015e+00
5.038579329776325721e+00
9.202433876572190030e+00
6.857870518963503637e-01
4.532983934602370368e-01
3.407464301940120066e+00
2.789379362001236817e+00
4.173888470458725131e+00
9.145543024001002053e+00
5.436320124881509619e-01
4.819081983889788035e-01
3.721538109745106571e+00
2.494019164588247239e+00
3.507071333484141906e+00
5.033225326256816068e+00
1.954163659719647228e+00
1.507671411939324857e+00
2.909333952350190433e+00
2.496951977489089369e+00
4.420915817866870157e+00
9.476995421956939225e+00
4.115287682109567413e-01
1.083084257639037817e+00
3.868535152088873108e+00
4.162220284438027385e+00
5.224937574402910734e+00
9.956583912412286352e+00
7.774430771552545139e-01
8.741037927537623764e-01
3.277707611170486590e+00
3.012068023976055997e+00
5.152762158352686583e+00
9.327307965230689391e+00
4.414243661192654433e-01
1.133700583482748270e+00
3.817247457342322292e+00
3.176066109318602226e+00
4.503034972780029399e+00
9.311753071782696622e+00
2.849119760907197763e-01
1.341625826199194904e+00
4.105405849912096450e+00
3.028920739211969249e+00
3.874565896623866745e+00
5.115697393968891227e+00
2.169212382667078831e+00
1.701183974812541466e+00
2.038881708509478585e+00
2.420055496605753920e+00
4.639554257051590191e+00
9.813558033045621798e+00
2.346438237526305315e+00
2.114751503748215189e+00
2.481027621631090252e+00
2.069565280328428347e+00
4.545489721733010136e+00
9.203257570010757505e+00
2.297530744994636276e+00
1.667274714054664431e+00
2.046224199565573887e+00
2.015631364500317435e+00
2.756527169001463218e+00
9.161869826049267473e+00
2.211319739792747541e+00
1.674533723993867795e+00
2.093459458248103200e+00
1.699338759653590047e+00
2.122087537251939438e+00
4.411891887640507548e+00
1.109145619181750364e+00
7.923431482034727358e-01
1.392535288079831846e+00
3.195368941971466370e+00
5.337088563513106010e+00
9.558392026274020736e+00
7.555419178197654295e-01
8.663958005117157191e-01
3.094852098314906930e-01
3.751635335871770227e+00
4.451846517310053208e+00
9.634143134651386831e+00
5.573950039574041559e-01
1.020519779739245791e+00
3.540447529841799224e-01
3.983087896648656479e+00
3.738230924000289779e+00
5.285800179846138924e+00
1.397765449076918687e+00
6.228794512676678607e-01
1.281826623745961458e+00
3.151089052818807801e+00
2.099097270243376556e+00
9.010403535986275969e+00
1.192586830677128562e+00
1.118118584018408912e+00
1.533075724453572208e+00
3.455325245724952143e+00
1.852219167007570944e+00
5.138589067767014740e+00
8.595194745956954430e-01
1.089112304360290606e+00
2.979467152008605235e-01
3.975821280464662433e+00
2.048537638816640083e+00
4.114656181642589949e+00
1.789395492581445923e+00
3.746377731182889637e+00
4.208706679870914513e+00
2.709256216540685269e+00
4.508691030207984340e+00
9.841941729760433688e+00
5.682948122077581266e-01
3.092668767544903830e+00
3.188354562037355233e+00
4.212270515140419391e+00
4.797301503381902421e+00
9.824069786359030942e+00
1.049069118700094450e+00
1.976780093137819660e+00
1.926540308362241660e+00
4.027046432138074117e+00
4.688127935320096640e+00
9.373138059023412794e+00
3.992187881752980450e-01
2.671941499639892026e+00
3.009523974213939912e+00
4.037529412244609262e+00
4.274177137455032138e+00
9.618818187855387336e+00
3.046861050267217763e-01
2.668147172715750859e+00
3.763168834236051197e+00
3.494409402352545158e+00
3.960758210395134871e+00
5.098947640089288136e+00
1.951867911465194894e+00
3.935041686826263430e+00
1.991862037001214558e+00
2.686983575558654191e+00
4.830209224098562792e+00
1.033241791558703149e+01
2.122254897377501504e+00
3.038002085566364752e+00
2.412507501781995245e+00
3.435824839685172716e+00
4.713941221031319628e+00
9.649345303310257194e+00
2.052654877661117538e+00
3.556157771548178470e+00
2.014656055633255338e+00
3.333526871841551387e+00
3.074332044571191247e+00
9.525628651643446076e+00
1.958073580033800054e+00
3.431707945319381281e+00
2.014612888915240152e+00
2.989665849381244467e+00
2.325100294839840487e+00
4.673553910012155477e+00
1.155541635119815114e+00
1.968894486196868243e+00
1.606419773428200415e+00
2.256475126508647122e+00
5.107449006097046329e+00
9.628056022917677481e+00
6.104100886987756658e-01
3.047700982847933560e+00
7.221124497822799526e-01
3.303005675202633995e+00
4.532313660362127017e+00
9.406824737922853785e+00
5.002481624269042859e-01
2.997088716692162702e+00
3.804977008041371955e-01
3.757729466815803221e+00
3.912737000310908542e+00
5.361977620143591139e+00
1.265244628467873556e+00
1.666729462435836195e+00
1.926347320180991973e+00
1.870754886503354752e+00
3.086776212447347234e+00
9.245610767172337319e+00
1.109499509682469354e+00
1.400332558287305629e+00
1.686439742607343417e+00
3.121491753422624527e+00
2.377702314759952973e+00
5.224062314094585879e+00
7.133027347384010008e-01
2.544946177864802817e+00
3.186473201097044239e-01
3.742680681364090045e+00
2.539830720596081282e+00
4.319015195945580921e+00
1.964688936572156708e+00
3.758776093492913528e+00
1.640268015702808668e+00
2.824962807515891683e+00
4.740912040717755183e+00
1.015843784606909317e+01
2.116784856155552230e+00
2.968621635321424979e+00
2.120653535539898993e+00
3.494215631513986065e+00
4.676106379417642067e+00
9.571831880631011202e+00
2.055880955070899407e+00
3.442520752676480722e+00
1.606102957508670270e+00
3.412783448018051669e+00
3.192543212745903691e+00
9.457852437747176211e+00
1.930613125400740371e+00
3.311038567384494424e+00
1.537906031089697478e+00
3.178441811412279439e+00
2.500877598646235711e+00
4.614667362637884018e+00
1.029550596681869878e+00
1.884930421555810698e+00
7.964832101039220902e-01
2.828616036422008762e+00
5.375818454943915192e+00
9.685715788065900611e+00
4.978590126060187804e-01
2.690911666622542331e+00
1.025126684533232746e+00
3.686544360755058758e+00
4.870772709350073448e+00
9.573810370243856838e+00
2.678099933512878006e-01
2.744144666761751505e+00
1.459750436290732978e+00
4.207641577850851355e+00
4.281868848969954122e+00
5.399664376721726278e+00
1.179338221895628536e+00
1.712468907946239627e+00
6.846060286423885088e-01
2.439034588851008323e+00
3.071275874447200405e+00
9.034735016941878527e+00
8.391052501709452827e-01
1.278296047859689866e+00
1.196143114691921028e+00
3.551854695542437046e+00
2.758197050911803672e+00
5.298451393760387873e+00
4.292701785010422100e-01
2.357180989843838947e+00
1.562876667557705046e+00
4.210164876841520076e+00
2.937564125845369745e+00
4.686952244532263556e+00
2.305999431707340008e+00
3.028959567644067707e+00
2.274759076355262977e+00
2.458041513255482702e+00
4.967021131341226692e+00
9.900056414625368006e+00
2.239439906488759124e+00
3.583291222673505416e+00
1.756079997765757073e+00
2.044154328191758907e+00
3.174258661129414349e+00
9.861763684777493211e+00
2.133754306912921894e+00
3.428146944104268456e+00
1.730540540359926327e+00
2.068858448592640453e+00
2.418503813757036269e+00
4.857979635592442946e+00
2.387813202368730625e+00
2.810432659252768417e+00
2.232669108510281664e+00
2.460031787032614492e+00
2.655642836062677592e+00
9.282941889815644387e+00
2.288970945282030822e+00
2.619078928453527411e+00
2.153704477604483802e+00
2.447863440814543878e+00
2.344134870478304489e+00
4.765320693361388749e+00
2.256999220098317327e+00
3.125144676169921976e+00
1.684700680941432438e+00
2.072938246943271334e+00
2.265589747142712440e+00
2.777845795837984966e+00
1.441423490143695973e+00
1.675854932885480819e+00
6.515667856563128746e-01
1.400208834307619554e+00
2.686630022270902973e+00
9.355230862611144005e+00
1.156274591087755210e+00
1.437809934335880557e+00
1.130934788183497686e+00
1.571613356997019650e+00
3.480972938954292939e+00
5.530736540902154275e+00
7.422226839823243827e-01
2.628328272869367321e+00
1.307020895533202776e+00
1.355109259518153808e-01
4.161246777920164952e+00
4.629867138235065127e+00
1.455967652664251544e+00
1.166132156513225437e+00
9.633609756611806185e-01
1.408882922633381440e+00
3.493899121784609374e+00
1.821615424071069356e+00
1.978524002399339565e+00
3.358613169301005286e+00
3.503464186181181272e+00
2.152499006165657480e+00
1.923949666691100902e+00
4.943696279882839661e+00
1.789958454236220575e+00
2.685312853832333868e+00
1.297524067036950557e+00
1.791787636874270506e-01
1.288246046696933433e+00
5.972950661322500743e+00
8.776391264977926321e-01
8.764537197923374379e-01
2.991719287115825576e+00
1.702316959462457868e+00
1.479014330941461397e+00
4.663166580155415630e+00
1.383758193698630068e+00
3.047032356647264351e+00
2.590405459808589939e+00
1.136475905062373615e+00
1.536230754849829738e+00
5.295659818341106551e+00
1.131027131929513985e+00
3.040806358225627837e-01
3.152201801726798980e+00
1.280878263634837255e+00
2.185679482582048916e+00
4.820449169780498977e+00
1.564564067689628191e+00
2.958747657068035442e-01
3.587636809040596120e+00
1.543263032238447297e+00
2.177414968658814676e+00
1.853664732869020781e+00
1.406974374623064961e+00
1.649841082678134230e+00
2.121108707367426405e+00
3.938528581091406688e-01
1.517856437708547501e+00
6.110102848440561729e+00
1.966007321984003964e+00
1.965970866130408723e+00
4.023731594239875697e+00
2.681608883859315284e+00
2.171979916231161045e+00
4.872699554283541623e+00
1.126307327792294588e+00
2.191163032537252864e+00
3.251474448933043160e+00
2.758497028250369798e+00
2.417078273692605084e+00
5.870029526722078117e+00
2.047768976864352108e+00
2.168004457366234927e+00
4.144132525468752881e+00
2.743568853688548526e+00
3.153448343423105538e+00
4.798735991830777259e+00
3.139435643008553711e+00
2.894010800984987863e+00
4.739056085341036173e+00
4.049113371646370751e+00
3.240671892802671206e+00
2.854535848893647199e+00
2.363222645358207696e+00
2.571252333773589527e+00
3.729415662891057082e+00
1.264523232547342391e-01
1.021970493218145037e+00
5.697983928425432332e+00
3.381929296246219963e+00
3.826817803655265138e+00
4.987980620654738573e+00
1.216894447101125820e+00
1.196231177592971706e+00
5.986773254314686987e+00
2.254437330601842149e+00
2.372708878421639245e+00
3.218781133438488151e+00
1.243145208432011373e+00
7.419580811358708061e-01
5.585454378743993864e+00
3.298897013577272386e+00
3.145656747726906843e+00
4.933664088435118167e+00
2.229116546188715464e+00
2.704843712839422598e-01
9.784945943607787910e-01
1.849469711656375637e+00
2.787174174506181767e+00
3.513895023562658704e+00
2.772771577580343205e+00
1.676392111188562239e+00
5.492525322836580237e+00
1.240951455064996933e+00
1.296086795705242878e+00
9.170920084832800967e-02
3.732707153091112673e+00
2.745585667430995969e+00
4.745274685185270513e+00
1.607345212792128164e+00
1.594673861308108398e+00
4.704045082212928719e-01
4.011043578610819615e+00
2.464141329451242424e+00
2.023226677848346977e+00
1.308157774014271579e+00
1.919777132637835448e+00
2.456678798913060291e+00
2.753461115019039340e+00
8.275209550248519008e-01
5.282348334853367078e+00
1.313200782088448593e+00
2.412967730863984084e+00
2.507337623802428084e+00
3.232970874758942070e+00
7.440259658168836276e-01
2.050262339749205243e+00
1.619911523123851227e+00
1.756333587096494453e+00
1.884419149685096218e-01
4.138693984253650093e+00
1.160493407639914265e+00
2.896731633429961317e+00
1.733222214957218510e+00
2.565307863345083206e+00
3.767854328099664141e+00
8.374469485652842604e-02
1.493911689670239129e+00
6.545122063078113506e+00
5.272164198543786151e-01
1.535774930597124666e+00
1.991156517167436135e+00
1.076474237775112419e+00
1.301962523619681233e+00
5.020209967863745959e+00
1.344922317621352503e+00
2.859607458879757758e+00
1.221191743930930329e+00
2.912714915692016238e+00
1.548014506347285435e+00
7.390072658388134208e+00
9.659372007405172544e-01
9.593372051584777571e-01
1.351268540024899378e+00
3.240712151103986916e+00
1.784966358035221523e+00
6.367860034767585553e+00
1.831682249515194316e+00
1.017873211278915280e+00
3.368063803800559697e+00
1.962210749514568420e+00
2.361175606202050137e+00
1.190572328283148407e+00
1.759125484172826104e+00
2.339170413182985353e+00
2.371262183337444984e+00
3.463555441518411659e-01
1.213822077405206867e+00
6.417417239583298461e+00
1.922795625034134703e+00
2.921844062661820285e+00
2.882401688523358985e+00
2.933251011129423436e+00
1.673317825431749784e+00
7.406694987791563101e+00
1.644904974802899433e+00
2.268638058423514625e+00
2.093536898607391894e+00
1.615410590518067124e+00
1.105803259726729992e+00
6.448892394013321372e+00
1.603335717890965073e+00
2.262364412341261843e+00
2.090837467625192403e+00
1.778718110476380732e+00
1.224316924763506620e-01
1.391071955728364840e+00
2.909439897715618173e+00
3.077732020730490348e+00
4.907105629836830296e+00
2.096009285645656917e+00
1.135897207783264973e+00
6.545782093186223172e+00
4.934402818023618242e-01
6.980854975515266014e-01
1.014859185729463320e+00
1.903586656694287171e+00
2.292509825571924065e+00
5.370670073665667843e+00
1.526822936612707737e+00
1.325709819194570871e+00
2.217054528291882320e+00
3.406316689416351462e+00
2.058822054353375730e+00
5.225384438090981964e-01
1.937672147126133781e+00
2.430315011531017255e+00
3.435471872934944937e+00
6.965012817769308251e-01
2.654712743048676771e+00
7.435807004169095791e+00
2.136827495810793121e+00
2.623343964058486133e+00
4.226007791934388358e+00
3.548097672407887870e+00
1.592828061748979396e+00
8.453294804724365008e-01
1.657467190186399764e+00
1.361066365784097343e+00
9.747060399429491317e-01
3.712966368072353252e+00
1.317631919867371382e+00
2.734183173695951652e+00
1.693243004836294974e+00
2.682894807743822607e+00
1.868031794519194877e+00
2.392511023514133084e-01
1.197520125633436239e+00
6.161607097957869428e+00
1.929584491357269060e+00
3.107034495421004294e+00
2.955907220729500295e+00
2.944205567460679962e+00
1.561373345724662798e+00
6.956428898687182283e+00
1.746065333636607875e+00
2.583351837586519650e+00
1.630987045366773858e+00
2.334315570995196598e+00
1.487818018014064547e+00
6.252341821078432282e+00
1.577992895198188306e+00
2.528429716012302375e+00
1.372946996470956860e+00
3.022864349719237342e+00
4.800826797719540129e-01
1.488185963245741261e+00
2.152952827505219435e+00
3.140266711247782894e+00
3.466256121761913889e+00
2.843700114671328549e+00
9.230225811205178266e-01
4.960695384166911914e+00
2.066164513923678836e+00
1.634713966957756837e+00
2.461183096082416366e+00
4.160436996408201082e+00
3.470945789195193587e+00
4.056004164439968029e+00
2.333460006338697212e+00
1.773056135822781654e+00
2.750311858393664100e+00
4.583545659984924470e+00
3.283228060172000085e+00
1.353397841419488712e+00
1.170282839170680544e+00
2.523369447945196686e+00
2.223834469824455429e+00
1.812725558332026310e+00
1.710130331862454112e+00
5.378224288577777124e+00
1.339896552184773215e+00
2.500193773528024632e+00
2.830844152718306361e+00
3.440171652111473577e+00
1.863494185052350760e+00
1.758827346431615979e+00
2.774673128486677687e+00
1.650347967422826967e+00
3.231546540487805430e+00
5.013784215559698332e+00
1.503836759666867806e+00
3.990615282615623371e+00
2.919075749263941422e+00
3.028661269046201365e+00
3.761860731684183445e+00
4.593516428013496800e+00
1.231577559443995940e+00
6.703428789533329102e+00
1.921495829692286605e+00
2.369578617621602046e+00
2.075901860474596017e+00
2.384245252894352518e+00
1.208545832767498718e+00
6.122463598143753849e+00
2.044649459303278238e+00
2.343813236975810010e+00
2.219388885366043951e+00
2.957138754175782314e+00
9.090434293468223348e-02
9.428564836283245265e-01
2.446826348379278926e+00
2.889008960297284379e+00
2.891211199473437077e+00
3.151239022391322919e+00
1.445190235233743126e+00
6.569301227427142287e+00
2.169644914633627852e+00
2.849565112469303330e+00
3.059211352546812090e+00
3.611185189035907683e+00
1.648790174664289454e+00
1.413594091256284768e+00
1.994126377061785860e+00
2.294591522225649882e+00
2.063362210886837911e+00
2.497405416340230833e+00
8.323693743901211528e-01
8.891769186360060084e-01
2.440294990320809543e+00
2.753630542658889624e+00
2.828854271692071265e+00
3.698839788984216170e+00
2.149082988822212936e+00
4.938399340314229669e+00
2.944725511443149202e+00
3.006540476879828727e+00
3.506432917816779238e+00
5.066709080089651707e+00
4.423515080113138431e+00
6.790096156822377216e-01
2.351212702120660136e+00
1.855855784320606050e+00
2.680767027331853569e+00
1.046244671362520196e+00
4.913746538043027634e+00
3.610905987023139030e+00
2.439456177475280096e+00
2.581960974513692886e+00
2.878422373180827609e+00
3.397077749593483187e+00
3.627062774296327063e+00
2.310028045335523306e+00
1.430178929863875625e+00
2.139691370642424317e+00
1.604174971579017894e+00
1.908311542887387302e-01
1.450726447381694539e+00
5.898940761649943632e+00
1.488510184393298630e+00
2.443682711157369736e-01
3.231447538561301513e+00
2.095137235701609590e+00
1.609539656998625334e+00
4.386016224413263664e+00
8.919894574486614269e-01
9.789417376053393127e-01
2.592970636902310222e+00
1.975832991367302727e+00
1.930648358349496219e+00
5.273483951151999527e+00
1.559258342731034475e+00
5.867980238181284003e-01
3.375704265351104905e+00
2.244876578008231149e+00
2.562967516510048060e+00
4.656553362644718419e+00
2.544679685904208899e+00
1.034178498625398790e+00
4.101252727076982296e+00
3.498442331584589393e+00
2.743120511213145374e+00
2.437848980504838892e+00
2.361224455380960929e+00
3.734429896533877358e+00
3.970565037972543454e+00
4.025384947009573722e-01
1.078652108958878530e+00
5.521704877362910047e+00
3.416950431072868444e+00
4.254040633927407278e+00
5.223158884227288468e+00
1.431124264024110859e+00
1.154966760482454502e+00
5.919357137245185640e+00
2.211145896428868607e+00
4.270942389160590658e+00
3.315560464975296551e+00
1.391904081944801419e+00
5.403925593289425899e-01
5.509292899098796603e+00
3.141098240690723742e+00
4.563150439166449246e+00
4.943773668212481986e+00
2.236703305141996001e+00
4.465364318733276439e-01
1.066956754489761350e+00
2.653269048546861963e+00
3.250954830604939616e+00
4.688180119521125455e+00
3.243320452224674799e+00
1.159314812291681873e+00
4.832685089847300830e+00
7.416575599380479389e-01
2.121161083286997151e+00
1.158881613704172198e+00
2.942877615560326010e+00
2.051525486968046597e+00
4.398976028267308713e+00
1.089115253142689310e+00
1.449834238460605773e+00
1.908593874270678725e+00
3.198181105696846771e+00
1.909819159532684552e+00
1.255997343709376990e+00
2.016531549813330937e+00
3.285504959037316208e+00
3.435032240592022390e+00
2.448860479547875002e+00
1.672758850214890458e+00
4.844938024442380531e+00
2.111589652723588895e+00
2.763691510782886329e+00
4.054432073098965361e+00
3.371544989172527096e+00
1.602145696281506160e+00
1.256558667227191561e+00
1.095467287836356718e+00
1.951127188667811652e+00
1.231376955263594253e+00
3.391143052404942182e+00
7.400824587486644068e-01
2.336957048284412419e+00
1.909700082681865752e+00
3.285548992194785800e+00
2.240030736262885735e+00
1.926526297621080630e-01
1.214089442276314657e+00
5.648225935540041043e+00
2.435104432788419704e+00
3.453692217803753461e+00
3.337770875112067603e+00
1.479050817243627192e+00
1.425201959779765604e+00
6.073612639115630429e+00
1.833703897054798970e+00
3.566016302548594918e+00
1.958677842477046793e+00
1.056645962845668807e+00
1.037410296107479590e+00
5.658624023627056410e+00
1.779340008383118343e+00
3.191991889604802513e+00
2.179701211742111067e+00
8.112944454692770924e-01
3.186011295725495462e-01
1.184226672941594671e+00
1.113977158008547574e+00
1.561492528921367695e+00
2.496762118083777349e+00
3.066368865128065835e+00
2.067189775679840746e+00
5.447244337892992228e+00
1.805228885703876074e+00
7.682212345299698208e-01
1.934391901772701372e+00
4.081324399477871623e+00
3.113500030272598806e+00
4.506681771604301723e+00
2.494109479238043381e+00
6.997568624069950838e-01
2.600843856224306361e+00
4.611623665207726930e+00
3.140784195219962438e+00
2.596264796544242248e+00
8.462147553677823453e-01
1.651559410690547791e+00
1.895619559154804845e+00
3.184525027548546827e+00
1.423437082123091502e+00
5.304961603579464224e+00
1.839941485449375191e+00
3.607320592053220309e-01
2.243287718615827320e+00
3.990757461765002123e+00
3.014598753695201250e+00
2.834201839942977585e+00
2.408559227523222379e+00
3.441728842908169383e-01
2.662123617219690264e+00
4.685295333918021221e+00
2.628055583003591433e+00
3.553084921094022519e+00
4.373023112840475513e+00
5.563146529996335410e+00
4.446024613947121118e+00
6.328918152364110483e+00
8.963751769611931763e-01
5.527858286943074795e+00
2.861799606455632361e+00
5.278476774732918209e+00
2.697008889050655167e+00
4.028566607831986168e+00
5.935780067831410989e-01
5.289271688962362106e+00
3.995942685114452164e+00
5.780408890101052855e+00
3.612475225312700378e+00
5.896719362016914268e+00
4.273125252004807417e-01
1.124053687649653854e+00
3.950164606914151388e+00
5.701214971731052295e+00
3.832804468412215115e+00
5.349436664041770761e+00
2.521096272193616983e+00
5.465316104501831695e+00
4.985595133967392734e+00
6.352365668939735421e+00
4.668659626891328962e+00
7.127036033327395437e+00
3.671582945857091662e+00
9.445803045237030071e-01
4.022366971336631458e+00
6.432079995618257051e+00
3.317356458271195851e+00
5.536128519513614954e+00
3.590819819852493655e+00
1.968382191624865885e-01
2.211515530702946819e+00
3.754530407823958971e+00
2.536306810030879433e+00
3.568068851982488354e+00
2.500453134619243567e+00
4.949894454579301772e+00
2.462846467142810525e+00
3.350909501025048254e+00
2.970216204402314375e+00
4.440594188503268924e+00
3.433920202500593266e+00
1.386164833020472997e+00
1.196054003817754507e+00
2.150988872721995904e+00
1.188874557426035095e+00
1.084586968809399421e+00
3.809794349137324954e+00
2.612038567635901032e+00
2.018754849207274216e+00
3.500124396519462611e+00
2.260050404338585395e+00
3.464817229587050296e+00
2.948545685838369845e+00
1.900516401204806582e+00
1.704857437299931888e+00
2.302256426868277916e+00
2.653233256142007335e+00
1.878616623186447898e-01
1.204705146591872333e+00
5.924830066756168634e+00
1.934292949461205779e+00
2.281298119583244688e+00
3.069467114060870472e+00
3.035451292525939149e+00
1.541132266654496874e+00
6.970121158504753112e+00
1.761838533732091205e+00
2.491010322950415468e+00
2.527399933502948670e+00
1.769105028691323467e+00
1.173963280348583771e+00
6.149796332326380899e+00
1.574030863062777286e+00
1.553656030748683081e+00
2.507596226265858430e+00
2.955174937657863321e+00
2.308665732608865540e-01
1.421824313546289131e+00
2.694986887826225086e+00
3.399639800741169893e+00
3.237981192912494866e+00
2.350507714873471432e+00
1.012053856276118324e+00
5.903589453051988123e+00
8.864267671164114404e-01
1.896213452268104449e+00
1.272023624450308477e+00
2.038916511482538940e+00
2.339552631391633497e+00
5.012543428715919624e+00
1.831404972028011002e+00
9.707282600710603893e-01
1.530895712522482688e+00
3.526772709342816281e+00
2.499941172655789412e+00
8.079020735930010355e-01
1.749997391987535567e+00
2.669036824049328516e+00
2.548365596207606387e+00
7.853128615022176851e-01
3.004341989286023473e+00
7.428695009518084369e+00
1.193382623840461010e+00
1.627508379474875255e+00
2.484059916055436634e+00
3.118299874784001613e+00
2.036470737188921021e+00
1.292294106782141627e+00
1.931904612819463241e+00
1.020550653225768656e+00
1.444663187400719195e+00
4.025257321411069178e+00
1.568962796190997322e+00
3.210256880952747860e+00
3.004461726104305175e+00
3.725676225550083931e+00
2.987411291995253126e+00
5.025989870941136139e+00
1.163550673632720134e+00
6.639028188065310587e+00
1.921006660797189625e+00
3.374150062084112278e+00
2.323841818153558947e+00
2.511548484812569537e+00
9.014578361959800779e-01
5.955850182354708977e+00
2.063146628616338685e+00
2.913878108202482053e+00
2.315678150335219510e+00
3.340575183231370371e+00
3.824346374023930295e-01
1.087887798553713425e+00
2.466348434455145622e+00
3.710766349640465478e+00
2.828726921515558601e+00
3.410052451801301121e+00
1.454107971407149646e+00
6.586855956505395682e+00
2.160255450241198361e+00
2.731237889646697337e+00
2.830134985788779201e+00
3.790109998791488355e+00
1.803376356240657286e+00
1.372545328934869913e+00
1.997459382934039240e+00
3.456606326928939321e+00
2.258910972968797726e+00
2.586231277206427759e+00
1.071313660732395645e+00
6.424329623588785898e-01
2.928405454876431779e+00
4.203867063011609950e+00
2.783633937033595629e+00
4.487891484538839570e+00
1.481738446935185749e+00
6.113634892113907426e+00
3.745006799272953657e+00
4.524836392969490362e+00
3.116191002744481242e+00
6.387147438097234620e+00
4.741424334981201305e+00
3.600441479535720357e-01
1.508495028608282551e+00
2.626838407100175576e+00
1.701706712779326169e+00
1.775046997739248011e+00
3.780545755750170489e+00
2.758523336204435683e+00
2.822404630008909177e+00
4.211436247782629039e+00
2.704996138050412835e+00
4.547814876366156334e+00
3.864237119345578009e+00
3.284598593679120881e+00
2.716438584298584313e+00
3.834783305062719361e+00
3.187375308961577947e+00
3.738134703051237739e+00
1.159902524487212760e+00
6.385042313224083443e+00
1.853887111519582076e+00
3.460419184967264528e+00
2.649692145194591841e+00
2.017890575099153150e+00
1.312863776951616046e+00
5.814567399281013849e+00
1.635467047413519337e+00
2.806191772038838295e+00
2.599672641393480088e+00
1.967821624955444548e+00
2.125457700523745996e-01
1.069209076692694937e+00
2.334786039614621611e+00
3.650159139237113326e+00
3.042613371030400859e+00
2.873865755424410917e+00
1.613550201356043656e+00
6.362628406354883914e+00
1.913630275087793819e+00
2.587468038081170096e+00
2.992168377761185383e+00
2.815090612508072354e+00
1.857310551522890707e+00
1.487442757620552669e+00
1.667268643179806276e+00
3.088244249790279117e+00
2.507181066897505861e+00
1.793072196556636300e+00
1.362981972588594770e+00
1.119132013214291677e+00
1.782163295888838261e+00
3.299684439216671539e+00
2.810520218168977014e+00
2.498736993504157677e+00
2.463503853964846169e+00
4.593008645150622016e+00
2.253335374501182375e+00
2.320473421457961649e+00
2.829360276846748068e+00
3.448924559186197225e+00
4.042131281857712644e+00
1.312281665867345737e+00
3.149113648515822206e+00
1.243951260018808513e+00
2.138842745800277001e+00
3.673810742731092205e+00
5.525012135758632148e+00
4.399341318428351855e+00
1.794398145591263871e+00
2.023350487511265783e+00
2.417812650697933829e+00
2.858851298743309233e+00
4.030776065598710822e+00
1.046416051119209101e+00
3.244477969631572645e+00
4.967980014057502558e+00
2.943668436267056876e+00
3.502468304537085686e+00
4.392210498547281183e+00
6.086653305746211551e+00
3.772740207483310737e+00
4.884574707688424944e+00
2.883114385593888329e+00
4.100133579116545413e+00
5.831912070599575948e+00
8.477069686649881808e-01
2.456020541009110048e+00
4.766906684087449442e+00
2.330565696963409206e+00
2.526562474233467359e+00
3.420912672962197920e+00
6.482321422263247479e-01
3.269532278553127558e+00
4.940556610495813850e+00
2.768168678780188241e+00
3.432668908210442904e+00
4.568469339768772564e+00
1.797283241508049967e+00
3.038820243710225188e+00
4.397830264332204031e+00
2.916468410854759608e+00
3.225805208982821970e+00
4.401143863457193106e+00
4.214461708794868144e+00
