M6,24.915560757216877,40.34338498486826,34.74105425791486
M7,50.66572575796095,49.33427424203905,0.0
M8,10.597484100524273,8.848874069707072,80.55364182976865
M9,92.0863248372537,4.491745536319986,3.4219296264263157
M10,13.9101138854648,77.4124536679707,8.67743244656451
M5,48.08245317381133,29.04365329175074,22.87389353443793
M7,49.31956349554036,50.68043650445964,0.0
M8,8.426499140950833,8.320180349637607,83.25332050941155
M9,91.41814757108291,4.513203904904461,4.068648524012627
M10,14.021277739589756,76.71651838670236,9.26220387370789
M5,49.80268900582538,29.652655406131323,20.544655588043298
M6,24.942267789752147,40.296695547550286,34.76103666269756
M8,10.538209975682081,8.70872349543629,80.75306652888163
M9,92.39634900906621,4.28025264277484,3.323398348158946
M10,14.439349371977796,77.2847138446338,8.275936783388403
M5,48.080157236559614,30.532200164232673,21.387642599207712
M6,23.19329253678361,41.20488550015153,35.60182196306485
M7,49.14835632129212,50.85164367870788,0.0
M9,92.24287866674997,4.499572835748947,3.2575484975010793
M10,13.567116223977195,77.954288041843,8.478595734179805
M5,49.85150707637074,29.56029281066187,20.588200112967392
M6,24.949233378944022,40.20198735864362,34.84877926241235
M7,49.36611552363061,50.63388447636938,7.105427357601002e-15
M8,11.061702909506117,8.249320145730513,80.68897694476337
M10,13.42227518399205,77.77120329964244,8.806521516365507
M5,49.53648494608373,30.092056371184864,20.371458682731404
M6,24.60313936518964,41.00802856758811,34.38883206722225
M7,48.98848232197108,51.011517678028916,7.105427357601002e-15
M8,10.119573733485064,9.302463464450845,80.57796280206409
M9,92.25754333709439,4.66623585082811,3.0762208120775005
M4,18.916720869386435,18.995773870398665,62.0875052602149
M7,49.62004159647287,50.37995840352712,7.105427357601002e-15
M8,8.677359558178216,8.2966902730761,83.0259501687457
M9,91.395316955079,4.667766747268371,3.9369162976526324
M10,13.94836380291342,76.96756540387302,9.084070793213556
M4,21.28580422025495,20.459377214773497,58.25481856497156
M6,25.474072217151114,40.310570786946855,34.21535699590203
M8,11.011314217873167,8.776485993242073,80.21219978888476
M9,92.5096551308138,4.43654313760225,3.0538017315839525
M10,14.545363136532364,77.61743697757534,7.8371998858923035
M4,19.307281356678875,21.309312307294547,59.38340633602658
M6,23.803202693059077,41.151043523743155,35.04575378319777
M7,49.675337005359665,50.324662994640335,0.0
M9,92.41397245263738,4.637708546523229,2.9483190008393896
M10,13.750229315955771,78.30454042374673,7.9452302602974925
M4,21.534233159161495,20.29005236349073,58.17571447734778
M6,25.512475768773214,40.20254344293364,34.28498078829315
M7,49.90193352537875,50.09806647462125,0.0
M8,11.52815125074015,8.33566192735581,80.13618682190403
M10,13.649917265783268,78.0739955121035,8.276087222113233
M4,21.220120173391315,20.89325987301918,57.886619953589516
M6,25.269003308977826,40.87390314371146,33.85709354731071
M7,49.71574850636758,50.284251493632425,-7.105427357601002e-15
M8,10.639801354847275,9.330127455940483,80.03007118921224
M9,92.38713345257672,4.727333470011852,2.885533077411428
M4,18.75599178832575,18.868554521536083,62.37545369013816
M5,47.89789549531729,29.169026895687043,22.933077608995664
M8,8.562243016916979,8.22078163226032,83.21697535082271
M9,91.67112531165233,4.477095435901752,3.8517792524459153
M10,14.410981489859859,76.84211955368623,8.746898956453904
M4,17.358663911801795,19.6739575633921,62.9673785248061
M5,46.64177805852635,29.899806651787856,23.458415289685796
M7,48.427433526010944,51.572566473989056,0.0
M9,91.55906908066234,4.634716741096659,3.8062141782410013
M10,13.623258803512321,77.43425855566707,8.9424826408206
M4,18.95889021879157,18.72371304875451,62.31739673245392
M5,47.96303832887195,29.0962123664846,22.940749304643447
M7,48.3487168724084,51.65128312759159,7.105427357601002e-15
M8,9.062167521922968,7.849029449028163,83.08880302904886
M10,13.524128229602693,77.35468125583641,9.121190514560894
M4,18.455004231833783,19.23213309870889,62.31286266945733
M5,47.414370580544904,29.602648856620657,22.982980562834438
M7,47.94196036659484,52.058039633405166,-7.105427357601002e-15
M8,8.17053474723069,8.602840786200357,83.22662446656895
M9,91.38002104729377,4.850974477642521,3.7690044750637126
M4,19.079755460676786,21.199816941481362,59.72042759784186
M5,48.20977051666649,30.601840970046432,21.18838851328708
M6,23.648090220975558,41.20304198954263,35.148867789481805
M9,92.65850876701661,4.446998159829553,2.894493073153834
M10,14.045020929032878,78.25214825659756,7.7028308143695625
M4,21.390904405881223,20.07933291117455,58.529762682944224
M5,50.047997642940786,29.581307360341626,20.37069499671759
M6,25.495684015399647,40.14807520911745,34.3562407754829
M8,11.461562274387687,8.171747509086487,80.36669021652583
M10,14.103510704285503,77.96144487792886,7.935044417785647
M4,20.948375317501593,20.737606430803694,58.31401825169472
M5,49.699297285439975,30.091103392155652,20.209599322404372
M6,25.117667587919804,40.878617317745444,34.003715094334744
M8,10.454126764036497,9.201456420595587,80.34441681536791
M9,92.60028876981575,4.566900969413107,2.8328102607711454
M4,19.39218967753383,20.95641071222501,59.65139961024117
M5,48.375010373313856,30.397891875043307,21.227097751642837
M6,23.78446174778089,41.014159732711015,35.20137851950809
M7,48.403254816708476,51.596745183291524,0.0
M10,13.287595353051367,78.63841844704174,8.073986199906884
M4,19.05774557962395,21.648444415691376,59.29381000468467
M5,48.04996770208002,31.002127777589735,20.947904520330248
M6,23.418818403698285,41.823302211682275,34.75787938461944
M7,48.07221652159185,51.927783478408145,7.105427357601002e-15
M9,92.4160708031722,4.78473556643529,2.799193630392506
M4,21.199680514671307,20.592573736414792,58.207745748913894
M5,49.79326320253293,30.00848614647867,20.198250650988403
M6,25.170104366485443,40.82258875185599,34.007306881658565
M7,48.355182626422895,51.644817373577105,0.0
M8,11.013200106790796,8.816270590459341,80.17052930274987
M3,13.788038062252273,64.53804108245309,21.67392085529464
M7,51.448216404046995,48.551783595953005,0.0
M8,8.957908044179277,7.933528517712202,83.10856343810852
M9,91.48751226014505,4.197816825933151,4.3146709139217965
M10,14.418188979158872,75.62362229843752,9.958188722403605
M3,14.376676091606084,66.40880876932216,19.21451513907175
M6,24.747022093781297,39.80033693060899,35.45264097560971
M8,11.031790085048295,8.15757130559258,80.81063860935912
M9,91.94282631954084,3.9694760590323823,4.087697621426775
M10,14.321032213195611,75.97463654466488,9.704331242139517
M3,12.196778842636729,67.39911539639907,20.4041057609642
M6,22.949006957300412,40.27445074093979,36.7765423017598
M7,49.91011590455882,49.02974406961139,1.0601400258297886
M9,91.8184310677525,4.158758097786775,4.022810834460726
M10,13.615482102934632,76.20875005124655,10.175767845818811
M3,13.824282410400055,67.02636668488842,19.149350904711525
M6,24.59920557344129,39.457924222793324,35.942870203765395
M7,49.95555415834453,49.00436225904052,1.0400835826149475
M8,11.248814173057713,7.447204152924592,81.30398167401769
M10,12.971237862240487,76.0058280288758,11.022934108883717
M3,13.793153324660551,67.35497025656359,18.85187641877586
M6,24.650128545153017,40.96409903727252,34.38577241757446
M7,50.35542993158619,49.64457006841381,0.0
M8,10.694575825164836,9.166265372829086,80.13915880200608
M9,92.31653952286483,4.531367292720403,3.1520931844147677
M3,14.298277001055821,64.2832739926004,21.418449006343778
M5,48.77142176986974,28.336006929807446,22.892571300322814
M8,8.911206362868173,7.849275260026122,83.23951837710571
M9,91.89575788022552,3.9368924416970046,4.167349678077478
M10,15.075610571270136,75.41702242542699,9.507367003302875
M3,12.265376893193766,65.53124801472201,22.20337509208423
M5,47.41990351587225,29.10047425141943,23.47962223270832
M7,50.352763053156494,49.647236946843506,0.0
M9,91.7781110584516,4.1024342527655175,4.1194546887828825
M10,14.226291325473277,76.02951254613845,9.744196128388268
M3,13.67294078665553,64.79439202445576,21.53266718888871
M5,48.84376756745033,28.236670334439182,22.91956209811049
M7,50.19494142323239,49.80505857676761,0.0
M8,9.467558040820785,7.399222779802063,83.13321917937715
M10,13.989767062178139,75.9820357927281,10.028197145093756
M3,13.605401224716802,64.96472418716114,21.42987458812206
M5,48.33073134987852,28.771666210186613,22.897602439934868
M7,49.770911957400386,50.229088042599614,0.0
M8,8.4332385960887,8.348286608629428,83.21847479528188
M9,91.72277393454736,4.407652846584941,3.8695732188676963
M3,12.522908070666379,67.33384328176778,20.14324864756584
M5,47.9132561769312,30.10623243480205,21.980511388266752
M6,23.045983983740783,40.52901437861896,36.42500163764026
M9,92.34753105146326,3.9095826900276984,3.7428862585090377
M10,14.12209064952389,76.50208647085678,9.37582287961932
M3,14.32104019124732,66.74982595813606,18.929133850616623
M5,49.90376491566025,29.155437119203338,20.940797965136415
M6,24.9361837338767,39.538304942708315,35.52551132341498
M8,11.54235052327883,7.397556953089498,81.06009252363168
M10,13.781953762433588,76.27355910928793,9.944487128278482
M3,14.239372916530623,67.1272434518444,18.63338363162498
M5,49.62446650079913,30.03274300216215,20.34279049703872
M6,24.670052237150855,40.94849261987798,34.38145514297116
M8,10.630601490888065,9.030591855223916,80.33880665388801
M9,92.64827074438679,4.30071628882027,3.0510129667929373
M3,12.102989732892292,67.77653639383146,20.12047387327624
M5,47.86863935557527,29.705776546606245,22.425584097818486
M6,22.996325782368334,40.02629491738878,36.97737930024289
M7,48.7463115087277,50.34902811565611,0.9046603756161886
M10,13.021007884164996,76.45627371569019,10.52271840014481
M3,12.035828616504947,68.40832849491935,19.55584288857571
M5,47.78791348851326,30.96316766074725,21.24891885073949
M6,22.868770872323896,41.85266158213146,35.27856754554465
M7,48.774510364757575,51.225489635242425,0.0
M9,92.47998926308267,4.535313597972387,2.9846971389449415
M3,13.65235330527134,67.67510694396334,18.672539750765324
M5,49.7071936272993,29.947227210110935,20.345579162589768
M6,24.747990469586238,40.85579537269362,34.39621415772014
M7,48.99701243072111,51.002987569278886,7.105427357601002e-15
M8,11.237051689991306,8.574821152953502,80.18812715705519
M3,13.718744484172053,64.53415360319896,21.74710191262899
M4,19.178252030131574,18.516316464321235,62.30543150554719
M8,9.109136177024006,7.8528740092865785,83.03798981368942
M9,91.79833358824797,4.19457460614263,4.0070918056094
M10,14.849396761409007,75.87994092564989,9.270662312941099
M3,11.894646769291791,65.6360843620574,22.4692688686508
M4,17.681801852211358,19.32678275959947,62.99141538818918
M7,50.42999418203725,49.57000581796275,0.0
M9,91.73826057461665,4.336019242096646,3.9257201832867077
M10,14.116888425085174,76.4610926365911,9.422018938323717
M3,13.16248870850541,64.97661216822499,21.860899123269604
M4,19.41491730757964,18.33395977738897,62.25112291503139
M7,50.299073923275806,49.7009260767242,-7.105427357601002e-15
M8,9.639996502246465,7.428920874321894,82.93108262343165
M10,13.892561112247636,76.3807935480395,9.72664533971286
M3,13.185224832010482,65.12044320549737,21.694331962492157
M4,18.979401478989512,18.883221848825144,62.13737667218534
M7,50.01975934554772,49.98024065445229,-7.105427357601002e-15
M8,8.683332377211979,8.319490578637291,82.99717704415073
M9,91.65683525088254,4.576528035967684,3.7666367131497793
M3,12.187381258557247,67.48309008490678,20.32952865653597
M4,19.026396486313093,20.94387085952559,60.02973265416132
M6,23.552638947069113,40.78894126443373,35.658419788497156
M9,92.6520926808726,4.264643376902674,3.083263942224727
M10,14.177113921317225,77.51423642557191,8.308649653110862
M3,13.843098140181725,66.99423232775692,19.162669532061358
M4,21.584967894317266,19.974761412573386,58.440270693109355
M6,25.460862669864152,39.84312111737462,34.69601621276122
M8,12.00615839890246,7.632354721244883,80.36148687985266
M10,13.95773888553147,77.16116462357138,8.88109649089715
M3,13.884797267477463,67.4016999089555,18.71350282356704
M4,21.329273357740227,20.921666149487255,57.74906049277253
M6,25.247665851958388,40.998096995879465,33.75423715216215
M8,11.145752045783224,9.120215493868633,79.73403246034815
M9,92.73143190811999,4.4623073565733575,2.8062607353066555
M3,11.803944931359066,67.77700381577043,20.419051252870503
M4,19.263429385161352,20.508812377105663,60.22775823773299
M6,23.590221939844934,40.33699306123996,36.072784998915104
M7,49.46469385298257,50.26020200750426,0.2751041395131679
M10,13.26990469867684,77.65193512148831,9.078160179834853
M3,11.856584882012184,68.51763092150851,19.6257841964793
M4,19.24483509063217,21.754895213912445,59.00026969545539
M6,23.508249199329143,41.81719895233191,34.67455184833895
M7,49.306773464469686,50.693226535530314,0.0
M9,92.6102036964947,4.674037798566065,2.7157585049392416
M3,13.372697491481306,67.8700906807785,18.757211827740193
M4,21.643649534005753,20.7536031601711,57.602747305823144
M6,25.37187000514793,40.88435632729747,33.743773667554606
M7,49.54557249710257,50.45442750289744,-7.105427357601002e-15
M8,11.756612766511438,8.677119859178612,79.56626737430994
M3,12.155290408820454,65.55637145138009,22.288338139799464
M4,17.534153769734072,19.24400081306481,63.22184541720111
M5,47.15143026641879,29.29582874289548,23.552740990685727
M9,92.09695726671644,4.092349482729304,3.8106932505542517
M10,14.556808517175837,76.34949865932956,9.093692823494607
M3,13.598386218999865,64.78000576535122,21.621608015648917
M4,19.361168414282904,18.166894655119567,62.471936930597536
M5,48.649828808151156,28.380874829280508,22.969296362568336
M8,9.61182064507728,7.319907585391526,83.06827176953121
M10,14.428080669163055,76.24744301225692,9.324476318580025
M3,13.554010343335436,64.97286680027797,21.473122856386595
M4,18.82627823905422,18.75556284540624,62.41815891553954
M5,48.10289482217856,28.921756396434468,22.97534878138697
M8,8.560829152819913,8.245528761821815,83.19364208535828
M9,91.96781180570198,4.366691048079668,3.665497146218348
M3,11.778656118146762,65.86390295254175,22.357440929311494
M4,17.86060698470001,18.98872419104302,63.15066882425697
M5,47.37060422141117,29.07862500812844,23.55077077046039
M7,49.22949415854729,50.77050584145271,0.0
M10,13.692209436773204,76.80535940717651,9.502431156050292
M3,11.708777900671457,66.11695827610096,22.174263823227577
M4,17.395239849755022,19.576247400890605,63.02851274935436
M5,46.82288741742232,29.66872795281214,23.508384629765537
M7,48.84450787997478,51.155492120025215,7.105427357601002e-15
M9,91.85092176855387,4.526206543737413,3.622871687708713
M3,12.995695879800696,65.40660577507909,21.59769834512022
M4,19.04093551051041,18.60865125470555,62.35041323478404
M5,48.186124580106686,28.839805923793993,22.97406949609932
M7,48.716927847045774,51.28307215295423,-7.105427357601002e-15
M8,9.089093641536031,7.874876124401821,83.03603023406214
M3,12.096678335435806,67.75628324193087,20.147038422633315
M4,19.25763593492071,20.48454764785323,60.25781641722605
M5,48.21068480117568,30.03561757523074,21.753697623593578
M6,23.68596971650064,40.5004373205953,35.81359296290406
M10,13.712843806412522,77.75142373823009,8.53573245535739
M3,12.085638468834404,68.44759711182661,19.466764419338986
M4,19.017488419152915,21.680797800499427,59.30171378034766
M5,47.94230529514529,31.0697278150147,20.98796688984001
M6,23.348655978266112,41.9041910610352,34.74715296069869
M9,92.89355231590807,4.456168252604478,2.650279431487455
M3,13.746913175888219,67.67520231105647,18.57788451305531
M4,21.524910442580328,20.55061643610717,57.924473121312495
M5,49.97064868975004,29.983848397370384,20.045502912879574
M6,25.3703762073179,40.83810429881811,33.79151949386399
M8,11.683141800496042,8.513098691793042,79.80375950771091
M3,11.703295813767552,68.80594925320825,19.490754933024192
M4,19.393039645451598,21.4381558852535,59.168804469294905
M5,48.179414548281095,30.85055601796479,20.970029433754114
M6,23.548053016895093,41.720432017777576,34.73151496532733
M7,47.988265040624505,52.011734959375495,0.0
M2,67.79539291221586,14.4546466997305,17.74996038805364
M7,49.7280482540683,50.2719517459317,0.0
M8,8.468670726191615,8.373663746496714,83.15766552731166
M9,91.22551564701251,4.644397294689312,4.130087058298174
M10,13.558601407807696,76.98294086665645,9.458457725535851
M2,69.71891601214745,14.629112041864747,15.651971945987807
M6,24.796073423070187,40.465614896597366,34.73831168033245
M8,10.583249092788774,8.829846667489452,80.58690423972178
M9,92.19282833246692,4.425440344476247,3.3817313230568367
M10,13.963234582340876,77.60364064681927,8.433124770839854
M2,68.83352603264804,15.093505724445208,16.072968242906754
M6,23.184163743913565,41.25938750026588,35.55644875582056
M7,49.59456993476747,50.40543006523252,7.105427357601002e-15
M9,92.08164114631921,4.623738917567319,3.2946199361134667
M10,13.250591083084844,78.18843818891963,8.560970727995524
M2,69.31940250585278,14.995197134824563,15.685400359322658
M6,24.853796331141528,40.31663584374376,34.829567825114715
M7,49.814332704667414,50.18566729533258,7.105427357601002e-15
M8,11.10594241285511,8.362193800703238,80.53186378644165
M10,13.054085677091894,78.00266647350766,8.94324784940045
M2,69.69343784206669,14.814598234734113,15.4919639231992
M6,24.608185376937847,41.0839523034829,34.30786231957924
M7,49.58986525130037,50.41013474869963,0.0
M8,10.23741384077748,9.399342411285998,80.36324374793652
M9,92.1414516395918,4.7588759613079255,3.0996723991002675
M2,67.44926878802406,14.508609458714972,18.04212175326097
M5,47.727442264646,29.256615211560828,23.01594252379317
M8,8.36153845784808,8.306558823090635,83.33190271906128
M9,91.52067909787,4.44164407812109,4.0376768240089085
M10,14.01838863778827,76.8734268978464,9.108184464365337
M2,66.82329077934763,14.916490928856348,18.260218291796022
M5,46.47340920319739,29.987224830984015,23.539365965818593
M7,48.55672393677888,51.44327606322112,0.0
M9,91.4067635528284,4.596143494104071,3.9970929530675345
M10,13.298414294806008,77.40877416700896,9.292811538185035
M2,66.9123081928205,14.89912260894735,18.188569198232145
M5,47.805989094437,29.167108145783864,23.026902759779134
M7,48.46487089318798,51.535129106812015,7.105427357601002e-15
M8,8.882115700850177,7.917939573615837,83.19994472553398
M10,13.154135724515111,77.34516045786461,9.500703817620277
M2,67.10781058828974,14.804520539732795,18.087668871977467
M5,47.25147609553442,29.686075448845056,23.062448455620522
M7,48.054987274102714,51.945012725897286,0.0
M8,7.976936637694425,8.6907052543071,83.33235810799847
M9,91.24948305136922,4.840217640172761,3.910299308458014
M2,68.39087325418299,15.21396870545647,16.39515804036054
M5,47.752256438093255,30.774015607469885,21.47372795443686
M6,23.04550740704062,41.33424913030281,35.620243462656575
M9,92.35693857828922,4.423346535171958,3.219714886538825
M10,13.557235574453932,78.18157387952984,8.261190546016238
M2,68.88182102526572,15.1036183572851,16.014560617449177
M5,49.591105229696176,29.74377334478196,20.665121425521864
M6,24.85675200736592,40.28035845380621,34.86288953882788
M8,11.064688002075334,8.209298919258524,80.72601307866614
M10,13.503377551339767,77.93983655204364,8.556785896616589
M2,69.21418897702904,14.941673694008196,15.844137328962764
M5,49.21697110249991,30.29999785607253,20.48303104142756
M6,24.460981376502065,41.09588354657271,34.44313507692523
M8,10.068661209183237,9.277750786084395,80.65358800473237
M9,92.36200907321395,4.592466567353992,3.0455243594320534
M2,67.99651868029589,15.584008083515004,16.419473236189106
M5,47.93783515940646,30.542389177618006,21.519775662975533
M6,23.18096106310135,41.110054174556325,35.708984762342325
M7,48.324965710261786,51.675034289738214,0.0
M10,12.79462405681608,78.49462531436218,8.710750628821742
M2,68.26839850334761,15.474157262267758,16.25744423438463
M5,47.57753790692675,31.208301845887494,21.214160247185756
M6,22.826380863725312,42.006236214561,35.16738292171368
M7,47.94921369343864,52.05078630656136,0.0
M9,92.17427145945526,4.809602154791277,3.016126385753468
M2,68.72831717419048,15.328156513031466,15.943526312778054
M5,49.33897085906592,30.19294435011969,20.468084790814395
M6,24.550234779855096,41.00590331041077,34.44386190973414
M7,48.226697218217744,51.773302781782256,0.0
M8,10.639512426585188,8.875487923895562,80.48499964951925
M2,67.4333009732025,14.591067875311131,17.97563115148636
M4,18.695902771183675,19.01699425659228,62.287102972224034
M8,8.604509091481997,8.283091290253301,83.1123996182647
M9,91.46244656564785,4.620070366471738,3.9174830678804096
M10,13.923744047234685,77.1195791023578,8.956676850407504
M2,66.87208856701837,14.952695524922332,18.1752159080593
M4,17.356363128904757,19.769980155329375,62.87365671576586
M7,48.86892389501778,51.13107610498222,0.0
M9,91.38838669018321,4.752276177443226,3.8593371323735637
M10,13.29110438294986,77.62627608729139,9.082619529758759
M2,66.96844785434175,14.923807975155444,18.10774417050281
M4,18.92465563726618,18.853590070680514,62.221754292053305
M7,48.79938961705198,51.20061038294802,0.0
M8,9.107228997774182,7.912154018663584,82.98061698356223
M10,13.16272278480982,77.53855379270804,9.29872342248214
M2,67.22741653090405,14.812120029179212,17.960463439916737
M4,18.488465463689934,19.336913760853673,62.17462077545639
M7,48.51013222102604,51.48986777897395,7.105427357601002e-15
M8,8.260886243041167,8.64351466023255,83.09559909672627
M9,91.25486965611516,4.938610749362192,3.806519594522647
M2,68.72556047832713,15.161362181752366,16.11307733992051
M4,19.107709831121802,21.361352391165354,59.530937777712836
M6,23.625858602967472,41.30226493302755,35.07187646400498
M9,92.484044150646,4.581324637400023,2.9346312119539775
M10,13.709530471965238,78.51801402884047,7.772455499194294
M2,69.2357737566833,15.03740438889436,15.726821854422338
M4,21.366510360100907,20.297584861268017,58.335904778631075
M6,25.4053177593489,40.30103673544989,34.293645505201205
M8,11.52789174816273,8.30548418434232,80.16662406749495
M10,13.692333927211065,78.24410967457352,8.063556398215411
M2,69.64631290672037,14.861469674358544,15.492217418921088
M4,21.01724577806436,20.9309834568371,58.05177076509854
M6,25.10573119415376,40.99384726496309,33.90042154088315
M8,10.580032034267303,9.315097563928925,80.10487040180377
M9,92.45566466780579,4.675281295169455,2.8690540370247533
M2,68.39753623958163,15.46374479586909,16.138718964549284
M4,19.443462949826692,21.089849316203484,59.46668773396982
M6,23.801778263576505,41.07008526941637,35.128136467007124
M7,48.89344439354544,51.10655560645456,0.0
M10,13.0338053556113,78.83860053167615,8.127594112712558
M2,68.77893279431656,15.331404494825692,15.889662710857747
M4,19.202504989110142,21.763213681641226,59.034281329248635
M6,23.528024364292147,41.83825935972796,34.63371627597989
M7,48.71639401713304,51.28360598286696,0.0
M9,92.31129791570434,4.863517112681159,2.8251849716144966
M2,69.23753113224393,15.182976893552178,15.579491974203892
M4,21.30507929740989,20.760952651409166,57.93396805118094
M6,25.222278824939572,40.88452008083474,33.893201094225695
M7,48.981627277835685,51.018372722164315,0.0
M8,11.14983324411832,8.928390870422838,79.92177588545883
M2,66.44390024261916,15.061096937234128,18.49500282014671
M4,17.14080758268268,19.710173526305525,63.14901889101179
M5,46.25223303196042,30.137714955478295,23.610052012561283
M9,91.64890010994799,4.569336232081553,3.781763657970459
M10,13.578026263841602,77.60065543967194,8.821318296486453
M2,66.55160613808363,15.027521938433182,18.42087192348319
M4,18.771475125928216,18.728179857439194,62.500345016632586
M5,47.637451658554575,29.284864442659586,23.07768389878584
M8,9.002573766028222,7.827279286532862,83.17014694743892
M10,13.532078421670523,77.48042558844239,8.987495989887094
M2,66.74888772753336,14.940588737683077,18.310523534783563
M4,18.246836603952076,19.25015369635228,62.50300969969564
M5,47.054289766158234,29.809492309438433,23.136217924403333
M8,8.095545373649005,8.589017527392198,83.3154370989588
M9,91.4593038329801,4.794131941317098,3.7465642257028042
M2,65.98743775858462,15.393221257760764,18.619340983654617
M4,17.42445905943279,19.49958891408526,63.07595202648195
M5,46.44869146199316,29.95965610718483,23.591652430822013
M7,47.63729245800608,52.36270754199393,-7.105427357601002e-15
M10,12.887170037726754,77.98206703808798,9.130762924185277
M2,66.14347185699503,15.340486843469606,18.51604129953536
M4,16.963127416514112,20.008586924932178,63.02828565855371
M5,45.85736064530679,30.522269430600616,23.620369924092593
M7,47.24081687105579,52.7591831289442,7.105427357601002e-15
M9,91.34465527160961,4.9408096098098815,3.7145351185805078
M2,66.23400670189942,15.295905319986284,18.4700879781143
M4,18.442407085643826,19.115793793343887,62.441799121012295
M5,47.14542806516711,29.729147794451272,23.125424140381618
M7,47.18081709505444,52.81918290494557,-7.105427357601002e-15
M8,8.576246449700212,8.251669105174555,83.17208444512524
M2,67.87121800697494,15.62944174175245,16.499340251272606
M4,19.212710706663476,20.97302402716028,59.81426526617625
M5,48.08689243677474,30.608157550952946,21.304950012272315
M6,23.650459597407966,41.11664568565851,35.232894716933515
M10,13.292513509618368,78.81539191505733,7.892094575324293
M2,68.18383689925986,15.52486712597282,16.291295974767323
M4,18.85795233541269,21.676729933430092,59.465317731157214
M5,47.69483029317419,31.236241201084,21.06892850574181
M6,23.24075123659657,41.932372864590896,34.82687589881254
M9,92.50187943627412,4.715647844723198,2.782472719002679
M2,68.67828397974783,15.35766503438065,15.964050985871518
M4,21.030071786636032,20.587036903957255,58.382891309406716
M5,49.510956402134,30.187728402481405,20.301315195384596
M6,25.05046187356005,40.886745656147355,34.06279247029259
M8,10.964370142387953,8.781534604908538,80.25409525270351
M2,67.79353664055049,15.844850458440774,16.36161290100874
M4,19.189825049333326,21.46299685477228,59.3471780958944
M5,47.92205290615435,31.044285926877265,21.033661166968386
M6,23.42567286094669,41.771941949412906,34.802385189640404
M7,47.357076127441225,52.64292387255878,-7.105427357601002e-15
M2,68.18422546048866,14.044703432079807,17.77107110743153
M3,13.74388888456736,64.54729435364195,21.7088167617907
M8,8.89017143172307,7.9253979785362,83.18443058974073
M9,91.59038931922396,4.137571957144827,4.272038723631214
M10,14.420233729029198,75.82759406697015,9.752172204000658
M2,67.59633943985011,14.424615316028714,17.979045244121174
M3,11.916281539573399,65.65634292810395,22.427375532322642
M7,50.57183232031621,49.428167679683796,-7.105427357601002e-15
M9,91.5099662618272,4.280283976054261,4.209749762118537
M10,13.761886124645898,76.3317128768276,9.906400998526507
M2,67.68739866591972,14.424831227526372,17.887770106553912
M3,13.223119135502735,64.97562493643835,21.801255928058907
M7,50.43756499335631,49.56243500664368,7.105427357601002e-15
M8,9.447276205922178,7.47334041126487,83.07938338281295
M10,13.455074913965555,76.29924477282422,10.245680313210215
M2,68.01936792909841,14.268036146975604,17.71259592392599
M3,13.202451601275497,65.12598495923244,21.67156343949206
M7,50.13755782105409,49.86244217894591,0.0
M8,8.465179410538402,8.402105633866833,83.13271495559476
M9,91.50369912205602,4.55267817519867,3.9436227027453103
M2,68.59362361678473,14.924569976603438,16.481806406611838
M3,12.151000461171751,67.41034615833455,20.438653380493705
M6,22.858415702260057,40.631763511949366,36.50982078579057
M9,92.02344189799436,4.102510243385266,3.874047858620374
M10,13.64377665672316,76.8608939223261,9.495329420950739
M2,69.27678596077645,14.958661067939987,15.764552971283562
M3,13.80474393597419,66.9502727213017,19.24498334272411
M6,24.64787768968461,39.70306241238984,35.649059897925554
M8,11.458084421379878,7.497512775730528,81.04440280288959
M10,13.221632952380055,76.58180369047848,10.196563357141471
M2,69.67615491274839,14.805324887076848,15.518520200174764
M3,13.802455669541343,67.3492737569725,18.84827057348616
M6,24.522624780355862,41.112706965233116,34.364668254411015
M8,10.677751956753827,9.155341865556393,80.16690617768978
M9,92.42632994442236,4.460795772973881,3.112874282603755
M2,68.34028964029801,15.356944262514544,16.302766097187444
M3,11.779884608153166,67.73278946031493,20.4873259315319
M6,22.800521829958416,39.97141043567132,37.22806773437027
M7,48.75136365054534,49.90886626295908,1.3397700864955766
M10,12.626695437423637,76.61219304546523,10.761111517111132
M2,68.71021035182751,15.28744057066743,16.00234907750506
M3,11.79510927327233,68.46397112104201,19.74091960568566
M6,22.859550630987904,41.88761604527792,35.252833323734166
M7,49.261389325143085,50.73861067485692,-7.105427357601002e-15
M9,92.29625979447235,4.67020178688324,3.0335384186444116
M2,69.25801281678555,15.190121739207044,15.551865444007404
M3,13.295057320649537,67.82837098666661,18.876571692683854
M6,24.661760504539387,40.96211473793942,34.37612475752119
M7,49.477744750491986,50.522255249508014,0.0
M8,11.283943668539388,8.695962719838674,80.02009361162193
M2,67.30055097817636,14.460771066435578,18.238677955388063
M3,12.184194015640655,65.56938297967069,22.24642300468865
M5,46.984373334100276,29.376627052858233,23.63899961304149
M9,91.90389615778084,4.022657237047206,4.073446605171959
M10,14.178854557301099,76.26709207546705,9.554053367231859
M2,67.40237085330402,14.459341118020493,18.138288028675486
M3,13.642624597311467,64.78567385265664,21.57170155003189
M5,48.501112968770535,28.443263984745183,23.055623046484282
M8,9.427520987982295,7.3762584520873835,83.19622055993032
M10,14.010777385876425,76.17115220444968,9.818070409673894
M2,67.70292791700965,14.308222001093972,17.98885008189638
M3,13.570096833534508,64.98011617113171,21.44978699533378
M5,47.919672320208555,29.015471666975756,23.06485601281569
M8,8.352872998929541,8.336946899780878,83.31018010128957
M9,91.8193685373175,4.340799616923114,3.8398318457593845
M2,66.81291434196109,14.84045037717256,18.34663528086635
M3,11.823039863693747,65.8739023662942,22.303057770012046
M5,47.21069590228873,29.147849416090793,23.64145468162048
M7,49.37980209529083,50.62019790470918,-7.105427357601002e-15
M10,13.33828219787852,76.67136028835615,9.990357513765318
M2,67.0696375772275,14.723460554402827,18.206901868369677
M3,11.738189268709379,66.1166969033038,22.14511382798682
M5,46.640065036812224,29.760558927148523,23.599376036039253
M7,48.980971910720996,51.019028089279,7.105427357601002e-15
M9,91.70299623045983,4.496736529853407,3.800267239686762
M2,67.11351211558343,14.725013789202002,18.161474095214565
M3,13.030752644321927,65.4040953867122,21.56515196896588
M5,48.03363021798119,28.907255267489056,23.059114514529753
M7,48.870659193021524,51.12934080697848,-7.105427357601002e-15
M8,8.901625132141758,7.9488498811606885,83.14952498669756
M2,67.9697285208158,15.460514265139304,16.56975721404489
M3,12.067557030931344,67.70727890984428,20.225164059224383
M5,47.715468303241956,30.02799085325601,22.256540843502034
M6,22.981855758571335,40.31219958627885,36.70594465514982
M10,13.152669464519317,77.07426761018729,9.773062925293388
M2,68.2746731793614,15.417587097635467,16.30773972300313
M3,12.008631880230125,68.40358159305413,19.587786526715746
M5,47.46424689670942,31.213629032148543,21.32212407114204
M6,22.701894759438183,42.00073356133915,35.29737167922267
M9,92.60364963095735,4.444269015060496,2.9520813539821544
M2,68.83699949037788,15.302934102504008,15.860066407118115
M3,13.66994321770239,67.63082302624896,18.699233756048656
M5,49.47514946334414,30.122901463388985,20.401949073266877
M6,24.673769293784073,40.93807170146965,34.38815900474627
M8,11.234454051830252,8.538018310576943,80.2275276375928
M2,67.87246528309677,15.804104792078178,16.32342992482505
M3,11.66026044177741,68.7525742368689,19.587165321353694
M5,47.7232633015992,30.964170244729324,21.31256645367148
M6,22.929136573740156,41.77426007806124,35.29660334819861
M7,47.94361632932888,52.05638367067112,0.0
M2,67.17934099206089,14.582514332030048,18.238144675909066
M3,11.791577797166882,65.69384561089576,22.514576591937356
M4,17.425641828171557,19.382280697478375,63.19207747435006
M9,91.82393922439336,4.279973509672015,3.8960872659346286
M10,14.061064335544165,76.67791248555218,9.261023178903656
M2,67.28601460348028,14.566408541254825,18.147576855264894
M3,13.145408955106912,64.96415323208626,21.890437812806823
M4,19.201738947572128,18.347862660568186,62.45039839185969
M8,9.590056287426117,7.407570257122805,83.00237345545108
M10,13.878027347902355,76.57873158700723,9.543241065090413
M2,67.61078890341953,14.431942701171549,17.957268395408917
M3,13.11504774194785,65.16211623588434,21.72283602216781
M4,18.731312131334143,18.914224489876812,62.35446337878905
M8,8.594120726857458,8.308121289002406,83.09775798414015
M9,91.72275977670576,4.527965075588789,3.749275147705454
M2,66.76364442858826,14.901031417566848,18.335324153844887
M3,11.470630068392454,65.95008064605514,22.579289285552406
M4,17.77239981247574,19.108136516614415,63.119463670909845
M7,49.51672486458018,50.48327513541982,0.0
M10,13.298430962878514,77.05914674989963,9.642422287221862
M2,67.06323719657209,14.788033264148456,18.148729539279454
M3,11.442391169294988,66.19075710467239,22.36685172603262
M4,17.370651410186472,19.675537009014143,62.95381158079939
M7,49.27144901145931,50.7285509885407,-7.105427357601002e-15
M9,91.64256320676974,4.66565185721817,3.691784936012094
M2,67.13347383365043,14.767769334938539,18.098756831411034
M3,12.647164912673794,65.52615485497792,21.826680232348295
M4,18.97609681480436,18.746019189858195,62.27788399533744
M7,49.14212683884659,50.85787316115341,0.0
M8,9.126872432354416,7.938232522507365,82.93489504513822
M2,68.15010948632734,15.443453555218122,16.40643695845454
M3,11.763948524570287,67.8067122158464,20.429339259583315
M4,19.155456935853202,20.620322663320138,60.22422040082665
M6,23.54557616106615,40.60681602381325,35.8476078151206
M10,13.343355895968337,78.10250317861104,8.554140925420626
M2,68.64118105503778,15.385328137848973,15.97349080711325
M3,11.815469532479428,68.55866879539776,19.62586167212281
M4,19.045394468833074,21.838914067874168,59.11569146329275
M6,23.33675125148035,41.98989608283214,34.67335266568751
M9,92.68075599790228,4.612840863558867,2.7064031385388514
M2,69.23773205283554,15.258340393711403,15.503927553453057
M3,13.38251832837011,67.87166816380989,18.745813507820003
M4,21.499895299868783,20.79188221431475,57.708222485816464
M6,25.281168624480426,41.00648731876244,33.71234405675713
M8,11.760599465518046,8.659246890292525,79.58015364418944
M2,68.30981702958121,15.697016871191796,15.993166099226993
M3,11.51335397600942,68.84511556089676,19.641530463093815
M4,19.455331818856976,21.566265430667563,58.97840275047546
M6,23.585658583173227,41.759025707236106,34.65531570959067
M7,48.517653791005614,51.482346208994386,0.0
M2,66.39237216156019,14.989153174251244,18.618474664188568
M3,11.722344229669535,65.88002945799657,22.397626312333898
M4,17.64973718907505,19.018743307891615,63.331519503033334
M5,47.00192842790286,29.31052094748846,23.68755062460868
M10,13.655001881700338,77.01322339085695,9.331774727442706
M2,66.64949550711546,14.889345306307142,18.461159186577397
M3,11.63463387698199,66.16057513881476,22.204790984203242
M4,17.144147876092173,19.62509641270135,63.23075571120647
M5,46.38329232493328,29.93494383660705,23.68176383845967
M9,91.94344926963421,4.459447759798664,3.5971029705671214
M2,66.72641518214886,14.863946952655866,18.40963786519528
M3,12.972760250740352,65.4055185995412,21.621721149718454
M4,18.828609911273336,18.620936644992184,62.55045344373448
M5,47.833249397624876,29.042859126090473,23.12389147628465
M8,9.021696151385129,7.851120146938421,83.12718370167644
M2,66.17202011284911,15.229722838511885,18.598257048639006
M3,11.313237704181967,66.41747333226387,22.26928896355416
M4,17.46184938917812,19.4018449875682,63.136305623253676
M5,46.61894714774506,29.735205982931728,23.64584686932321
M7,48.002421043572106,51.99757895642789,7.105427357601002e-15
M2,67.800673143419,15.86978297349397,16.329543883087027
M3,11.67832641930607,68.80406580860922,19.517607772084702
M4,19.228685286017082,21.467201370670534,59.30411334331238
M5,47.91131022055485,31.059536911813215,21.029152867631932
M6,23.41540712904793,41.83228725285741,34.75230561809465
M1,32.51411652952238,31.95727962060763,35.52860384986999
M7,47.131391161029725,51.27305758414481,1.595551254825466
M8,5.370302033813442,10.078028246789001,84.55166971939755
M9,86.30365304365148,7.680792927638581,6.015554028709939
M10,7.304161869522281,80.89846315478424,11.797374975693486
M1,35.37772369622535,33.37092091395616,31.251355389818478
M6,22.28934526000402,42.554135899106,35.15651884088999
M8,6.761366657554266,11.337551241441066,81.90108210100468
M9,87.28558347467978,7.643135954673636,5.071280570646581
M10,6.185358345529072,83.14011668722426,10.674524967246668
M1,33.761206361146925,34.05729642750024,32.18149721135284
M6,20.669137390673097,43.244594538025915,36.086268071300985
M7,45.84332206825178,52.055827772911634,2.100850158836586
M9,87.71825049128266,7.477853864937141,4.803895643780199
M10,7.886644049914346,81.94605882122006,10.167297128865584
M1,35.741865248445976,33.12908656124436,31.129048190309668
M6,23.337864185097548,41.70747548817606,34.9546603267264
M7,46.73142941570411,51.4568929070225,1.8116776772733871
M8,8.525261014239547,10.208914491702558,81.2658244940579
M10,6.092268450195635,82.80678726867193,11.100944281132442
M1,36.76207359753584,32.93701249937018,30.300913903093985
M6,23.49012447732711,42.38138963047344,34.12848589219944
M7,48.372069192160545,50.24579167524028,1.3821391325991783
M8,7.290669328522876,11.587690962737915,81.12163970873921
M9,88.26675122098408,7.300130195169463,4.43311858384646
M1,31.121906256127506,32.57323975714772,36.30485398672478
M5,45.53294376494806,30.524930852996743,23.9421253820552
M8,4.752008640555915,10.24882114065586,84.99917021878822
M9,85.35161791204057,8.23386547947908,6.414516608480353
M10,7.154581682580328,81.3569189069195,11.488499410500168
M1,29.827336099399947,33.41218982949624,36.760474071103815
M5,44.02433512736113,31.460174998609087,24.515489874029786
M7,44.47460697955276,53.860160785779485,1.665232234667755
M9,86.01056232262388,7.940386735335103,6.0490509420410135
M10,8.1664935205676,80.67219606418894,11.161310415243463
M1,31.33236088094761,32.424492260267286,36.243146858785096
M5,46.38833504744383,29.92557449943834,23.686090453117828
M7,44.29444552375654,54.4023257811463,1.3032286950971539
M8,6.054636059530901,9.41309058670905,84.53227335376005
M10,6.877276810736989,81.38071126359637,11.742011925666645
M1,30.595379185173364,33.05567947841922,36.34894133640742
M5,44.8562193073115,31.07164539115407,24.07213530153443
M7,43.81462394644371,54.993682530357276,1.1916935231990138
M8,4.766949750223431,10.384695115577802,84.84835513419877
M9,85.25973884651377,8.491446096012364,6.248815057473866
M1,30.8449889778203,35.61661987029726,33.53839115188245
M5,44.66892002798831,33.03977809436953,22.291301877642162
M6,19.046837356834974,44.23423694358924,36.71892569957579
M9,86.75912115974435,8.074984279311627,5.16589456094402
M10,7.477436348034341,82.56123531805684,9.96132833390881
M1,33.78569916371049,34.01792898308759,32.19637185320192
M5,49.11987687392593,30.271646481338987,20.60847664473508
M6,22.696558633001622,41.98489998402031,35.318541382978076
M8,8.098933567936397,10.117908944574102,81.7831574874895
M10,6.10574910236707,83.09145168564915,10.802799211983782
M1,33.96403216870443,34.31878935613996,31.71717847515562
M5,48.37860628808135,31.175077861912712,20.446315850005938
M6,21.855796868796983,43.249950435977155,34.89425269522586
M8,6.401245033130721,11.681722495304511,81.91703247156477
M9,87.1617097824499,7.990031754731352,4.848258462818744
M1,31.625215464210306,35.07385284287592,33.30093169291378
M5,46.16864036255632,31.856529112371156,21.974830525072527
M6,20.2819469989523,43.2175042477911,36.50054875325661
M7,43.676846174443234,54.56882373660956,1.7543300889472064
M10,7.2390524182602425,82.39409237798678,10.366855203752976
M1,31.846297165789874,35.438128787816666,32.715574046393456
M5,45.773293166443956,32.67414024357002,21.55256658998602
M6,19.872239062388783,44.304744736482256,35.82301620112896
M7,44.23313538970344,54.309422632636604,1.457441977659954
M9,87.32194107062851,7.964860606667155,4.713198322704334
M1,33.96793817607563,34.32180587335158,31.7102559505728
M5,49.24363347100626,30.556457246185673,20.199909282808065
M6,22.77284646501411,42.59515014096573,34.63200339402016
M7,44.99641666866152,53.85633073577055,1.1472525955679345
M8,7.947180350198007,10.748155795208442,81.30466385459354
M1,31.817465069189947,32.273309173673056,35.909225757136994
M4,17.296963718320395,19.96565939706139,62.737376884618214
M8,5.479570812052507,9.988413980162678,84.53201520778482
M9,85.98112489298563,7.986520303829779,6.032354803184588
M10,7.471375644490891,81.26853716547492,11.260087190034184
M1,30.81320064567748,32.91521317711266,36.271586177209855
M4,15.726682301356453,20.91630134994823,63.357016348695325
M7,45.738589351137065,52.59030310730368,1.6711075415592518
M9,86.63061097300283,7.694194934009236,5.675194092987933
M10,8.492275829812737,80.60818918393262,10.899534986254636
M1,32.43282863382483,31.87101769545603,35.69615367071913
M4,17.982036629824375,19.495481945189553,62.52248142498607
M7,45.50403100657305,53.1385218218153,1.3574471716116463
M8,6.697660953034582,9.236254065527051,84.06608498143837
M10,7.267277945758429,81.2636853040681,11.469036750173473
M1,32.534009674234156,32.03866253499649,35.427327790769354
M4,17.522656153936964,20.07398818952996,62.40335565653308
M7,45.79187570682257,52.9095801946182,1.2985440985592263
M8,5.580576968857521,10.11338832835406,84.30603470278842
M9,86.33191030560118,7.9348283325986655,5.7332613618001504
M1,32.869726836177875,34.89335136878892,32.236921795033204
M4,17.294623710091773,23.429797653541133,59.2755786363671
M6,21.0625829866931,43.553985369419,35.383431643887896
M9,87.91907049025401,7.5982053865987895,4.482724123147196
M10,8.136738565617224,82.59290459508452,9.270356839298259
M1,35.8390324464972,33.34356273370023,30.81740481980257
M4,21.502604627869264,21.375001219152285,57.12239415297846
M6,24.352851835279047,41.64206084383981,34.00508732088115
M8,9.349369908985098,10.127471108031845,80.52315898298306
M10,6.808783264006389,83.16868294442719,10.022533791566417
M1,36.617462678127346,33.28099737268204,30.101539949190617
M4,21.4329946695504,22.1116842632685,56.4553210671811
M6,24.20339888634492,42.370523492278316,33.426077621376756
M8,7.8911227236998425,11.534670793476726,80.57420648282344
M9,88.48390515059032,7.313780079995295,4.202314769414388
M1,33.84554585270209,34.2039225034694,31.950531643828512
M4,18.37531117655824,22.656944042425305,58.96774478101645
M6,22.10388505646606,42.68557410166501,35.210540841868934
M7,45.6715812191088,52.73169484692226,1.5967239339689385
M10,7.916670227265605,82.50389538391606,9.579434388818342
M1,34.71231454022587,34.2085241721471,31.079161287627038
M4,18.86542470425687,23.219569583024573,57.91500571271856
M6,22.47872083482803,43.183570674779254,34.33770849039271
M7,47.669804945116425,51.02723562865939,1.3029594262241844
M9,88.76067650990913,7.196446705890418,4.04287678420045
M1,36.707002264193406,33.20139650875866,30.09160122704793
M4,22.109391806551688,21.63640541892244,56.25420277452588
M6,24.906265319436674,41.84684959839669,33.24688508216664
M7,47.725968424781335,51.20630115534229,1.0677304198763764
M8,9.345388750969173,10.685717230623991,79.96889401840683
M1,28.418545177882752,34.17156593578524,37.40988888633201
M4,14.323237296149658,21.306909960129946,64.3698527437204
M5,42.415642422190984,32.46939386384838,25.114963713960634
M9,85.56765137079684,8.326144413089791,6.106204216113371
M10,8.065680094790245,81.2653705988268,10.668949306382942
M1,30.382230073292376,32.886582087361575,36.73118783934605
M4,16.948471336208918,19.589498664065186,63.4620299997259
M5,45.348651966160006,30.56379929547934,24.087548738360656
M8,6.134139623797905,9.29678286209787,84.56907751410422
M10,7.119580244845416,81.70154648158034,11.17887327357424
M1,29.21299138222377,33.77405960401754,37.012949013758686
M4,15.714820461164072,20.488592583278937,63.796586955557
M5,43.318566865820806,32.018173596913016,24.66325953726618
M8,4.7619200209099946,10.314118379756215,84.9239615993338
M9,84.75451100966167,8.886346334360045,6.359142655978285
M1,28.95444858550214,33.79660524336438,37.24894617113348
M4,15.166596098543167,20.724863038799466,64.10854086265736
M5,43.67450024106438,31.57798403085734,24.74751572807828
M7,42.82190664905066,55.80896815924568,1.3691251917036595
M10,7.744382007295918,81.36201221394077,10.893605778763316
M1,28.06537489759069,34.54590577966474,37.38871932274457
M4,14.300967436899327,21.451619269761867,64.24741329333881
M5,41.9251793193971,32.890241193658746,25.184579486944152
M7,41.98806927928836,56.661195746701466,1.350734974010173
M9,85.31256825381757,8.635442514206966,6.05198923197546
M1,29.326225483036662,33.68759387992581,36.98618063703753
M4,16.225129727746957,20.1158455898696,63.65902468238344
M5,43.96828031743093,31.566389296024386,24.465330386544682
M7,41.88410186135995,57.167791735224235,0.9481064034158138
M8,5.715051375425231,9.66803956432696,84.6169090602478
M1,31.377205033269636,35.39489369175694,33.227901274973426
M4,17.112327608718626,22.77572973479176,60.11194265648961
M5,46.049816441861275,32.182729169934106,21.76745438820462
M6,20.80627983503403,43.328170795189756,35.86554936977621
M10,7.62966889428941,82.91647374778088,9.453857357929706
M1,31.355707093212658,35.90477655338126,32.73951635340608
M4,16.718547339005244,23.69304441380119,59.58840824719357
M5,45.29255728000013,33.17511627224156,21.532326447758308
M6,20.14866816674858,44.45860823495614,35.392723598295284
M9,87.43295413100101,8.041248989643988,4.525796879355001
M1,34.04734457690138,34.44240001420499,31.510255408893627
M4,20.724011622649645,21.62328840372749,57.65269997362287
M5,49.427240596064195,30.622570238311557,19.95018916562425
M6,23.628381706108463,42.381415726438924,33.99020256745262
M8,8.524990232984562,10.607514788687503,80.86749497832793
M1,31.907036624753903,35.53018657985868,32.56277679538742
M4,17.66539713761757,23.064600210866267,59.27000265151616
M5,46.52796895917916,32.27480319036642,21.197227850454418
M6,21.118800437857555,43.746704979265225,35.13449458287722
M7,43.70609616521236,55.17047493455826,1.123428900229385
M1,32.344465327221585,31.698424701300283,35.95710997147813
M3,8.521657845517582,67.6251247547305,23.853217399751912
M8,5.022071669885641,10.00408524654204,84.97384308357232
M9,85.18986122519064,8.142184242859242,6.667954531950118
M10,6.577810767373812,80.7975864891186,12.62460274350758
M1,32.32861733444486,31.742029080456216,35.92935358509892
M3,6.984911033579366,68.57413418861313,24.440954777807505
M7,47.46660756062266,50.11831382940785,2.415078609969484
M9,86.2734860427803,7.617239655849521,6.109274301370173
M10,8.50155694637601,79.46022137407196,12.038221679552024
M1,33.26187907314149,31.07622824006064,35.661892686797856
M3,8.735167515966754,67.5667430116213,23.69808947241195
M7,46.73601447040007,51.04855863793823,2.2154268916617
M8,6.791831819751275,8.954780649020666,84.25338753122806
M10,6.528495856094341,80.5429174397394,12.928586704166264
M1,33.93858810141235,30.952978402589224,35.108433495998426
M3,8.942450792952329,67.39792540456266,23.659623802485015
M7,47.870325654536046,50.14938390231028,1.9802904431536774
M8,5.42569870763304,10.042473865333987,84.53182742703297
M9,86.26417779206407,7.756353334193199,5.979468873742726
M1,30.52309478655993,34.82138822896766,34.6555169844724
M3,5.702942142220315,71.9573129620493,22.33974489573039
M6,17.973594968263953,43.18088875407148,38.845516277664565
M9,85.42985374752722,8.324794451686799,6.245351800785983
M10,7.0996578433457715,81.0134232849564,11.88691887169783
M1,33.8034646802672,34.03038264632734,32.16615267340546
M3,8.29954777776793,71.27316151840593,20.427290703826145
M6,21.42950326011395,41.918913515057675,36.65158322482838
M8,8.297652131848404,9.311488551606402,82.39085931654519
M10,4.361673194726219,82.36084390859523,13.27748289667855
M1,34.20667834683301,34.72001743683457,31.07330421633243
M3,8.108386093396609,71.91213739330381,19.979476513299588
M6,20.675387366117373,44.416111306301005,34.90850132758162
M8,6.49556919915006,12.03019086658047,81.47423993426948
M9,86.09242906607261,8.663777822310198,5.24379311161719
M1,31.727360471467062,34.00112931590076,34.27151021263217
M3,6.532497424826941,71.84776928209907,21.619733293073992
M6,19.560165483217656,41.27190471939333,39.16792979738901
M7,44.784038238371146,51.446352410367446,3.7696093512614084
M10,6.822271499746081,79.69572366672853,13.482004833525394
M1,32.51264399611553,34.9737209567868,32.51363504709767
M3,6.560879914454489,72.26691495019561,21.1722051353499
M6,19.538529523132954,44.2195029771502,36.24196749971685
M7,46.024393314735335,51.99487235381734,1.980734331447323
M9,86.84716701922362,8.191727378070855,4.961105602705526
M1,35.11102077087311,34.28825578642752,30.60072344269937
M3,8.509179119486479,71.8442391091814,19.646581771332123
M6,22.355353244513545,43.35288692198437,34.29175983350209
M7,45.61712128375136,52.56074581300304,1.8221329032456026
M8,8.497359382785273,10.930351223856377,80.57228939335835
M1,30.139310987796684,32.91068133783113,36.950007674372195
M3,6.767182552664821,68.90035256571673,24.33246488161845
M5,44.16661416185978,31.13890771783206,24.69447812030816
M9,85.56931065938153,8.030719117956632,6.399970222661839
M10,8.458896025176909,79.79004281923054,11.751061155592552
M1,32.234730919687244,31.5301948568429,36.23507422346985
M3,9.005999519774349,67.55736441393691,23.43663606628874
M5,47.89480302759128,28.676128571709185,23.429068400699535
M8,6.46157947788249,8.99352932558998,84.54489119652753
M10,6.640736632533977,80.79313051101515,12.566132856450878
M1,32.333274621839685,31.706527005915948,35.96019837224438
M3,8.866400805567082,67.70948701216477,23.424112182268146
M5,46.53718786983099,29.74440751707688,23.718404613092133
M8,4.797674276654505,10.221680707282763,84.98064501606274
M9,85.25574519946625,8.353516345137384,6.390738455396368
M1,30.878598602860638,32.36274710327001,36.758654293869355
M3,7.176179808909926,68.69390538232129,24.12991480876879
M5,45.947630213823665,29.83282879049322,24.219540995683115
M7,45.55466618149651,52.38175116053659,2.0635826579669043
M10,8.015884846475593,79.89029865542808,12.09381649809633
M1,31.52243539374791,32.24892476141037,36.228639844841716
M3,7.343213521689517,68.53529751685575,24.12148896145473
M5,45.77056315769429,30.199198839738116,24.030238002567593
M7,45.66563961590716,52.14758147350787,2.1867789105849695
M9,86.46369560667537,7.720474598461322,5.815829794863306
M1,32.33149633769391,31.676270162374667,35.992233499931416
M3,8.839885536088568,67.8179859778447,23.342128486066727
M5,47.55162852143673,29.048972319452115,23.39939915911115
M7,45.61657130981507,52.90217208597991,1.481256604205015
M8,6.190219809274184,9.399439873874249,84.41034031685157
M1,30.27937765533332,34.792863455969304,34.927758888697376
M3,6.2915390005482665,71.84867106298283,21.8597899364689
M5,44.712497252296906,31.540189650456526,23.74731309724657
M6,18.89516036260704,42.27741635388644,38.82742328350652
M10,6.770120030637783,80.93170648252101,12.298173486841208
M1,29.598056277064032,36.93897872741768,33.46296499551829
M3,5.93043437613677,73.2445845187667,20.824981105096526
M5,42.78236622248511,34.714563459266145,22.503070318248746
M6,17.562998317890898,45.920596670732245,36.516405011376854
M9,85.42964613688447,9.177183586027072,5.393170277088457
M1,34.23240809619977,34.78654892602075,30.981042977779474
M3,8.479217422135628,72.17323464379444,19.347547934069922
M5,48.186955070572964,31.67666013978922,20.136384789637816
M6,21.574729135900416,44.04448744173388,34.38078342236571
M8,8.046454249923682,11.00530350968603,80.94824224039029
M1,30.676287811421986,36.36218860850956,32.96152358006845
M3,6.443817541678982,73.07974610810739,20.476436350213632
M5,44.90911443801798,33.23172818898501,21.85915737299701
M6,19.17874150335169,44.852017418127254,35.96924107852106
M7,41.814204362076865,56.26257416451901,1.9232214734041264
M1,30.32159954019872,32.85335659564065,36.825043864160634
M3,6.403194317733752,68.99727572026309,24.59952996200316
M4,15.153151520702055,20.91227189611248,63.93457658318547
M9,85.7951187034168,8.067928707576952,6.136952589006244
M10,8.379610094018025,80.2296514819484,11.390738424033586
M1,32.27228125478062,31.57780666885222,36.14991207636716
M3,8.30487886210358,67.83972727194619,23.855393865950234
M4,18.26607804827644,19.025620357849718,62.70830159387384
M8,6.993735193919176,8.84668369003203,84.1595811160488
M10,6.778020666681525,81.03727052054441,12.184708812774062
M1,32.39140361332359,31.773172914815962,35.83542347186045
M3,8.219587290325844,67.98854712112545,23.791865588548703
M4,17.733118051088592,19.71770323929602,62.54917870961538
M8,5.502683242567343,9.973719390112436,84.52359736732022
M9,85.73830469344776,8.174339864012175,6.0873554425400656
M1,31.038259742388885,32.31592476894811,36.645815488663004
M3,6.846823627387714,68.7356240997322,24.417552272880073
M4,16.22682268237569,20.166553326414622,63.606623991209695
M7,45.400315921093444,52.44175152158002,2.1579325573265393
M10,8.096423411979414,80.24203050405015,11.661546083970435
M1,31.79371719874456,32.16419611992395,36.04208668133149
M3,7.010100905896285,68.65638454347153,24.333514550632188
M4,16.31855630444162,20.567961504033136,63.11348219152525
M7,46.92959203947778,51.12694175848748,1.9434662020347346
M9,86.7236990299293,7.672222503602583,5.60407846646811
M1,32.38709520185651,31.72964266004264,35.88326213810085
M3,8.396933972852079,67.9364823972616,23.66658362988632
M4,18.415433950014712,19.242743804133276,62.34182224585201
M7,45.393161180930996,52.760495348664776,1.8463434704042285
M8,6.781197110326424,9.23231496279289,83.9864879268807
M1,31.51891888710867,35.33782832441089,33.14325278848044
M3,6.185510795060235,72.57627044826926,21.238218756670506
M4,16.851211858389917,22.860782135095615,60.288006006514465
M6,20.28453284263355,43.26517027806244,36.450296879304005
M10,7.035639753640359,82.7578944268581,10.206465819501545
M1,31.87995331544354,36.28038190875463,31.83966477580183
M3,6.104240922390801,73.40442411398396,20.491334963625235
M4,16.826183567365263,24.539425389108818,58.63439104352592
M6,19.756224927555508,45.3652518828374,34.878523189607094
M9,86.86656236823369,8.517305442089242,4.616132189677071
M1,35.514456378679554,34.95813297930142,29.527410642019028
M3,8.328901096912219,72.72153989966456,18.949559003423218
M4,21.742377912562382,22.84631655118261,55.411305536255014
M6,23.58620447822565,43.84938458948882,32.564410932285526
M8,9.603063944706749,11.15517824247298,79.24175781282027
M1,32.84922261706228,35.75398973146207,31.39678765147565
M3,6.649150881312748,73.18421184865865,20.166637270028602
M4,18.184523797603052,23.803269502027838,58.01220670036911
M6,21.255063017153088,44.398378751010696,34.34655823183621
M7,44.46902545055794,53.90242154657446,1.6285530028675979
M1,29.682579589644263,32.994156049776045,37.32326436057969
M3,6.6418497523195335,69.06444177716148,24.293708470518993
M4,15.496323056379234,20.289374376174955,64.2143025674458
M5,44.681423210530426,30.64097179496949,24.677604994500083
M10,8.03172944905902,80.57939283628286,11.388877714658122
M1,29.380795226682892,33.43090423832731,37.1883005349898
M3,6.490452615807922,69.28795190419596,24.22159547999611
M4,14.90531781258967,20.969654044191067,64.12502814321925
M5,43.31714904136023,31.736106627095797,24.94674433154397
M9,85.61291839996242,8.341468015255048,6.045613584782528
M1,31.111274592006048,32.29915313377744,36.58957227421651
M3,8.288173442486531,68.26584866967688,23.445977887836577
M4,17.464600140906906,19.322571365871156,63.212828493221934
M5,46.24546531153702,29.85631275072976,23.898221937733222
M8,6.224127621006363,9.304163978747994,84.47170840024565
M1,29.901288302694283,33.06177459235461,37.03693710495111
M3,6.794103453508522,69.1409979878267,24.06489855866478
M4,15.733910718739393,20.40391524172563,63.86217403953498
M5,44.74790964179269,30.746241169100482,24.50584918910683
M7,43.81679487811188,54.51817270140084,1.6650324204872788
M1,30.56663661038689,37.164107759161155,32.26925563045195
M3,6.2160174542041835,73.80737932561209,19.976603220183733
M4,16.874717521349748,24.268940328295447,58.856342150354806
M5,44.88651395572391,33.905939993721795,21.207546050554292
M6,19.792954351261706,45.51009558821501,34.69695006052329
M1,31.62494871764471,32.37344252116133,36.00160876119396
M2,66.05723489676554,15.633884279384246,18.308880823850217
M8,5.055932769968367,10.173488034793984,84.77057919523764
M9,85.632273310822,8.088924387143335,6.278802302034665
M10,6.733237156669536,81.53943914729064,11.727323696039832
M1,30.676980948226404,32.975274790498894,36.347744261274705
M2,65.83240088767042,15.90947284097359,18.25812627135599
M7,45.72647049705589,52.43337557867771,1.8401539242663958
M9,86.33081285869935,7.766418276857695,5.902768864442959
M10,7.968723423127557,80.7127310530689,11.31854552380355
M1,31.969510478751424,32.13004892441585,35.900440596832716
M2,65.61910184120947,15.888662884471318,18.492235274319214
M7,45.45573770902573,53.00819752697054,1.5360647640037257
M8,6.341877193394584,9.381037380142518,84.2770854264629
M10,6.590780277000686,81.46374306467267,11.94547665832664
M1,31.92807464687105,32.376167664205525,35.69575768892342
M2,66.41836928208569,15.515912760502259,18.065717957412048
M7,45.770845496311644,52.80980256048713,1.419351943201228
M8,5.2148462095785115,10.265956644827325,84.51919714559416
M9,86.01378911494305,8.04616133883477,5.940049546222179
M1,32.03599931173155,35.13147762325154,32.8325230650169
M2,67.36340177034258,16.574586694671932,16.06201153498549
M6,19.675146765590704,44.03129603707716,36.29355719733213
M9,87.21247934926133,7.8372457114133285,4.950274939325342
M10,7.335657178182972,82.69724682388534,9.967095997931693
M1,34.96954785573743,33.58395204026947,31.446500103993095
M2,68.4143031569639,16.023961162331073,15.56173568070503
M6,22.811731584159876,42.16023728771816,35.02803112812197
M8,8.457234177497725,10.249526532246163,81.29323929025611
M10,5.785043332729563,83.37149288141184,10.843463785858603
M1,35.66162698917696,33.61945235096274,30.718920659860295
M2,69.9841578420373,15.282088188286192,14.733753969676503
M6,22.596936838734248,43.061054404178705,34.342008757087044
M8,7.030209635073231,11.706605835263302,81.26318452966346
M9,87.83281648100223,7.60439595495034,4.562787564047434
M1,32.7063228681932,34.62524282699084,32.66843430481596
M2,67.28684175264775,16.616801517012743,16.09635673033951
M6,20.858460509494673,43.02155038219644,36.119989108308886
M7,45.59219130202003,52.626568970966524,1.7812397270134497
M10,7.174314425683441,82.45990379660101,10.365781777715554
M1,33.996987748959405,34.408488496778936,31.59452375426165
M2,69.11492796541647,15.77081190025685,15.11426013432668
M6,21.17447775119396,43.68986545214635,35.13565679665969
M7,46.018555721119846,52.25184812234303,1.7295961565371272
M9,88.15355895501206,7.45894564699318,4.387495397994761
M1,35.837997439978096,33.484441231579524,30.67756132844238
M2,69.38385398027897,15.644700076632294,14.971445943088735
M6,23.50562191287668,42.39047302430408,34.103905062819244
M7,46.64359031099877,51.994384378205616,1.362025310795616
M8,8.530900086702326,10.821534175378748,80.64756573791892
M1,28.329213096159965,34.22811051081318,37.44267639302686
M2,63.433610217131076,16.99451296275215,19.571876820116774
M5,42.03138738496498,32.71075565461189,25.257856960423133
M9,85.27126073775004,8.392274331584073,6.336464930665887
M10,7.576491482565008,81.34866048308413,11.074848034350865
M1,30.373143481251045,32.89894116159671,36.72791535715224
M2,63.74403288823267,16.686757559038124,19.56920955272921
M5,45.11983021963323,30.695790364418915,24.184379415947856
M8,5.830104934639602,9.458708909093287,84.7111861562671
M10,6.499272896794303,81.85148472874332,11.649242374462375
M1,29.263830811155895,33.75437562665545,36.98179356218865
M2,63.605346261410034,16.76118243268429,19.633471305905676
M5,43.099160963584225,32.15258072580879,24.748258310606985
M8,4.474326578600923,10.477144834173226,85.04852858722585
M9,84.54447941751508,8.929072896757376,6.526447685727547
M1,28.93180811086469,33.80932981242939,37.25886207670592
M2,63.20721186480891,17.130284107332606,19.662504027858482
M5,43.42436829487668,31.721534309476127,24.854097395647194
M7,42.552563889518545,55.78954799810961,1.6578881123718432
M10,7.312194370161786,81.38059005831694,11.307215571521269
M1,28.08032647093766,34.53596343455304,37.3837100945093
M2,63.06300465115074,17.233970679833966,19.703024669015292
M5,41.69374353236722,33.0278951228799,25.27836134475288
M7,41.76471264124267,56.62862501277447,1.606662345982862
M9,85.08333870474766,8.688799967168368,6.227861328083971
M1,29.453770417951898,33.61963684856247,36.92659273348563
M2,62.92702613197747,17.180356289436336,19.892617578586194
M5,43.90392730093999,31.598005962177922,24.498066736882087
M7,41.78964353003827,57.001859186072835,1.2084972838888959
M8,5.489866897729003,9.801314664010496,84.70881843826051
M1,30.499419205714208,35.67619727019632,33.82438352408948
M2,64.9644154791101,17.692214493431617,17.34337002745828
M5,44.80876390969518,32.771604062661886,22.419632027642933
M6,19.473328974422067,43.781384588193035,36.745286437384905
M10,6.8403698500809815,82.98816985291006,10.171460297008963
M1,30.15875840566209,36.3957861400639,33.445455454274004
M2,65.4913814910327,17.524453618036574,16.984164890930728
M5,43.61327085921293,34.09240050017327,22.2943286406138
M6,18.583378531704565,45.162930749009284,36.25369071928615
M9,86.54290800458264,8.4763691378453,4.980722857572058
M1,33.88876377099058,34.24406509716138,31.86717113184804
M2,66.8897874253294,16.755267184340816,16.35494539032978
M5,47.89085971672927,31.4170535512335,20.692086732037232
M6,21.9506113348766,43.10031515792943,34.94907350719397
M8,7.667337439982273,10.774368882896638,81.55829367712109
M1,30.799373534917308,35.96621925082414,33.23440721425855
M2,65.30901784309289,17.66214023425487,17.02884192265224
M5,45.03557946027239,33.05756910910472,21.906851430622893
M6,19.696729564385432,44.33873770732733,35.96453272828723
M7,42.30137201755643,56.26783401765499,1.4307939647885775
M1,29.381005121656326,33.67524935790563,36.94374552043804
M2,64.19277048682687,16.708260343190478,19.09896916998265
M4,14.80993096359696,21.23518495401623,63.95488408238681
M9,85.9306884468617,8.122451570480349,5.946859982657957
M10,7.93255195824117,81.22898011748195,10.838467924276884
M1,31.114373858662823,32.554226784909275,36.33139935642791
M2,64.41258328204351,16.449212555121846,19.13820416283464
M4,17.299942125000886,19.672836046853227,63.02722182814589
M8,6.452463166933294,9.276678771220807,84.2708580618459
M10,6.882713633580961,81.72558742264623,11.39169894377281
M1,30.650748612015228,33.04329110540146,36.30596028258331
M2,64.7962876183949,16.29481473072919,18.90889765087591
M4,16.534467208910556,20.373455677312275,63.092077113777165
M8,5.23468757017313,10.198454498380082,84.56685793144678
M9,85.58998902911733,8.384907664770159,6.025103306112507
M1,29.927392554300283,33.282059154132355,36.79054829156736
M2,64.08357753479389,16.75020217381222,19.16622029139389
M4,15.649947069346346,20.662688630171367,63.68736430048228
M7,44.13759031724042,54.27649746835503,1.5859122144045514
M10,7.703763288661324,81.26300954250277,11.033227168835907
M1,29.86031055871749,33.561787060145726,36.57790238113679
M2,64.69330092856057,16.493514295946426,18.813184775493
M4,15.286094385816229,21.17805569713042,63.535849917053355
M7,44.24639308571318,54.193867985809455,1.5597389284773655
M9,86.21862113654896,8.084530191873856,5.696848671577182
M1,30.912106307517277,32.86169136355872,36.226202328924
M2,64.38460769245552,16.5334009077187,19.08199139982578
M4,17.142513495672826,19.962314440769912,62.895172063557254
M7,43.96727011617519,54.80104258012777,1.2316873036970364
M8,6.235997240707417,9.576840484792701,84.18716227449988
M1,32.56668324352355,34.98861089331464,32.4447058631618
M2,66.86282605105097,16.934094783469128,16.2030791654799
M4,17.764342470739592,22.926304753741828,59.309352775518576
M6,21.439898759206706,43.21671812920582,35.34338311158748
M10,7.560781087159583,83.0324804272864,9.406738485554015
M1,33.45566505480165,34.99612748576412,31.548207459434238
M2,68.44558710637737,16.24365773590002,15.310755157722607
M4,17.984370279771134,23.62438605711351,58.39124366311536
M6,21.450429000933724,43.9478914281165,34.60167957094978
M9,88.2866506630785,7.526176765356929,4.187172571564567
M1,35.99235727409008,33.65105215239887,30.35659057351105
M2,69.23956848114253,15.828377415332458,14.932054103525015
M4,21.57263704830022,21.85838376027631,56.568979191423466
M6,24.381694680925534,42.27187525057052,33.34643006850395
M8,9.188550270376771,10.740052580145994,80.07139714947724
M1,34.072500871973226,34.54572244240683,31.38177668561994
M2,68.11238813396923,16.417746449311807,15.46986541671896
M4,18.80108850846293,23.038304683706812,58.16060680783026
M6,22.30028659714506,43.29275797325635,34.40695542959859
M7,45.975787310239234,52.78645927351744,1.2377534162433292
M1,27.95402695082522,34.317957593114144,37.72801545606063
M2,61.80896729219409,17.79014299288454,20.40088971492137
M4,14.512370491929824,20.93911415674696,64.5485153513232
M5,42.33701351761418,32.4080134638596,25.254973018526222
M10,7.367163641866085,81.82354799067055,10.809288367463367
M1,26.783915134630988,35.24067277079702,37.97541209457199
M2,61.300566933496675,18.092520036943036,20.60691302956029
M4,13.502442503398543,21.74099446146526,64.7565630351362
M5,40.186210482134314,33.97742932701095,25.836360190854734
M9,84.61773791208562,9.065538862645326,6.316723225269058
M1,28.46205597468571,34.1137624818721,37.42418154344219
M2,61.49969415606304,17.845723097662855,20.6545827462741
M4,15.635379022605749,20.268811646522057,64.0958093308722
M5,42.82193794278748,32.254940544406644,24.923121512805878
M8,5.508701211002519,9.701474472421646,84.78982431657583
M1,27.194078539457422,34.95315741295974,37.85276404758284
M2,60.98605949442929,18.27726038863294,20.73668011693777
M4,14.147373533794324,21.278431534238806,64.57419493196687
M5,41.280637169469045,33.21573325140341,25.503629579127548
M7,40.2415576842342,58.441644699095654,1.3167976166701436
M1,30.652865732911824,36.183353287358315,33.163780979729864
M2,64.88736387884941,17.929849388321056,17.18278673282953
M4,16.785804219635647,23.326121613652305,59.888074166712045
M5,44.96461201781501,33.26482197160143,21.770566010583565
M6,20.157376087967638,44.32301755351423,35.51960635851814
M1,30.183885129129806,32.93113048383301,36.884984387037186
M2,65.30384668373755,16.207973918019114,18.48817939824334
M3,6.445714964257531,69.00575467911948,24.54853035662299
M9,85.43736507768259,8.139753194550728,6.422881727766686
M10,7.793009623611783,80.2810318533373,11.925958523050923
M1,32.25700515548429,31.570385837534293,36.17260900698142
M2,65.63889002985803,15.794160482009286,18.566949488132682
M3,8.334679132803599,67.86198535881789,23.80333550837851
M8,6.56066205708568,9.01478114007215,84.42455680284218
M10,6.018810152258397,81.1793174302777,12.801872417463898
M1,32.37630793554393,31.75749726461837,35.8661947998377
M2,66.71408777110608,15.285196958033488,18.000715270860432
M3,8.324844120483826,67.9166010756451,23.758554803871064
M8,5.050739705291794,10.15665237947699,84.79260791523122
M9,85.36760185534712,8.301692250625866,6.330705894027016
M1,30.94909420821206,32.35370915179697,36.69719663999097
M2,65.3668335199533,16.085733757076888,18.54743272296981
M3,6.889252950775222,68.75878965901546,24.35195739020932
M7,45.38172502097757,52.19988369720053,2.418391281821904
M10,7.573805956984106,80.1957395945486,12.230454448467299
M1,31.80673706526565,32.133325890336025,36.059937044398325
M2,66.96388316317397,15.30925880110927,17.726858035716756
M3,7.091974416504449,68.59029686645147,24.317728717044076
M7,46.73015885891961,51.06222578080788,2.207615360272513
M9,86.48293493975847,7.722219327953798,5.794845732287737
M1,32.37155225088894,31.71336621699454,35.91508153211652
M2,66.24044112563347,15.51810749147897,18.24145138288756
M3,8.43179747856398,67.92695381799551,23.64124870344051
M7,45.3536816736141,52.619123796179835,2.027194530206067
M8,6.401392266806409,9.380166522441312,84.21844121075227
M1,30.66744599147653,34.73073277193328,34.60182123659019
M2,65.23895742881359,17.55062710098326,17.21041547020315
M3,6.12308335226422,71.94949896480675,21.927417682929033
M6,18.910849591687114,42.40153974346298,38.687610664849906
M10,6.3867546496570675,81.30141832466093,12.311827025682007
M1,31.04953148250176,36.18687365804176,32.763594859456475
M2,66.24478695511263,17.485944092738187,16.269268952149183
M3,6.030669100696213,73.02309460072999,20.946236298573794
M6,18.373549740324613,45.469662136015145,36.156788123660235
M9,86.08418060650902,8.775855450472472,5.139963943018506
M1,34.41004998114223,35.04293189528664,30.54701812357112
M2,67.90212801873398,16.891326481364672,15.206545499901353
M3,8.21316884083924,72.39461904555765,19.392212113603108
M6,21.871442449574,44.16097185734174,33.96758569308425
M8,8.531310328007736,11.149246560429269,80.319443111563
M1,32.04721623783397,35.661569846030666,32.29121391613537
M2,66.53834241839226,17.36820917919141,16.09344840241633
M3,6.583615403475886,72.83942048088785,20.576964115636258
M6,19.95524603476869,44.442342347896464,35.602411617334845
M7,43.61207735213262,54.33220786024111,2.0557147876262647
M1,29.610570249946853,33.036101460018536,37.35332829003462
M2,63.890737215895946,16.72891624782107,19.380346536282985
M3,6.709123631197061,69.06945549994047,24.221420868862467
M5,44.308418621265176,30.863723590868663,24.82785778786616
M10,7.507013534498847,80.5621041581184,11.930882307382745
M1,29.299478599805575,33.468203027702145,37.23231837249227
M2,64.50316796487712,16.434858510984043,19.061973524138836
M3,6.59071841294178,69.22625972141513,24.183021865643084
M5,42.88779811602195,31.992128832558013,25.12007305142004
M9,85.26349894564893,8.453593393585743,6.282907660765323
M1,31.065014719043855,32.323095376832725,36.611889904123416
M2,64.47938017483139,16.265946882830335,19.254672942338274
M3,8.383478134239235,68.21563452903197,23.400887336728786
M5,45.92951670113619,30.031654397550295,24.03882890131352
M8,5.876589790245965,9.473703203849407,84.64970700590463
M1,29.875582644109784,33.06644256822097,37.057974787669245
M2,64.24226754897037,16.547479090426222,19.210253360603403
M3,6.887259048555031,69.09322016105001,24.01952079039495
M5,44.44937826542082,30.911273582067185,24.639348152511996
M7,43.57383206460002,54.48835027039423,1.9378176650057526
M1,29.545621687830476,37.223847929765874,33.23053038240365
M2,63.88022624094844,18.816942437327857,17.302831321723705
M3,6.052386912621794,73.57106234664728,20.37655074073092
M5,43.44136824316795,34.410124268597826,22.148507488234223
M6,18.32515137047171,45.72915353090757,35.94569509862073
M1,29.92880581127361,32.89241183904096,37.178782349685434
M2,63.952898243644356,16.753060991912882,19.294040764442762
M3,6.429005654195022,69.05245997600561,24.51853436979937
M4,15.500766925598127,20.409266828785597,64.08996624561627
M10,7.635010537020307,80.82657130905618,11.538418153923516
M1,30.03455898422702,33.104023665882956,36.861417349890026
M2,64.85063897408496,16.35593268915544,18.7934283367596
M3,6.397292829543146,69.17834038896086,24.42436678149599
M4,15.200910789182158,20.96163675635562,63.83745245446222
M9,85.80828883276607,8.23086696293854,5.960844204295393
M1,31.58483596696545,32.09858085033526,36.3165831826993
M2,64.84009236357328,16.182575979418203,18.97733165700852
M3,7.9597862217207345,68.28800173279305,23.752212045486218
M4,17.6214522917648,19.46181187669359,62.916735831541615
M8,6.491473221983528,9.284651071652418,84.22387570636405
M1,30.550126046730043,32.72998099236808,36.71989296090188
M2,64.71361617719353,16.37350551183106,18.91287831097541
M3,6.751185226618055,68.99325460672804,24.255560166653908
M4,16.013405511756407,20.406851144438686,63.57974334380491
M7,45.61497562045972,52.781504424202836,1.6035199553374468
M1,32.17932769109232,36.56154682619063,31.25912548271706
M2,66.36998514533113,17.914206066166326,15.715808788502546
M3,6.328803239438853,73.80745283591655,19.863743924644595
M4,17.779670914168587,24.4083868846923,57.81194220113911
M6,20.71125586225197,45.292514942263814,33.99622919548421
M1,28.549515262528942,33.785752058647184,37.664732678823874
M2,62.4512295274257,17.420759849525172,20.128010623049125
M3,6.358609168295024,69.52829685359416,24.113093978110825
M4,14.86539821959208,20.702796724887534,64.43180505552039
M5,42.97409764878451,31.843645969879255,25.182256381336238
