1.312686036509424170e+01
1.320902555107249299e+01
1.303171143155450729e+01
1.299427043094035028e+01
1.284060386592780389e+01
1.200489765843168755e+01
1.324434375881918768e+01
1.225540470454727782e+01
1.317129444224885937e+01
1.280527983325497843e+01
1.296157637867169221e+01
1.242483093930628080e+01
1.230220572680774005e+01
1.318861218395807100e+01
1.290763246831130751e+01
1.317237736881677179e+01
1.324863912396874710e+01
1.228187125916737799e+01
1.305912523572235528e+01
1.286489333675967472e+01
1.334802940643981195e+01
1.341751812011804290e+01
1.320146499639017890e+01
1.322855151176341870e+01
1.313173316629811538e+01
1.337702599788953783e+01
1.345027220242670651e+01
1.309407433631002604e+01
1.383146292527968768e+01
1.311680422776594490e+01
1.337679707433916931e+01
1.350788594932023301e+01
1.331172264646674641e+01
1.385361231543197569e+01
1.314943278779923475e+01
1.335810335050929609e+01
1.332157825264887840e+01
1.276371098614087707e+01
1.384555939934458912e+01
1.317035174607679338e+01
1.317932047123124484e+01
1.343453667237361771e+01
1.326721308987286285e+01
1.324120054444682282e+01
1.311838447614507075e+01
1.338021531075299286e+01
1.346237429705911026e+01
1.310823447608402148e+01
1.318933306672133376e+01
1.305521097971027089e+01
1.339812678527628442e+01
1.352043440178312572e+01
1.282085106547326703e+01
1.396215902041213397e+01
1.315235453734173632e+01
1.335833063552989231e+01
1.347749570028082289e+01
1.304357335656145089e+01
1.384449398957681154e+01
1.310914461822472177e+01
1.303803457082972272e+01
1.331638342615469028e+01
1.308388085912401522e+01
1.349245875435652664e+01
1.322078922679557422e+01
1.320474493396640092e+01
1.335986563653394121e+01
1.312130579270205821e+01
1.354736807729493542e+01
1.326099342328022601e+01
1.333382651365055516e+01
1.326632940065434774e+01
1.315040013315695155e+01
1.358584054628756377e+01
1.340068783544176689e+01
1.329589339657170655e+01
1.336688351282405307e+01
1.311793826493164872e+01
1.352023650715537428e+01
1.298915727862331337e+01
1.305090856554860324e+01
1.313031233123046526e+01
1.303444425659767525e+01
1.349286291777287516e+01
1.321487809600358432e+01
1.308872969648901297e+01
1.317488103839575686e+01
1.316588185507475295e+01
1.351351943918743537e+01
1.323117203853306911e+01
1.315413500373538724e+01
1.323115446605909895e+01
1.297851857854660551e+01
1.357897638111934491e+01
1.307987279280944293e+01
1.311182128677925718e+01
1.318281867946264896e+01
1.307068657289416969e+01
1.353358834832801350e+01
1.324405196564912224e+01
1.281079657683578432e+01
1.327567065522098666e+01
1.164309478558825539e+01
1.334328527412596443e+01
1.284903910977497254e+01
1.265264125258089933e+01
1.311629344946917186e+01
1.252979069918410282e+01
1.297866125398707737e+01
1.281727577285746911e+01
1.275016172030143480e+01
1.313431038599455469e+01
1.279428334169881332e+01
1.307426111928948309e+01
1.292047837897879958e+01
1.315542652053407480e+01
1.323072828448162497e+01
1.229222325092844237e+01
1.324693748472670407e+01
1.287680346298311029e+01
1.314446060950108830e+01
1.341240467068486275e+01
1.304362990125070176e+01
1.358186616119167489e+01
1.300432089731251928e+01
1.316400973640657668e+01
1.330093004515656574e+01
1.321835438274012553e+01
1.344528416501688461e+01
1.304409407977270874e+01
1.297903058333218240e+01
1.350375586115693594e+01
1.313019952084789033e+01
1.379956503278243751e+01
1.314137876718427300e+01
1.339801350071370578e+01
1.331667180117833915e+01
1.299053404392517486e+01
1.363368456908642834e+01
1.308770837028279210e+01
1.336628504048717758e+01
1.343030698221554609e+01
1.306714037139095907e+01
1.349893907755344458e+01
1.309461393086326630e+01
1.301647826069027225e+01
1.345879574262114353e+01
1.309427537816208265e+01
1.324761304218286284e+01
1.300388140290016992e+01
1.338979281460262349e+01
1.351708561188545232e+01
1.314922671332570481e+01
1.361934873956828262e+01
1.324678158285395924e+01
1.341475245581600539e+01
1.331008095395205970e+01
1.311727301066933116e+01
1.329019149160057900e+01
1.306303314695012219e+01
1.323348641076831811e+01
1.330976609914085174e+01
1.292453655632972165e+01
1.348189917715374975e+01
1.296600803956165215e+01
1.327138578017125425e+01
1.329519691784900992e+01
1.297160393992486149e+01
1.354230705557407433e+01
1.306860825315410324e+01
1.332982456250805470e+01
1.340452267458225499e+01
1.313463599128525061e+01
1.355850450744535252e+01
1.304673889624865168e+01
1.329141906509020643e+01
1.336118027816094411e+01
1.298607400000054035e+01
1.356377037081992043e+01
1.300181621939634447e+01
1.279610946707093611e+01
1.312232545375571036e+01
1.263582311020142157e+01
1.348678917063140759e+01
1.321533973902932857e+01
1.323158194526502740e+01
1.316790529463606774e+01
1.315807499682735049e+01
1.350817771794147149e+01
1.322136630221001852e+01
1.329013174006203357e+01
1.322535895789981630e+01
1.296233227236749208e+01
1.352265293248787437e+01
1.329845173464108932e+01
1.310681246954442258e+01
1.317664945568140311e+01
1.253051047602150092e+01
1.352819131128591934e+01
1.325776192586883617e+01
1.286378681487081010e+01
1.297327800107173523e+01
1.285697165475374781e+01
1.312079492787288437e+01
1.300615456110170953e+01
1.298836648838180530e+01
1.309183874916410062e+01
1.251976093397831669e+01
1.318727227075698849e+01
1.298398954171320874e+01
1.252899523559999295e+01
1.267407837640474000e+01
1.279936812137656688e+01
1.317065374091399299e+01
1.308041414678600312e+01
1.301945298141655805e+01
1.261250776613815638e+01
1.221415675728776229e+01
1.315192384663058078e+01
1.303417566211955325e+01
1.324593291543916251e+01
1.332000689669863469e+01
1.314410459721961111e+01
1.384849860552279921e+01
1.297760252017788574e+01
1.326184304654005430e+01
1.293926112864727251e+01
1.317119930391723770e+01
1.354340129878459464e+01
1.305972853875991113e+01
1.328235331421998744e+01
1.356396338879820362e+01
1.315639181650279887e+01
1.343379959868806139e+01
1.326497417593273020e+01
1.325686106122496355e+01
1.284954580379369737e+01
1.295323230650387458e+01
1.388497668449134004e+01
1.314510868419959344e+01
1.275685235570766274e+01
1.349670021513996865e+01
1.317065521398748729e+01
1.336484727760883118e+01
1.304270353388155002e+01
1.328091624069353749e+01
1.352262693469772437e+01
1.295666002441475584e+01
1.336980582351699987e+01
1.322052775371373912e+01
1.335697453451070515e+01
1.357414802359597594e+01
1.301625360921902619e+01
1.345293902343181713e+01
1.313469922996727490e+01
1.331222794304980184e+01
1.338064143965344321e+01
1.285141915350870256e+01
1.390142769637262354e+01
1.296356329148707509e+01
1.313000766856538348e+01
1.321270216184173840e+01
1.296918334448880117e+01
1.354697453995501988e+01
1.332972172330114446e+01
1.315309639567237987e+01
1.341403438514586632e+01
1.306745326783574157e+01
1.364276703427701776e+01
1.334326334613230358e+01
1.341142835976177317e+01
1.346517907127620539e+01
1.311487542053498245e+01
1.347452680035319972e+01
1.316806325519998033e+01
1.331219590857337742e+01
1.342137472905131368e+01
1.308301612069807263e+01
1.364576545919950057e+01
1.316474880892744004e+01
1.328063207709993421e+01
1.333959704822244596e+01
1.280240200240993431e+01
1.358957014038980482e+01
1.318074255784900828e+01
1.296120732289515587e+01
1.324957572919481841e+01
1.302245055227747450e+01
1.356857069092790624e+01
1.305348067147688340e+01
1.337576238435916132e+01
1.330755527615556311e+01
1.306936698595274038e+01
1.363298139890322069e+01
1.337582272823515517e+01
1.333376290383178286e+01
1.325867504964477028e+01
1.295123585540182809e+01
1.358659835748505351e+01
1.333429689036580257e+01
1.278737264286362141e+01
1.301934946592637665e+01
1.282800195146272770e+01
1.311471613504508049e+01
1.309441740902212281e+01
1.296302731561914712e+01
1.319118491065734311e+01
1.269924867258710499e+01
1.323194226851472877e+01
1.304509107950441127e+01
1.304512336248622972e+01
1.303204177602201774e+01
1.214826851935350405e+01
1.317534934576696770e+01
1.291912344069648455e+01
1.282899547708206711e+01
1.292425019028090638e+01
1.274036653669604746e+01
1.314040564312741033e+01
1.312155914828025516e+01
1.323532743648291188e+01
1.343889522028742967e+01
1.313467667310187181e+01
1.371192289284389254e+01
1.327195003343161162e+01
1.325130406413856221e+01
1.337146843371521143e+01
1.329001658726962276e+01
1.369682765987696271e+01
1.317045265553734801e+01
1.344932575105792694e+01
1.356521480271715419e+01
1.312399919259574510e+01
1.374022592791848574e+01
1.334185337740102284e+01
1.328775037188856878e+01
1.352125591066438481e+01
1.318461482779804861e+01
1.372059995208523731e+01
1.318383044516800062e+01
1.330685119656338777e+01
1.349714305782076273e+01
1.316126760369090931e+01
1.380660937713190783e+01
1.302015716764129394e+01
1.341126602345296526e+01
1.352322760265285417e+01
1.318181976579384518e+01
1.391261720033474703e+01
1.351786307050647906e+01
1.328057286969438167e+01
1.358154189333772166e+01
1.315291761639929113e+01
1.337128780810084727e+01
1.313542110760421622e+01
1.330905920112381757e+01
1.353842852368717509e+01
1.312046759898606751e+01
1.335782185166662117e+01
1.360225885298230430e+01
1.324963260210397387e+01
1.323491180551107860e+01
1.301728568550807275e+01
1.354812338472042477e+01
1.328587993281581703e+01
1.297347955224141458e+01
1.341196307990111158e+01
1.305343340958692089e+01
1.360452406197786424e+01
1.340550005223475161e+01
1.342551526746352053e+01
1.346385904634788488e+01
1.321558717122696791e+01
1.366928447492067811e+01
1.334830174487940369e+01
1.323240701262295005e+01
1.342077785580436000e+01
1.318235844356496855e+01
1.349531749600096120e+01
1.323422422499900364e+01
1.291052584028552275e+01
1.319667224642377512e+01
1.296328562431219567e+01
1.355010469447844557e+01
1.329686537998135165e+01
1.316697505022108139e+01
1.323614784800946964e+01
1.313953735032526460e+01
1.357051942582261184e+01
1.330131023236483756e+01
1.336538124184927945e+01
1.329551511432324418e+01
1.285748218869741244e+01
1.363581077801074670e+01
1.337805566082630016e+01
1.319153583264530205e+01
1.324728672646056893e+01
1.302130144596021921e+01
1.359002244845925311e+01
1.326724857517126388e+01
1.270468535134200572e+01
1.329034292880393764e+01
1.288214665487059385e+01
1.343536593355598008e+01
1.293097297943568691e+01
1.270566752435247082e+01
1.283910828924878267e+01
1.276816180608101092e+01
1.326691801146859540e+01
1.312719127236441174e+01
1.296362472292601709e+01
1.329644707742190413e+01
1.259633792964209142e+01
1.334726674210386754e+01
1.300126004642642386e+01
1.274669581212856961e+01
1.285639064769960882e+01
1.200948766880625307e+01
1.329439674745595923e+01
1.295585130234622717e+01
1.335789581001142245e+01
1.325156706773267068e+01
1.251526935385861350e+01
1.348758720804383238e+01
1.336877502196903400e+01
1.295000226131790733e+01
1.311797316270857650e+01
1.300811913507796902e+01
1.349309895863301989e+01
1.312039191294797469e+01
1.324790409534264768e+01
1.334130694891544877e+01
1.313421391480782319e+01
1.356992370643444090e+01
1.316228797559213071e+01
1.320831996198677416e+01
1.346390145420518181e+01
1.310201210824149598e+01
1.352197361916999796e+01
1.313311005244325536e+01
1.317756642274145840e+01
1.343440090810108245e+01
1.307098660264383838e+01
1.347335205588588813e+01
1.330930286039540178e+01
1.318848996461942846e+01
1.346216757007016085e+01
1.308772411317466400e+01
1.338080673606825144e+01
1.313228708959177737e+01
1.341430023180318010e+01
1.351954822225391162e+01
1.307492354926456990e+01
1.350447504237476970e+01
1.322748170957064495e+01
1.308324573292358650e+01
1.334677642423140576e+01
1.311743917167782492e+01
1.355545682197021407e+01
1.302746449350314073e+01
1.288283171333768706e+01
1.331814327532214648e+01
1.293508059801421162e+01
1.352868593925093776e+01
1.326972553465740212e+01
1.307736659344045371e+01
1.322095293448896847e+01
1.321154880757629257e+01
1.340308479094764316e+01
1.320146353107395498e+01
1.334306937139726301e+01
1.341043897341464586e+01
1.302135166926983523e+01
1.361026174065914418e+01
1.334784045455469581e+01
1.294017334596994395e+01
1.336683569146311257e+01
1.289045030729625196e+01
1.356717873107312933e+01
1.330773220529404277e+01
1.307647062776224089e+01
1.314572917599848267e+01
1.267511011879089367e+01
1.349444954572819810e+01
1.323025597628654104e+01
1.311301815616984712e+01
1.332812081900992673e+01
1.271845791590034658e+01
1.351514785081421266e+01
1.323489728113584718e+01
1.317867493069283924e+01
1.324545904453250422e+01
1.312298460607576800e+01
1.358021574019084099e+01
1.331121345638534414e+01
1.313462267945713968e+01
1.319656016094148221e+01
1.273870606208284606e+01
1.353391393255519048e+01
1.326961136447249423e+01
