3.609135224674616116e-01
2.554824049346893777e-01
2.710261327805607579e-01
2.690909956376491552e-01
2.575890888677326296e-01
3.938228200002867885e-01
2.661450154221103315e-01
2.989338936864982532e-01
3.023048241038320816e-01
2.887521301222863990e-01
4.516910563483518826e-01
2.870298338371803371e-01
3.393563229141747239e-01
3.489079168240500906e-01
3.307356757173365303e-01
3.958031589164328068e-01
2.684499635403000961e-01
2.978349967266142873e-01
3.026424489939045781e-01
2.874916956774102306e-01
4.192215837962529612e-01
2.561850944700886923e-01
3.004404345033685475e-01
3.084790541206861025e-01
2.912823265084054647e-01
4.534929373579190681e-01
2.759495333459219268e-01
3.348566264213713728e-01
3.466570874846327532e-01
3.291821892280001882e-01
5.142803032206115788e-01
3.137374214246133053e-01
3.838439590238761356e-01
3.998678049407198842e-01
3.793445373233015339e-01
4.554403561417866841e-01
2.806602687371701488e-01
3.343431795528477024e-01
3.476625660178978561e-01
3.286735362785725423e-01
4.147713334766343074e-01
2.809943871283390182e-01
3.138972078481837569e-01
3.167826374600554717e-01
3.039467549808385072e-01
4.471822123603585442e-01
2.958945626265533924e-01
3.423256245943550047e-01
3.502471761992063670e-01
3.362610269857723155e-01
5.071659071904306426e-01
3.305462148041875547e-01
3.891107628104842897e-01
4.013574983723579570e-01
3.833140551063550228e-01
4.499616769357530632e-01
3.021074860583496946e-01
3.435174411414650963e-01
3.532055470323451907e-01
3.378639049166813346e-01
3.856544450560129844e-01
2.844685355988373909e-01
2.951708085125521741e-01
2.946960346447806134e-01
2.822679443781938025e-01
4.199373546005001345e-01
2.993461406064106267e-01
3.261369400598951862e-01
3.309675475466706818e-01
3.175717815429877633e-01
4.763767689910699543e-01
3.222784012850017921e-01
3.668496286267551310e-01
3.764603987216290082e-01
3.588929792695029208e-01
4.215799018084070426e-01
3.010583913138012990e-01
3.251314982483676785e-01
3.307577822017373492e-01
3.156517396591512203e-01
3.767526013226226156e-01
2.905961439332032104e-01
2.945467515482480536e-01
2.902614519084977807e-01
2.791450327951249810e-01
4.113179637119978027e-01
3.038002893771372670e-01
3.256040093377302602e-01
3.258993418484867899e-01
3.143441169362813925e-01
4.663724222664999419e-01
3.232090508642077586e-01
3.628545209899811663e-01
3.702321954128992565e-01
3.536467991293755775e-01
4.122810971808455460e-01
3.044004290280746261e-01
3.230555487819512517e-01
3.247740931682865928e-01
3.112597009297558559e-01
3.513239415086595319e-01
2.461381350103994947e-01
2.569680665600895253e-01
2.574019520799057936e-01
2.457608977807219652e-01
3.851388751966485779e-01
2.568389216793424690e-01
2.860489005313730515e-01
2.918786670663057747e-01
2.776628342260573090e-01
4.442556302841172422e-01
2.763586080234133879e-01
3.268615420771613933e-01
3.392108519909445286e-01
3.202795253682333421e-01
3.868192335811113103e-01
2.583881922090639494e-01
2.842640273485343982e-01
2.914799256926410842e-01
2.758479757005233846e-01
4.125188315091651847e-01
2.483240551908554028e-01
2.895534810026172967e-01
2.998611763470390712e-01
2.820420002643500013e-01
4.474383845716756736e-01
2.686477615125721363e-01
3.250183506631015296e-01
3.388719929078256587e-01
3.208055076710765174e-01
5.091079983951566357e-01
3.061527809715345883e-01
3.746098646735792070e-01
3.928953676429461916e-01
3.711005762972433564e-01
4.491486586755994437e-01
2.724067946066653367e-01
3.239216641185723167e-01
3.394787158999560406e-01
3.197409085728212252e-01
4.075298946679157264e-01
2.733958381702163987e-01
3.026472209146379710e-01
3.076594932835423069e-01
2.943693551002024567e-01
4.407959931015978938e-01
2.885605238200019684e-01
3.321366310515119213e-01
3.420296409892646383e-01
3.275333057459452468e-01
5.016301699737584219e-01
3.224433504359009994e-01
3.791650626626021925e-01
3.936746272553922621e-01
3.749249745933282973e-01
4.431507374965067969e-01
2.942671807966155684e-01
3.333083202779420495e-01
3.444102668999826089e-01
3.285083492758684720e-01
3.762748120192658807e-01
2.765093896648104232e-01
2.820546441359355616e-01
2.839354972400632282e-01
2.711790431057456985e-01
4.113274988631799856e-01
2.912478883829776044e-01
3.137209033424757099e-01
3.211290084621103991e-01
3.073471095751527105e-01
4.687313497032030152e-01
3.130582658112304739e-01
3.552262716463766568e-01
3.671868521080229320e-01
3.491678303345688295e-01
4.126782101683148518e-01
2.923666064459670144e-01
3.121446891000272950e-01
3.203732733290437507e-01
3.048507450304935307e-01
3.661391607415396265e-01
2.823071602096008936e-01
2.807122893902349592e-01
2.790147579970563285e-01
2.673606701611034309e-01
4.019945171064332468e-01
2.954106453461406989e-01
3.127965023214762663e-01
3.160922232367013862e-01
3.031049633560475853e-01
4.579915029792573922e-01
3.137659004727022527e-01
3.508141584400004120e-01
3.604734460721846778e-01
3.435516021782963891e-01
4.028250263287032062e-01
2.962713956437939555e-01
3.096849521707871755e-01
3.143746948464863356e-01
2.996415744917390600e-01
3.709423965263148326e-01
2.515222925379622665e-01
2.682077849220391164e-01
2.721517707737908798e-01
2.554451989843859461e-01
4.025490316407513980e-01
2.680055489858887419e-01
2.994976618407375613e-01
3.076533370980727988e-01
2.908025535098451297e-01
4.624604279713543931e-01
2.930659390814591148e-01
3.430107391858236987e-01
3.573244134904506319e-01
3.362519344771032759e-01
4.043049093429453289e-01
2.680854581621029964e-01
2.967939958008055656e-01
3.064086333041291521e-01
2.881056327142356710e-01
4.290204150510236181e-01
2.633644928696827203e-01
3.053434077681740910e-01
3.166326695428114957e-01
2.969986013214503950e-01
4.619529912818528539e-01
2.873866896724609488e-01
3.405141109100713326e-01
3.551197206811364526e-01
3.353771642459285052e-01
5.241275532141549398e-01
3.265923779058243492e-01
3.915366983207170248e-01
4.103397388142073776e-01
3.872682008457480340e-01
4.638552106432617950e-01
2.895935641882164679e-01
3.389544610291012061e-01
3.554271866965770243e-01
3.337585336509508727e-01
4.256618910259612476e-01
2.873115133671501065e-01
3.164761343069245614e-01
3.235876729417568876e-01
3.071347800523258620e-01
4.574384303038772082e-01
3.065506367442514812e-01
3.475601862715158585e-01
3.582661182148399459e-01
3.414980102253376559e-01
5.182646256580188959e-01
3.424758534142843258e-01
3.959173307487356408e-01
4.111488636196459212e-01
3.904547811563530701e-01
4.596568565927418581e-01
3.101855793773801717e-01
3.469521431598152073e-01
3.595881212544502770e-01
3.407823761205401314e-01
3.898669903196108621e-01
2.835810770380270962e-01
2.908909571936913463e-01
2.948467017616332453e-01
2.791355887179879924e-01
4.239016554605562481e-01
3.036160351117622169e-01
3.250936648946863849e-01
3.318617976541596293e-01
3.169046483147912596e-01
4.815336066568088880e-01
3.272533987568823632e-01
3.673913951632601371e-01
3.802259512555927201e-01
3.602947467046113128e-01
4.250036088075105356e-01
3.027197281870616097e-01
3.216337861430847433e-01
3.306780236064653655e-01
3.137715205323939327e-01
3.805180715569466132e-01
2.872964020964956511e-01
2.884882743106665370e-01
2.891327998413082412e-01
2.745462770678606668e-01
4.147306953126039808e-01
3.060391638767059330e-01
3.223566669435167231e-01
3.270404164531903746e-01
3.116685514272666269e-01
4.709837534122859881e-01
3.269205712772560446e-01
3.623473044823556921e-01
3.729908373140219946e-01
3.539000435113395793e-01
4.150940768339371756e-01
3.041088566617009548e-01
3.179527480593842825e-01
3.248925127393297863e-01
3.075409404283362957e-01
3.844409142980903527e-01
2.903898040581402995e-01
2.983874006148095059e-01
2.991988948452697361e-01
2.871461664805953773e-01
4.155015171969897447e-01
3.047284836068807068e-01
3.272118878961376987e-01
3.325902868121600187e-01
3.190233432985845607e-01
4.735932699663480405e-01
3.260704077859452599e-01
3.666545739443966001e-01
3.779689447440494066e-01
3.601225486256361408e-01
4.175758109046001643e-01
3.048719653373873073e-01
3.249237015942711970e-01
3.322449709946555529e-01
3.166299944805819333e-01
4.411906226472826487e-01
2.971854349465402612e-01
3.294379587470314119e-01
3.390213216351759540e-01
3.224592951736098279e-01
4.741021420907739481e-01
3.196947199994697453e-01
3.638407599180369378e-01
3.761678238443420530e-01
3.595413150087971577e-01
5.356362800176285299e-01
3.558916816241008418e-01
4.121403288049177438e-01
4.291029525351036100e-01
4.086102072845305133e-01
4.766943224735878393e-01
3.220568702093547508e-01
3.626617629980934399e-01
3.768558983523446204e-01
3.585951594569989909e-01
4.392293268855601562e-01
3.224582097512510570e-01
3.440402924728190315e-01
3.491731554392892289e-01
3.366276729108759191e-01
4.706481650107746106e-01
3.402039236252756838e-01
3.734405622074812303e-01
3.824090299935757331e-01
3.689962115314936453e-01
5.311406371297405782e-01
3.732129793213163071e-01
4.191087067420672385e-01
4.327304174870903464e-01
4.151291961737099134e-01
4.736586544265170562e-01
3.443469803205270741e-01
3.739697233003757004e-01
3.843823161117846943e-01
3.694524187790349523e-01
4.074885584530634763e-01
3.220015925576807381e-01
3.229414173412109013e-01
3.248669206900612894e-01
3.125634716790475776e-01
4.409694007352186751e-01
3.408041182684429793e-01
3.542078132396653811e-01
3.608572421923459395e-01
3.479429127578513858e-01
4.970873288298326975e-01
3.621784413647365364e-01
3.939874268496585397e-01
4.052119110118002077e-01
3.881239346157968062e-01
4.425376441948420392e-01
3.400448323433382658e-01
3.519715584225304728e-01
3.595674481875208439e-01
3.444542444412875826e-01
3.982155733735151526e-01
3.257474313978698799e-01
3.212386623373522654e-01
3.200596874465600483e-01
3.089219302934550493e-01
4.328134409462362497e-01
3.426428398391482832e-01
3.534732218955561334e-01
3.559255978337779180e-01
3.441090816207761915e-01
4.873213020464906009e-01
3.620937328513784137e-01
3.899076801968271444e-01
3.988225880522189848e-01
3.823812769899346264e-01
4.336054159894476845e-01
3.408452834276685106e-01
3.498826556573639279e-01
3.537452596616449951e-01
3.403280074634689178e-01
3.655438244738068998e-01
2.235017314207753403e-01
2.532882421333474410e-01
2.597175991481437407e-01
2.417016093889513828e-01
3.991966057950707691e-01
2.384797361702749308e-01
2.859917815725079304e-01
2.970171567920799061e-01
2.783866593115401078e-01
4.610483133559838964e-01
2.666416343510903397e-01
3.312245459791227087e-01
3.481780799272100602e-01
3.253729548947453809e-01
3.998878472483566870e-01
2.405405627319017747e-01
2.830068849959622712e-01
2.952378538201851921e-01
2.754161891452736599e-01
4.301908143419284625e-01
2.342323441757886149e-01
2.923537494315623930e-01
3.077101069442989001e-01
2.852914101376082812e-01
4.651487253392358467e-01
2.589654255965155860e-01
3.302178271472754334e-01
3.481702105027098537e-01
3.261644962851124041e-01
5.280611283182581328e-01
3.020625135400157313e-01
3.823547051957824072e-01
4.042018079934031061e-01
3.790164699480148558e-01
4.656494346558986419e-01
2.612510227968380949e-01
3.277495640580127545e-01
3.474923818770153106e-01
3.239136088446182837e-01
4.216316797881320966e-01
2.547793528335877689e-01
3.006475481873778777e-01
3.097534994041352130e-01
2.916044202428625942e-01
4.557665408936597551e-01
2.746520523093318178e-01
3.327399692663426389e-01
3.468112449145211995e-01
3.277484384844458476e-01
5.180301888404660327e-01
3.139869522930834322e-01
3.827798412328309308e-01
4.008523592135898039e-01
3.782317057084946810e-01
4.565402630087751490e-01
2.792541419062000152e-01
3.327001391007461395e-01
3.477573691127629485e-01
3.272490378093158570e-01
3.862848244533469422e-01
2.543913278251812016e-01
2.773750033194051778e-01
2.836422420676671385e-01
2.661064479969306174e-01
4.216261660644191056e-01
2.735370368373955530e-01
3.127533224527047628e-01
3.231900669487191013e-01
3.053262034200966424e-01
4.815548277022509427e-01
3.014361916149454479e-01
3.570791804494836685e-01
3.726412266539366192e-01
3.510767450221723429e-01
4.222237525998114860e-01
2.739288234434926750e-01
3.092097576801879355e-01
3.215817606930131967e-01
3.018656868502319068e-01
3.747554779592593421e-01
2.590887024274207695e-01
2.746446000515027630e-01
2.777515343406002368e-01
2.614215745791196865e-01
4.104790858462433745e-01
2.769591439246050779e-01
3.098391715458188034e-01
3.174605842774242959e-01
3.005367810474763313e-01
4.693065339338431952e-01
3.010276711372059655e-01
3.517973602989471482e-01
3.653719147823963898e-01
3.446449799746748588e-01
4.107221196575138178e-01
2.762211841002369939e-01
3.057838129664902094e-01
3.148569661504446171e-01
2.961430689783907111e-01
