3.285167275537096976e-01
2.704906014890328114e-01
2.855033791325509718e-01
2.957022943197949449e-01
2.965590301072698609e-01
3.188666985659933673e-01
2.760268946971505821e-01
2.846069685913763525e-01
3.175690598399203979e-01
2.762453078550557439e-01
3.097876895560978672e-01
2.948714541927129340e-01
2.900482373631980693e-01
3.720263988067835093e-01
2.613413562372415289e-01
3.222884147956946999e-01
2.782520184213927994e-01
2.870315141456360464e-01
3.188481075027247424e-01
2.843426862790980891e-01
2.376858658713019989e-01
2.358203448177020323e-01
2.402788167577280254e-01
3.258163075251400143e-01
2.545227314230673610e-01
2.369379975795385118e-01
2.508832351174370978e-01
2.490345736487376282e-01
3.510121970683944270e-01
2.401031395376777289e-01
2.490785474622577156e-01
2.887388841860407118e-01
2.716316894865564713e-01
4.117616653127850745e-01
2.352193857232902641e-01
2.410478065496958200e-01
2.535657066109022750e-01
2.508008717295777679e-01
3.515980307339208744e-01
2.469415743001640851e-01
2.846930232265600935e-01
2.619169794233183191e-01
2.816806140148635507e-01
3.257352697400052177e-01
3.055346102875208802e-01
2.795588013828988472e-01
2.716627659001679129e-01
2.840890286763710915e-01
3.498243583874820484e-01
2.888447711605798274e-01
2.857825883040382986e-01
3.039431936861602956e-01
3.003232768952235343e-01
4.088776318038694346e-01
2.814136106442697849e-01
2.852190743929394201e-01
2.758948242722648603e-01
2.882346829457946291e-01
3.512278342955322818e-01
2.970989116766977189e-01
2.954749634508759826e-01
2.740128251365862577e-01
2.827236420133962813e-01
3.065078377942707100e-01
3.023071868177414356e-01
2.903354050897038463e-01
2.831080730311837379e-01
2.863423962699832015e-01
3.290305330521379745e-01
2.845187547137817408e-01
2.884152640431835168e-01
3.043846347862942947e-01
2.952115779536749751e-01
3.787449184865097629e-01
2.720371364628943467e-01
2.932143112796093964e-01
2.848132464541120457e-01
2.876936979411560680e-01
3.303780954967784345e-01
2.915584090334872314e-01
2.985187330789146887e-01
2.783163814666456681e-01
2.879647381257797178e-01
3.045810185803569103e-01
3.059442277841567526e-01
2.929245708511306057e-01
2.866941028662965407e-01
2.906544297340724614e-01
3.262582525698314306e-01
2.872823798051600264e-01
2.889353153482459025e-01
3.049828705544047058e-01
2.971848810343408753e-01
3.735656920486368771e-01
2.733386395408866076e-01
2.949631757544515787e-01
2.876075292523663229e-01
2.913865733324901841e-01
3.272721846760388020e-01
2.940930548454334659e-01
2.899390535896306798e-01
2.342233554150291719e-01
2.493267068046328416e-01
2.829389571842619855e-01
2.688419662819973022e-01
2.795698387469228163e-01
2.418214812082931375e-01
2.492577594401849395e-01
3.069808116735546766e-01
2.466026266089447749e-01
2.694602902293147251e-01
2.649002022745205465e-01
2.562606941582223907e-01
3.661068005642365009e-01
2.290015045282217943e-01
2.818400925874370300e-01
2.433557170896776534e-01
2.505394839053664002e-01
3.086247134157591998e-01
2.539072166864671520e-01
1.980909259497831143e-01
2.060692299941857264e-01
2.068484717685346586e-01
3.208097030386389270e-01
2.278119221612511236e-01
1.983838958660141538e-01
2.243991031379644896e-01
2.180666421086327189e-01
3.471203039309357363e-01
2.118256310915846707e-01
2.139608094288035223e-01
2.682962767370936086e-01
2.445413863115479536e-01
4.116438200653597113e-01
2.057374406508496456e-01
2.014744307838252924e-01
2.264300370330760703e-01
2.188043155861933153e-01
3.491589017897174796e-01
2.179743405652591060e-01
2.438488832590569311e-01
2.286738633139783206e-01
2.462432177099622421e-01
3.196235421273158628e-01
2.773299793623881793e-01
2.391563829941740771e-01
2.415078319147976327e-01
2.504101342724691093e-01
3.453991569300308151e-01
2.594310583348487520e-01
2.470624780948434684e-01
2.793754910051958751e-01
2.695066199862493628e-01
4.084462341997467938e-01
2.504868424126425186e-01
2.439401902798295774e-01
2.452947052255056715e-01
2.535747713682281468e-01
3.468341044436489273e-01
2.669807670103026553e-01
2.548020085372983412e-01
2.380996681728725639e-01
2.466403163955106781e-01
2.917919680228587276e-01
2.741310298033605153e-01
2.497033608466674715e-01
2.494311090863458036e-01
2.511217431802156286e-01
3.165675634207716915e-01
2.546407247579643429e-01
2.479427185098070086e-01
2.749062710977291935e-01
2.617398249115676645e-01
3.702390078342783775e-01
2.398478355764125936e-01
2.513889767163990929e-01
2.502884716485358485e-01
2.514519423083931837e-01
3.174116925784772336e-01
2.609335338106743007e-01
2.582533257851610253e-01
2.421961310186342142e-01
2.519600059669465097e-01
2.873939704651192750e-01
2.780819568809591580e-01
2.523842300503081337e-01
2.525087516394162179e-01
2.554041709204499799e-01
3.108884936262072407e-01
2.576087248262576290e-01
2.482768648536398393e-01
2.747365371042921889e-01
2.632475473646382347e-01
3.627163277490159654e-01
2.411477463567676394e-01
2.533140904404705962e-01
2.525261958825852915e-01
2.551002278879084262e-01
3.120758670026129167e-01
2.636621303231755364e-01
2.085394134071370253e-01
2.274505926354058460e-01
2.125907184465291866e-01
3.319065713926934169e-01
1.803897464570556330e-01
2.137206752575215585e-01
2.450994665687688256e-01
2.277363406590716122e-01
3.526452277917048739e-01
1.794564152889214781e-01
2.270765168110722432e-01
2.868426577634600738e-01
2.564434340148424862e-01
4.170926540024322282e-01
1.843289099604868975e-01
2.136981866872576519e-01
2.460952987354664834e-01
2.262331349160669747e-01
3.565830134590219358e-01
1.798488837903708948e-01
1.608079130131899181e-01
2.314048136493473407e-01
2.046465846036783220e-01
3.691402336416026997e-01
1.674697213840631027e-01
1.781601078379809466e-01
2.537317162050807262e-01
2.269860194008988530e-01
3.917702473234535576e-01
1.734049885165309113e-01
2.203190404876723407e-01
3.094715676987884190e-01
2.696206285127221158e-01
4.585994957581436826e-01
1.911448135149816097e-01
1.797573995997907015e-01
2.557399962518742687e-01
2.259455842060457409e-01
3.949834819787365614e-01
1.733448050232469784e-01
1.873003578696147142e-01
2.413102156538025622e-01
2.255834292522045370e-01
3.717703556826051914e-01
2.046489383127247375e-01
1.989414814234189421e-01
2.611086716170937794e-01
2.426404399389169297e-01
3.941932084892353916e-01
2.052686883099718584e-01
2.335923480760196680e-01
3.127956257056604406e-01
2.799024932180576575e-01
4.609172412968012833e-01
2.166233813730377433e-01
2.017907923526731928e-01
2.641981218643862928e-01
2.432532485914412068e-01
3.968634601193035683e-01
2.075677507779127573e-01
2.011793419981215414e-01
2.418548319903718602e-01
2.274380612626827614e-01
3.309997083476765578e-01
2.122624756971531190e-01
2.102198593389187908e-01
2.604793822845922202e-01
2.435089898246148854e-01
3.522118324304643888e-01
2.107882269588242652e-01
2.291214822146014352e-01
2.978021755373696511e-01
2.694542243092770128e-01
4.103122299789523919e-01
2.113705828349718985e-01
2.098608589636638544e-01
2.606339116425035463e-01
2.414624185469262940e-01
3.553353425849192226e-01
2.110237808885271904e-01
2.044352229161820467e-01
2.436646980979997601e-01
2.312819174063743266e-01
3.250622005009128901e-01
2.166001610104782427e-01
2.127949996918573061e-01
2.614163862307025687e-01
2.464336031595004695e-01
3.466984435590730884e-01
2.140756015429405856e-01
2.284970726978168554e-01
2.958187183652848384e-01
2.692110383497952064e-01
4.011702444213905983e-01
2.122367152290625947e-01
2.113847778154093748e-01
2.610061412602944775e-01
2.436538658922392520e-01
3.487722453137572232e-01
2.138939512775371032e-01
2.951177426730942632e-01
2.681224754914559028e-01
2.630646564403250620e-01
3.397299998785570652e-01
2.505662913291972216e-01
2.960520517053029654e-01
2.812392979631492262e-01
2.730701443247087190e-01
3.597805885101160728e-01
2.453600606067656564e-01
2.972640125509008469e-01
3.120746866058491942e-01
2.908416665108487509e-01
4.171898069738820269e-01
2.399224895878201147e-01
2.956654269960581893e-01
2.824214561461020900e-01
2.720681631109840293e-01
3.637714072738497673e-01
2.461389349314224984e-01
2.195408809921115534e-01
2.527115101569923916e-01
2.343871755455018413e-01
3.726597931969555244e-01
2.156578697772079944e-01
2.306955468309633550e-01
2.725413396392707965e-01
2.530074904361454546e-01
3.949118032715563942e-01
2.177648357393403844e-01
2.593782284558894258e-01
3.221616570408633029e-01
2.897191221716606258e-01
4.597965101636201646e-01
2.273028636969585681e-01
2.326037945408298280e-01
2.755312363486664418e-01
2.530057351022276801e-01
3.994035400603697106e-01
2.183453123598906309e-01
2.520355889653434489e-01
2.661369244881139351e-01
2.601672000465335421e-01
3.757373172919117321e-01
2.547111526216862543e-01
2.586487042547546134e-01
2.829527894145310585e-01
2.738678607614254412e-01
3.966197532657258495e-01
2.528734026806679913e-01
2.807895552770889314e-01
3.290791860947854808e-01
3.045353353215186076e-01
4.621330318676032389e-01
2.578205188198674502e-01
2.615928924739436279e-01
2.867194268999317952e-01
2.756113046180402315e-01
4.019548989539785122e-01
2.552740697641562306e-01
2.729471511001588246e-01
2.772358630149409087e-01
2.685969330813154365e-01
3.489810608104217393e-01
2.659393256437627140e-01
2.784068691550695140e-01
2.924982395284452252e-01
2.815796036529609747e-01
3.703459882272451820e-01
2.625562396733743253e-01
2.870142195792711459e-01
3.237018333733455155e-01
3.008111930261697653e-01
4.228597713408022152e-01
2.579983123561037095e-01
2.777076446834357837e-01
2.933577654907836285e-01
2.799653157726982866e-01
3.728409941882437351e-01
2.627305291847791824e-01
2.783548753888213656e-01
2.820317757904779454e-01
2.752887347725032074e-01
3.466741417801227354e-01
2.728058892801893398e-01
2.830753808587996301e-01
2.970811978236429507e-01
2.872105580262882540e-01
3.674755457143406567e-01
2.683191540199037495e-01
2.886757828910672119e-01
3.245221437549327126e-01
3.031017664607120188e-01
4.165776260368287964e-01
2.614200063101623783e-01
2.815298080646752577e-01
2.964543122829782495e-01
2.847841110197346648e-01
3.699665209328342752e-01
2.680758530799582373e-01
2.376004997526014184e-01
2.100413188782938867e-01
2.072172052184347302e-01
3.189673183278011748e-01
2.083624013184402768e-01
2.349846765994755005e-01
2.277532033112328325e-01
2.183583524156520461e-01
3.441856633445294356e-01
1.959743282438780598e-01
2.390166258634602303e-01
2.671945386541065837e-01
2.419768633545047454e-01
4.093243208530299992e-01
1.915663129824046740e-01
2.369921354360623456e-01
2.281273360015914908e-01
2.174810843816921690e-01
3.446482719786193583e-01
2.008619280853841116e-01
1.633742206007231801e-01
2.091422493648799341e-01
1.864463935941317041e-01
3.691553386305624351e-01
1.767061635976617251e-01
1.764527205543634236e-01
2.349986555658208909e-01
2.086802918493945724e-01
3.965010886672220014e-01
1.731477877619871375e-01
2.112141459615380079e-01
2.902894274917891537e-01
2.510513459079373733e-01
4.630041531811179278e-01
1.833191022106950563e-01
1.779962056361150402e-01
2.348682753973317383e-01
2.071988467380871113e-01
3.961904460237737347e-01
1.760611203339868536e-01
2.027315833033603298e-01
2.196090703008780620e-01
2.149384888826846030e-01
3.638629471446433450e-01
2.261750508913721591e-01
2.080191913415503080e-01
2.414629690695794251e-01
2.296370198486173131e-01
3.917322142460981649e-01
2.172941884963699166e-01
2.318915930341850784e-01
2.910105344987740095e-01
2.630832315399997956e-01
4.569755904987877204e-01
2.205254302277936118e-01
2.116922080106745652e-01
2.431126946885147078e-01
2.304876523230987295e-01
3.908899459395949738e-01
2.229061242448796554e-01
2.062726221817184624e-01
2.157282588246018928e-01
2.077988342733378402e-01
3.207901748797653552e-01
2.162429993036880382e-01
2.107668552209435997e-01
2.360421942835367326e-01
2.234260851872483522e-01
3.453739476535021558e-01
2.066829832029638547e-01
2.249244942491298027e-01
2.760552180671154154e-01
2.489947148421479128e-01
4.069448828984013611e-01
2.038764365002185275e-01
2.115516108866044853e-01
2.357338490337849146e-01
2.210295268577902039e-01
3.463165634222167277e-01
2.104280615326181991e-01
2.083787828221553562e-01
2.168778273776990062e-01
2.112647386191770504e-01
3.096314053137592115e-01
2.191012025802168972e-01
2.121255170622114161e-01
2.363911633537583989e-01
2.257136593536745728e-01
3.352564810933814088e-01
2.085536498393896487e-01
2.238030872334668131e-01
2.736939875679114675e-01
2.484538132161780433e-01
3.937916562217577687e-01
2.038623443632761323e-01
2.121170287826606438e-01
2.352723020378806040e-01
2.230604887762701605e-01
3.357331232083944350e-01
2.119820142865009027e-01
