7.133144445697779668e-02
1.022860978346390726e-01
6.385534299024277216e-02
1.627933846496981418e-01
9.809851082051504467e-02
1.374203599770751905e-01
9.091682301348075201e-02
1.731877280794626162e-01
1.331512583155576857e-01
1.779272361482562848e-01
1.402165552047949793e-01
1.829779879458875991e-01
9.893167105714611997e-02
1.410392164373833745e-01
8.652376411433340686e-02
1.815028331928152106e-01
2.641211183504094673e-01
2.953252255513637015e-01
2.354298187834631406e-01
4.052542981379781972e-01
2.987980315663537612e-01
3.324761998168078159e-01
2.741872611640611690e-01
4.310568065719592168e-01
3.412753805538028540e-01
3.769023859818588229e-01
3.218127023814716936e-01
4.620440196178057235e-01
3.058018055985461947e-01
3.437017518415843020e-01
2.783604292836809879e-01
4.504672012832134365e-01
2.978694411937180542e-01
3.402748412629525432e-01
2.514492598517511501e-01
4.484481917258046346e-01
3.214411522629424534e-01
3.658801937143397187e-01
2.801776919010023903e-01
4.597407628095712684e-01
3.648396709780717395e-01
4.094596650521816206e-01
3.281115012514732587e-01
4.918342380848329531e-01
3.359223417836723069e-01
3.850808621255216724e-01
2.912439768104234661e-01
4.894706753903821372e-01
1.988919445267558206e-01
2.205979160184523280e-01
1.537361292985891248e-01
3.676158910930406587e-01
2.420793552566414542e-01
2.685014981268190049e-01
2.007540166419506944e-01
4.001947377384382776e-01
2.706902843793323465e-01
3.009392235725946718e-01
2.396308065366193896e-01
4.138049418063858842e-01
2.391665129011131541e-01
2.691630729809821321e-01
1.973619774174835695e-01
4.076679434399621549e-01
1.223463227201938286e-01
1.546580144800918932e-01
1.021167434327191897e-01
2.934003058018032628e-01
1.694925803262277986e-01
2.064486574339507718e-01
1.537840334328771652e-01
3.272834409730262517e-01
2.047024066758701133e-01
2.438331392273385967e-01
1.967629761079487394e-01
3.384703227370615686e-01
1.612813650744699401e-01
2.020559177085339553e-01
1.453425735319482937e-01
3.280828563858438351e-01
1.063145851703124894e-01
1.338717897495351472e-01
5.672297376377131994e-02
2.025094606753768955e-01
1.323638447467682666e-01
1.677309843294166047e-01
9.336012346791754124e-02
2.154168479293139538e-01
1.593101042048251093e-01
2.010682039130667620e-01
1.424338994077739562e-01
2.216175874581052252e-01
1.317982238392586269e-01
1.700649346364443704e-01
8.901287178686032031e-02
2.223556258820705567e-01
3.141346778154910369e-01
3.402802019543643697e-01
2.712846818828054118e-01
4.818011068466124258e-01
3.490001166707095148e-01
3.771732440633552286e-01
3.100383829932801816e-01
5.069391741055060407e-01
3.853437268577764585e-01
4.180784640698039234e-01
3.511534681736495633e-01
5.313039557591158202e-01
3.543055163203027713e-01
3.876006747858645185e-01
3.136382536337251614e-01
5.263009398011151418e-01
3.558960907340509294e-01
3.966398005964232309e-01
2.948957572279783390e-01
5.336536261775839396e-01
3.781830661604055344e-01
4.197825546130992680e-01
3.219828853270567670e-01
5.436465190647595813e-01
4.133300334685646171e-01
4.556874984733726985e-01
3.629180255310706094e-01
5.691260894754828215e-01
3.921921089624261225e-01
4.396884291849654791e-01
3.331690279236775853e-01
5.725534404501414487e-01
2.495622809286939803e-01
2.657940479565834013e-01
1.923562414684035493e-01
4.403947315121597983e-01
2.939475742045035145e-01
3.134269391116158987e-01
2.395123193523854555e-01
4.755025414892266600e-01
3.116416451404023791e-01
3.412068109677027783e-01
2.700403025024889492e-01
4.811880677944479490e-01
2.875565677838172740e-01
3.124391106708829802e-01
2.341068574578561712e-01
4.797668718779181662e-01
1.624997002835174287e-01
1.900484427576633051e-01
1.283240197789950743e-01
3.528681506657920797e-01
2.099643803037498369e-01
2.421499190478861585e-01
1.806531485309965934e-01
3.887922144130507851e-01
2.340238311495448087e-01
2.732081111094414871e-01
2.171640488484198050e-01
3.939856941058417772e-01
1.991988205947252955e-01
2.353316343986746051e-01
1.708526617867759667e-01
3.873728827365251481e-01
1.273244773800129293e-01
1.544796893189854803e-01
8.535339712579072258e-02
2.749491614197067113e-01
1.631327237228923921e-01
1.966839753738335306e-01
1.306218593068887990e-01
3.015199785364153784e-01
1.858292060801610412e-01
2.239898458837051298e-01
1.703018722162984999e-01
3.026941844470557030e-01
1.568276742616738217e-01
1.932134217706504842e-01
1.231144733776986522e-01
3.017835477124232169e-01
3.123029689798877961e-01
3.375396549477503449e-01
3.118283690641420192e-01
5.569676178298581526e-01
3.574528411413269158e-01
3.853487868742959122e-01
3.594002691106233383e-01
5.978912588559488483e-01
3.892590342017792637e-01
4.207716419491032145e-01
3.918646855411691554e-01
6.102185939932823766e-01
3.557947956620275964e-01
3.873214629903273809e-01
3.573672037389588052e-01
6.074993333499485448e-01
3.920660721944650429e-01
4.305670774265349388e-01
3.707492961096027773e-01
6.717957498971198760e-01
4.241289257605719287e-01
4.667439537721260190e-01
4.052785893038909903e-01
7.005627802411716898e-01
4.532226126867976990e-01
4.955624960835939286e-01
4.355198636910794230e-01
7.098450321493930959e-01
4.316203249328590119e-01
4.774777361102984230e-01
4.111359149723815554e-01
7.225310625009250254e-01
2.133389486954435643e-01
2.318165236893495462e-01
2.047228897586368668e-01
4.597466202882682929e-01
2.660358279481825905e-01
2.892255714809253142e-01
2.615068654075001220e-01
5.102750118666875556e-01
2.884865382458280947e-01
3.161407262995589162e-01
2.869392642291022089e-01
5.095682227137737774e-01
2.548159246795090316e-01
2.817900548407660799e-01
2.496387098440380481e-01
5.056769753330678796e-01
1.243173129740844651e-01
1.561918747988050582e-01
1.356620093310701158e-01
3.595039578284342507e-01
1.802213345947211443e-01
2.162649978131665485e-01
1.950320889119849521e-01
4.090069244596965525e-01
2.105437443204033754e-01
2.502137624499075619e-01
2.271192562629971434e-01
4.098466608165791114e-01
1.647459232464091594e-01
2.039651026186302119e-01
1.802852185277256380e-01
3.990882480253714615e-01
1.903095219457927034e-01
1.812482428823691816e-01
7.699304223629566124e-02
3.189046935059751120e-01
2.243201158106177540e-01
2.216230930258345222e-01
1.207972944516837871e-01
3.451922574987095205e-01
2.401944267982159820e-01
2.468993536251025689e-01
1.638036887537021313e-01
3.455556909778674246e-01
2.172259654756326652e-01
2.173487269946193512e-01
1.134014226345967657e-01
3.446029534178735032e-01
4.308249060667730390e-01
4.065185363798670126e-01
3.265269117535833376e-01
6.875754974812550158e-01
4.756323184370709889e-01
4.538928178679679792e-01
3.726746134869305394e-01
7.291388205444132575e-01
4.977447602045687036e-01
4.844415658777078693e-01
4.049467598668776147e-01
7.370280691308066512e-01
4.726655839644970380e-01
4.550145709874323652e-01
3.695767318514453503e-01
7.383582741245534597e-01
5.175067536935652468e-01
5.041253332709201285e-01
3.815374807977580662e-01
8.078679213649884172e-01
5.496044542657267939e-01
5.378097413535496418e-01
4.153635565927840667e-01
8.323842661220623995e-01
5.690959801737029977e-01
5.623565770587324320e-01
4.442173512114899192e-01
8.371603849550127707e-01
5.566639377836586355e-01
5.489355611789695777e-01
4.204063678121355840e-01
8.548683537063566096e-01
3.270233472587308343e-01
2.990199939229655213e-01
2.224521042216558719e-01
5.754149092278032507e-01
3.800605912588356783e-01
3.556366435755990985e-01
2.765735122316806960e-01
6.278237969675696251e-01
3.913290557565838323e-01
3.762539214158281964e-01
3.007027912520583435e-01
6.222990481775876326e-01
3.665110513822417149e-01
3.462131809184310072e-01
2.639751663683784777e-01
6.205494499299816225e-01
2.176547227588401801e-01
2.082472708751620105e-01
1.450371613190944431e-01
4.507077970139032885e-01
2.721594279381854276e-01
2.674832434577835150e-01
2.030334990477229151e-01
5.012828482956129816e-01
2.901157797768125213e-01
2.945407067392740164e-01
2.358362521313264182e-01
4.988036701704292031e-01
2.547661423676624293e-01
2.536707141385918796e-01
1.875843277298488987e-01
4.893624875723303069e-01
1.107929637605361700e-01
1.160096017011708891e-01
6.485148972571069814e-02
1.865201504814096578e-01
1.408875946141937285e-01
1.545298297693682155e-01
9.803027382352802466e-02
2.034307664915262215e-01
1.694425888857014340e-01
1.927452522308404637e-01
1.483506077989021066e-01
2.129014746372132338e-01
1.385782265984131234e-01
1.546739603941884034e-01
9.302617275478744507e-02
2.083915684097436272e-01
3.257773959444535405e-01
3.230285558908259080e-01
2.636448743741338085e-01
4.706356221904077208e-01
3.642936644926281220e-01
3.647152383225943373e-01
3.052217693698516809e-01
5.009081183272426907e-01
3.999042215817155688e-01
4.077095312302321251e-01
3.484464525327766737e-01
5.280570554339213407e-01
3.676730454912727208e-01
3.715452837195373781e-01
3.066580052688422930e-01
5.173409288835665309e-01
3.624134417516537976e-01
3.710063851457736095e-01
2.816035928917507980e-01
5.148172938243544827e-01
3.888439130304972569e-01
3.997072962438948385e-01
3.123740810524383016e-01
5.302914401361192853e-01
4.227758239740043722e-01
4.376995211488081683e-01
3.556638790213834111e-01
5.590708878116469327e-01
4.008768966871628092e-01
4.155305274804471094e-01
3.209448265229074559e-01
5.570445966818865502e-01
2.619519303980585301e-01
2.488455421895681696e-01
1.843804277456486951e-01
4.323956500480320986e-01
3.089304557328400036e-01
3.001211552544799654e-01
2.346642281365299842e-01
4.717555128703518896e-01
3.307153895375969932e-01
3.298325003514518960e-01
2.669595781016245728e-01
4.794968830108141677e-01
3.019695342590850706e-01
2.971040336350500022e-01
2.272356213584866003e-01
4.733900888229288784e-01
1.725438455030562923e-01
1.754394921248872696e-01
1.232387551415710519e-01
3.441646454678452538e-01
2.227793195626020517e-01
2.305862415752896466e-01
1.776073177117573898e-01
3.839100580981432698e-01
2.496992721329751586e-01
2.652724031556757400e-01
2.161108539585281096e-01
3.916787503782523938e-01
2.110030338100852554e-01
2.222452205999764785e-01
1.661673896295021158e-01
3.806205436074794890e-01
