4.104759955291223394e-01
5.057985842963923506e-01
5.429201215026299154e-01
4.731269223422879255e-01
5.265694270382472730e-01
3.835186605014804240e-01
4.555259466185098693e-01
4.525593627993995116e-01
3.905638637571702820e-01
4.250944898866860222e-01
5.223736890367068897e-01
5.021253946826611525e-01
5.146102612111185248e-01
4.658882697043072452e-01
4.859405338599465107e-01
3.705025572409319512e-01
4.637976780356778961e-01
4.603535174148699616e-01
3.979738700933022622e-01
4.336421376066936784e-01
4.638970676805699855e-01
4.522338008059872405e-01
4.701863023076814363e-01
3.921504022240291376e-01
4.300206268925503839e-01
4.592370761138367952e-01
4.210913874055958739e-01
4.012808411804869024e-01
3.288280634849142237e-01
3.536182595985833399e-01
5.714483770876838120e-01
4.659084550776497746e-01
4.661541255103422432e-01
4.078047975686823756e-01
4.185938720732515494e-01
4.123660235503378013e-01
3.945326710488888389e-01
3.820657620961286360e-01
3.095487274029086744e-01
3.328741747900803016e-01
4.194740376415610483e-01
4.052437294970911430e-01
4.361713604218828144e-01
3.743516837043604495e-01
4.180270825437947257e-01
4.483364724841921722e-01
4.059086155878658952e-01
4.043833242108063053e-01
3.477592055342452748e-01
3.798801452017332991e-01
5.421892790533888729e-01
4.457444744092426414e-01
4.630150405757894050e-01
4.182612311234399916e-01
4.345807244711623052e-01
3.787594875703667596e-01
3.571330595887827752e-01
3.649617381781861680e-01
3.087235494552973414e-01
3.371350167068496440e-01
3.723941694394979907e-01
4.181286979712153795e-01
4.266899353604748923e-01
3.365063743989998857e-01
3.596932170593887257e-01
3.084032726433826310e-01
3.356649683554585595e-01
3.114634440825014838e-01
2.298091896969732817e-01
2.348837295845097595e-01
4.553191958967247599e-01
4.037394713055810769e-01
4.015605347498985012e-01
3.381692411321269853e-01
3.321625810957574143e-01
3.060918816838194001e-01
3.501138038854703094e-01
3.290087215744314508e-01
2.468669006503889651e-01
2.543810131850478551e-01
3.092451157138335072e-01
3.660442337488676312e-01
3.830776007267325256e-01
2.953738066865758682e-01
3.123984293784151101e-01
2.286011619106567971e-01
2.704865985955732799e-01
2.582416085596455080e-01
1.800074370385511269e-01
1.778920282333635028e-01
3.859942321531871778e-01
3.508767533026663221e-01
3.606635145362375727e-01
3.010713302546640935e-01
2.892437418391914372e-01
2.444506868175308212e-01
2.988593831355189079e-01
2.899470545028062229e-01
2.104064317924398408e-01
2.134412369535547416e-01
3.793472520755586386e-01
4.823633295834601209e-01
5.050882167752935858e-01
4.388374490600946420e-01
4.835964832197493513e-01
3.499783897558182422e-01
4.317121857707050259e-01
4.181545186705878936e-01
3.588003489983444538e-01
3.854443835007039243e-01
5.087105662408564211e-01
4.973960071427093177e-01
5.001820974882975612e-01
4.534981093211687964e-01
4.671925505365267517e-01
3.480235002290105739e-01
4.493772307398120058e-01
4.346266525177723272e-01
3.744697902363692266e-01
4.035360687107559241e-01
4.296387430210485414e-01
4.240729300874751528e-01
4.244615432028560065e-01
3.489532606176474760e-01
3.788534904637828049e-01
4.235628330078123893e-01
3.923283956667956152e-01
3.585162152503306165e-01
2.885264718260802108e-01
3.048153869304727759e-01
5.545662151163692766e-01
4.577720685643564824e-01
4.447980702811045184e-01
3.889667837151447594e-01
3.933756175746966344e-01
3.861987904236299785e-01
3.757186224183165502e-01
3.484400702131535410e-01
2.783340143065171080e-01
2.938661509015644824e-01
3.841211654039445311e-01
3.761121278854991368e-01
3.901499937718854727e-01
3.315249057639694796e-01
3.668000413721269060e-01
4.124779727277246288e-01
3.769726930323289982e-01
3.627760718356149994e-01
3.094147495850121943e-01
3.329338237222750352e-01
5.285210146996022207e-01
4.375768796973412700e-01
4.425249440050788019e-01
4.006522653442050608e-01
4.107238456667264281e-01
3.535248533189456199e-01
3.372420952520662207e-01
3.317415917731823538e-01
2.786950288523913910e-01
2.990609771950278328e-01
3.359225074433764280e-01
3.914579768803466142e-01
3.833394462172982631e-01
2.953231753256515546e-01
3.096030186401118600e-01
2.709578039951818784e-01
3.065189107977506211e-01
2.698903972984940669e-01
1.916635319876549559e-01
1.849595179287479574e-01
4.389432912639366080e-01
3.958319781026203299e-01
3.818352052590724965e-01
3.212902719922379746e-01
3.080505141547124071e-01
2.832734256788781435e-01
3.305015554152802570e-01
2.972337342853480502e-01
2.179026265893767023e-01
2.156499363051772311e-01
2.739983851019532346e-01
3.400037683642095354e-01
3.404498154317744385e-01
2.551945939277180386e-01
2.638477991004076206e-01
1.918934145791064971e-01
2.408419567737818401e-01
2.176484737990738716e-01
1.447481262070403063e-01
1.281692447203244822e-01
3.691489609115474191e-01
3.428115317251799188e-01
3.418968560654017663e-01
2.855948426495223402e-01
2.662117239688172043e-01
2.174502567515425033e-01
2.800322771044362891e-01
2.591700508204940467e-01
1.830700200719874160e-01
1.753697521051674757e-01
3.375744626486190114e-01
4.590950764217752722e-01
4.356391073161767769e-01
3.571111523568894497e-01
3.835212731751652115e-01
2.432654084316685228e-01
3.440589823401932201e-01
3.063387910212166387e-01
2.425421755398486368e-01
2.378698636980070835e-01
4.083604861951187215e-01
4.290428930138152075e-01
4.140369583904150441e-01
3.635005525672262428e-01
3.546775568842778226e-01
2.805628437336951664e-01
4.011790207962452892e-01
3.523971200348861577e-01
2.843220741786309791e-01
2.887014906180540574e-01
3.817858923764870793e-01
3.934776484975528454e-01
3.449217078595183672e-01
2.519954668546340315e-01
2.663689152558144091e-01
3.138796763144717228e-01
2.943710099371830702e-01
2.235513235530595388e-01
1.397949771082336312e-01
1.274862249762409583e-01
4.486056750664536574e-01
3.770552373338241225e-01
3.384903675721658844e-01
2.749799453583316455e-01
2.554810991083806826e-01
3.154972126533293064e-01
3.212501645588402566e-01
2.487632095474399951e-01
1.638902581303368078e-01
1.561657880329102854e-01
3.326641473212465505e-01
3.442617804619544364e-01
3.096323610360670053e-01
2.343352995150012053e-01
2.518621863011213935e-01
3.016681530647745690e-01
2.767818181084412688e-01
2.295620413229124690e-01
1.653270448483013244e-01
1.579461250666910621e-01
4.204998665455966789e-01
3.576507610751580857e-01
3.386386224246683563e-01
2.912038344952471713e-01
2.761998347079048788e-01
2.775984409593452718e-01
2.808146195049280314e-01
2.328084767702982560e-01
1.682269943901677223e-01
1.616266787379810332e-01
2.929686503787415353e-01
3.655066147131941778e-01
3.121641088330521785e-01
2.105943627556772779e-01
2.082887077720155522e-01
1.690435978392607064e-01
2.150152557848994950e-01
1.548675214082720908e-01
9.876427861545392095e-02
3.934178783563814508e-02
3.377207464018908145e-01
3.246057905157123114e-01
2.938904958687519331e-01
2.376138485583854931e-01
1.971863915676788648e-01
2.135245858075142111e-01
2.823365140016860231e-01
2.116845726534125893e-01
1.311235250781914441e-01
9.340866544750948963e-02
2.312176086318081525e-01
3.158029031509206885e-01
2.737910176624306913e-01
1.753288174957492451e-01
1.691224614182185171e-01
1.028312211517277419e-01
1.517116821666660842e-01
1.158065695502433212e-01
1.026851026717354870e-01
5.736428471279150787e-02
2.726908444427966760e-01
2.758853149250208303e-01
2.626142906239335995e-01
2.167642530828862713e-01
1.700339329398631860e-01
1.532471120977154100e-01
2.336878302176766120e-01
1.796359047458355729e-01
1.119225452181892705e-01
6.222117359001379244e-02
2.580051199389006289e-01
3.759077629587166403e-01
4.188958476008508014e-01
3.295652222330096026e-01
3.610189322605028006e-01
1.734940610761052382e-01
2.680879493389534685e-01
2.901788840000870673e-01
2.211453587057329584e-01
2.189592020778011461e-01
3.506506357260371631e-01
3.708514530278252952e-01
4.029661221460343890e-01
3.476862016005594636e-01
3.401271956948088149e-01
2.128941531598658454e-01
3.287371068316601308e-01
3.394265910404710707e-01
2.665378568409985105e-01
2.742715905790675257e-01
3.025001525012890324e-01
3.105007241035983023e-01
3.285805732407474089e-01
2.274813378585306411e-01
2.465487969800252699e-01
2.491279595167922023e-01
2.200609493940137718e-01
2.119549949574916214e-01
1.197106045483029291e-01
1.139079085768792965e-01
3.930009551224786790e-01
3.176439776198320963e-01
3.329338122677968914e-01
2.629379185434938537e-01
2.471628948754371058e-01
2.509608582088575512e-01
2.501420348618871303e-01
2.423022573165464766e-01
1.490357286615534016e-01
1.479279529818840200e-01
2.538961738009197222e-01
2.597607312132661495e-01
2.929508363076641086e-01
2.093461042697592478e-01
2.316019878484069927e-01
2.337624502289831485e-01
2.003068568370057201e-01
2.175150076577273273e-01
1.453013223997212111e-01
1.429470954594946608e-01
3.654215007250646297e-01
2.975868111944570127e-01
3.330156826278344306e-01
2.782634184794875454e-01
2.672148199904530452e-01
2.145709018003537083e-01
2.086286245537067041e-01
2.254388443461374514e-01
1.525065894577544434e-01
1.518963974482682444e-01
2.143989566173177541e-01
2.821544971816161151e-01
2.920441032833179795e-01
1.822200676656904328e-01
1.842822614255711089e-01
1.231060503186283961e-01
1.381447731987147931e-01
1.373793413897070881e-01
8.181516722900449012e-02
2.242964300840273942e-02
2.832747086133040049e-01
2.637532548251396158e-01
2.834972987069403483e-01
2.212074089978952884e-01
1.831188102756004521e-01
1.516451179300709329e-01
2.094161752913611674e-01
1.997214916107721283e-01
1.114969358169493330e-01
7.795846807624184915e-02
1.552663111652969608e-01
2.348186090364330625e-01
2.540514855520779047e-01
1.476337520473703646e-01
1.426371529520690518e-01
1.015698141843143498e-01
7.975622592421392765e-02
9.811558955203343591e-02
9.514716876833279047e-02
6.077039793882058755e-02
2.233854579635528859e-01
2.166734236926016743e-01
2.519087572510265716e-01
2.008637686683535095e-01
1.558083718525061223e-01
9.915030237016395076e-02
1.620430011991965125e-01
1.673855416246733951e-01
9.351033832397312451e-02
4.576823547652748153e-02
4.152846885332122095e-01
4.997792430893550630e-01
5.357908115098911628e-01
4.485770086040420379e-01
5.024846065157041464e-01
3.756140062878633445e-01
4.364234072499068584e-01
4.297219270156184545e-01
3.553186520231713108e-01
3.867968533788034846e-01
5.243415718380868284e-01
4.899440094018820968e-01
5.002389373397900796e-01
4.416693807463089039e-01
4.581268477056520960e-01
3.763241542086502300e-01
4.586915829466367001e-01
4.504417815132235603e-01
3.751336829422447505e-01
4.095268583030175491e-01
4.680371721134075624e-01
4.409273473965357182e-01
4.524609299541271223e-01
3.583565866320894688e-01
3.957631504326328820e-01
4.495427675251716382e-01
3.958012408553323036e-01
3.688730157227252393e-01
2.809807562237292000e-01
3.032526619784531863e-01
5.703778171923269413e-01
4.481077077588951907e-01
4.427528767306216917e-01
3.725696509847457594e-01
3.805220334373676794e-01
4.145979591647930285e-01
3.835965424515605515e-01
3.636117344286979303e-01
2.755873337502288689e-01
2.975230751126985984e-01
4.236791369554160913e-01
3.937303418045662862e-01
4.189904865442655169e-01
3.421311010152189858e-01
3.850480809029879770e-01
4.437379582370062359e-01
3.816729344932911494e-01
3.746368065072296916e-01
3.041052646999729547e-01
3.335181484259008844e-01
5.459634410686249328e-01
4.289636627139468139e-01
4.418498473503839619e-01
3.863661243029503645e-01
3.998578382489649252e-01
3.841118766719587296e-01
3.458355409809855674e-01
3.479064810566260268e-01
2.775790950482234787e-01
3.042808683423718907e-01
3.747515569316069439e-01
4.075931969955764456e-01
4.103724632685719631e-01
3.041647830980008793e-01
3.268208721160735242e-01
2.931388432036592939e-01
3.090932368832564059e-01
2.790009569821728652e-01
1.838430883974140895e-01
1.818317085121276822e-01
4.535041308898083989e-01
3.861754967124708671e-01
3.795622029799203268e-01
3.063621801699169533e-01
2.952315207852806989e-01
3.101616800533625318e-01
3.373924779725069323e-01
3.114191683486176587e-01
2.149476277131679713e-01
2.182836125566696706e-01
3.099613578863745222e-01
3.548769743669122900e-01
3.675444722164932787e-01
2.635205494673870663e-01
2.775556503888303439e-01
2.112823704872348607e-01
2.426763122184767696e-01
2.260301650553145636e-01
1.374824217169499652e-01
1.245957926618097289e-01
3.823698401627039223e-01
3.329215047480572620e-01
3.394420647795042822e-01
2.717144064216438504e-01
2.537583355381556327e-01
2.463745486699168707e-01
2.867527395160445747e-01
2.726912218328435000e-01
1.801713553321749595e-01
1.776806626756875784e-01
