4.184233868442008980e-02
4.746180826177085615e-02
3.675813473070309312e-02
5.803496416549792924e-02
5.219426507254307929e-02
7.872813696928711302e-02
2.447041359016306761e-02
2.379448567659496472e-02
1.034259265734526478e-01
8.912527059298688825e-02
1.261130113153661747e-01
5.796732690318385367e-02
7.812829869001325367e-02
1.594486781639075923e-01
1.480627522826823972e-01
7.472656957626808150e-02
2.805013259454188987e-02
1.588670237106921956e-02
9.391164746420539722e-02
8.035587206369033952e-02
1.189857384794000550e-01
5.949693545129137312e-02
6.381778368306860461e-02
1.487209683101903823e-01
1.343386181876258800e-01
1.628090477168346872e-01
1.042038638673419698e-01
1.077838287222116498e-01
1.947807182558838612e-01
1.766971849934006744e-01
2.177170501522514845e-01
1.518052753933429033e-01
1.632543807691404225e-01
2.499963836558622143e-01
2.341178534236692255e-01
1.582523801486003523e-01
9.919757232997675200e-02
9.918182385070219154e-02
1.865653647568243645e-01
1.682908355098815256e-01
1.189018448428107305e-01
8.984109747507221244e-02
5.714063920381701189e-02
1.451760365964220312e-01
1.184703146135504537e-01
1.573153260884863347e-01
1.171580032324175957e-01
9.806907074914059108e-02
1.875173654734271500e-01
1.613824429767114765e-01
2.090738569007355996e-01
1.554711166274167777e-01
1.502948136369711973e-01
2.399934478312208963e-01
2.179108841358002591e-01
1.571246378168313085e-01
1.203276398856185925e-01
9.523164647222442936e-02
1.836712487185754028e-01
1.554596528417357681e-01
9.601588752474936317e-02
5.653199129541195550e-02
1.855427048205177121e-02
1.091989295096327528e-01
8.462759793753464599e-02
1.403422210071513521e-01
8.613286058158584058e-02
6.693525851418169470e-02
1.588771769328568839e-01
1.321315117607135825e-01
1.814445079686041462e-01
1.160612303108485011e-01
1.161063304721731831e-01
2.073540265129500404e-01
1.854944388080097817e-01
1.348570852935066788e-01
8.093094716039668512e-02
5.810603668667690264e-02
1.495524851860774995e-01
1.236548123180408049e-01
9.547219271721481271e-02
5.191030456806618870e-02
1.234257277570261803e-02
9.836758119951287405e-02
7.489601588068073301e-02
1.392122181369835066e-01
7.708038457259301646e-02
5.850553797050603300e-02
1.493513799911246609e-01
1.243881015503891796e-01
1.756197887053788931e-01
1.047255043277863507e-01
1.060095724872537476e-01
1.974016721012452624e-01
1.752923455606942293e-01
1.319661639278472687e-01
7.003303395957248545e-02
4.875200552176232882e-02
1.385364458705630741e-01
1.149707468147322942e-01
4.502417487968769783e-02
5.280763895273580394e-02
4.362331635071991370e-02
5.269626575917388950e-02
4.794525188386410813e-02
7.955335594190350579e-02
2.790320558322522543e-02
2.358221726851783204e-02
9.860032490903089530e-02
8.401754107495394697e-02
1.227948939082404156e-01
5.355954872327997607e-02
7.604347985133834420e-02
1.539485593199128866e-01
1.434113230177057607e-01
7.410302495922384269e-02
3.131175339122214268e-02
1.960060397151467543e-02
8.836950434670902410e-02
7.530043985310522214e-02
1.188896030908177526e-01
6.330076900843106813e-02
5.971018294026923801e-02
1.451711283141888520e-01
1.293208813821055125e-01
1.629401343547917658e-01
1.063154953167470829e-01
1.037786993049731044e-01
1.917528642382380633e-01
1.724341753236159902e-01
2.153972281324212645e-01
1.503178929070209113e-01
1.591059872042976941e-01
2.459484040345999711e-01
2.294527388462637985e-01
1.577443217827197430e-01
1.004712499965003253e-01
9.459341705209180218e-02
1.828576041086217296e-01
1.634738964906329584e-01
1.226724148137171705e-01
9.822382240810619003e-02
5.403351604959567150e-02
1.445663660503324066e-01
1.145285763406193730e-01
1.599909828038501292e-01
1.232184992259399287e-01
9.460257130571338158e-02
1.864582246846762381e-01
1.576262581209639801e-01
2.083857258940124968e-01
1.565477995852401494e-01
1.455531363994446437e-01
2.366149248968266172e-01
2.133578998325112164e-01
1.591746597135410557e-01
1.253014954698470906e-01
9.059454688293752667e-02
1.818042180411232611e-01
1.511547420088687199e-01
1.008103681059733109e-01
6.368260785253332390e-02
1.382338727715320091e-02
1.068537887872079845e-01
7.981860010653692161e-02
1.436981595338699125e-01
9.078328937896674999e-02
6.226275231734633431e-02
1.569390813257370010e-01
1.279020137042032879e-01
1.805680874100445144e-01
1.148083839885523372e-01
1.105915554307136672e-01
2.027883440380171542e-01
1.801028911461505511e-01
1.372554075262807094e-01
8.419562925851037383e-02
5.236580892864765857e-02
1.462580785722853716e-01
1.184563446969007783e-01
1.005681511123376060e-01
5.792347058032834561e-02
9.225593499032127068e-03
9.537145033570160191e-02
7.030673797365910582e-02
1.434286967187785311e-01
8.061253481002848831e-02
5.340436561938534388e-02
1.468602168181724898e-01
1.203214822724105876e-01
1.747415621013675147e-01
1.029886708422257935e-01
1.002655632890024906e-01
1.925162914271449643e-01
1.697123916527630283e-01
1.343260113874939488e-01
7.223569361101402075e-02
4.209007743745953045e-02
1.345754601101205317e-01
1.096424950179956392e-01
5.006388553225814969e-02
5.094422600602981771e-02
4.720277316118395156e-02
5.101542101792440331e-02
4.522743757682212706e-02
8.955648183863500200e-02
3.220063718270161496e-02
2.205009333274545943e-02
9.739586318858726999e-02
8.110977347374220825e-02
1.256377102283989522e-01
5.400473620301655259e-02
7.722155263611782394e-02
1.521946761899461709e-01
1.402208002072502790e-01
7.997199810696448141e-02
3.055990904949284007e-02
2.309055072150180410e-02
8.579304482426888812e-02
7.231800678309328878e-02
1.192175698849934212e-01
5.924711224255927583e-02
6.128788236759026564e-02
1.418588742437557892e-01
1.272409394156908125e-01
1.663592536293573287e-01
1.078834852542796402e-01
1.027958885457105481e-01
1.895240297615936875e-01
1.699379067938764920e-01
2.156637851783489990e-01
1.497881339494260278e-01
1.583251408984978903e-01
2.430039213083305116e-01
2.263237744827427400e-01
1.587164534334429555e-01
9.830919283641979811e-02
9.335584997528134643e-02
1.790078672807271787e-01
1.609692567879644209e-01
1.299573017913285000e-01
1.011991264199477158e-01
5.395319473184882059e-02
1.429058321581608004e-01
1.152860377283218413e-01
1.710699099584626903e-01
1.329384744147790454e-01
9.827681536929308570e-02
1.892282078876812990e-01
1.602453525107891408e-01
2.138509200569152502e-01
1.621202079935730733e-01
1.465942627636731832e-01
2.363015663328870142e-01
2.133491126266855720e-01
1.674087913977124753e-01
1.300817326572379085e-01
9.173252508719836884e-02
1.821219544288057435e-01
1.530064329815050139e-01
9.706937485964017842e-02
5.173624695914338240e-02
8.005103241402343819e-03
9.813918371856274192e-02
7.634391200621194751e-02
1.466109599811636077e-01
8.579466455892449661e-02
5.751127523589218832e-02
1.512331645603104124e-01
1.260536507576437704e-01
1.793324802781724181e-01
1.092541683389631618e-01
1.073483135295230512e-01
1.967453643659896889e-01
1.765595083380246677e-01
1.352110031608578233e-01
7.402576799946963826e-02
4.513131695507539842e-02
1.378817548202462273e-01
1.146941039097817555e-01
9.532465386497672444e-02
4.647557969433904757e-02
6.751627496835022404e-03
8.546254452335477758e-02
6.614104691392916346e-02
1.450974757816402005e-01
7.426551245360063502e-02
4.764007630428870876e-02
1.405371531524684525e-01
1.186411431397123017e-01
1.731408893104709190e-01
9.628382332497167906e-02
9.678051035531230750e-02
1.861426664441518108e-01
1.659461161126606632e-01
1.310295196685133667e-01
6.067077327656505981e-02
3.379174070194215090e-02
1.259866650608104099e-01
1.055783108958165406e-01
1.017674671609631043e-01
5.724161164133202001e-02
2.408090505148709898e-02
7.170139340906883652e-02
4.753484118162348837e-02
1.354093740102276511e-01
5.664157249531028004e-02
2.657718078409151627e-02
1.192695915180083388e-01
9.430580900765744845e-02
1.579385783480551642e-01
7.051565071584162125e-02
7.599920960300621253e-02
1.648267551381382146e-01
1.456904136650371828e-01
1.261885738642419819e-01
5.098614511202123611e-02
1.529949508581008449e-02
1.069381853877360150e-01
8.370820640728220130e-02
1.594583132695886751e-01
8.839758867478871018e-02
7.045646535778599118e-02
1.625869552723929190e-01
1.383341212396859699e-01
2.057339594474279498e-01
1.335579665923740666e-01
1.190603914176544542e-01
2.123940328160694724e-01
1.859354330379155984e-01
2.452609582994202675e-01
1.689797820324859534e-01
1.687572083875512607e-01
2.602052654682233679e-01
2.377671119938192801e-01
1.977879914557904295e-01
1.238869050078417189e-01
1.092152184832775180e-01
2.015493560870216805e-01
1.765424345824837538e-01
1.805736023403980151e-01
1.312829697140130980e-01
8.902964652540770740e-02
1.767224407458383717e-01
1.415520964714382379e-01
2.179680147732690476e-01
1.616203223726197791e-01
1.278412049749483026e-01
2.206191222646022576e-01
1.852091649436613252e-01
2.512861295119607208e-01
1.856645327995073702e-01
1.676269572794783502e-01
2.614092026587089834e-01
2.317886107600785339e-01
2.144646237416486245e-01
1.581226876032390261e-01
1.226161185683321414e-01
2.134634811540313815e-01
1.784699187330005266e-01
1.533877187094273564e-01
8.252330291260272233e-02
4.202478276680592095e-02
1.307173566540530685e-01
1.032910217510799866e-01
1.999339276457438030e-01
1.176859343157591054e-01
8.896968837539119546e-02
1.843492296442322820e-01
1.555082844276063636e-01
2.215171025492070622e-01
1.339131134687313596e-01
1.249360996746833180e-01
2.212956959988435224e-01
1.960907117987361614e-01
1.872172037583052229e-01
1.050288551596029740e-01
7.557509931580923268e-02
1.694650890312980052e-01
1.423248201533103274e-01
1.515290471517706516e-01
7.304883376443528642e-02
3.480391543941541155e-02
1.172312066459026275e-01
9.719208554849941006e-02
1.980381284705467204e-01
1.045201616760978308e-01
7.969130611734581704e-02
1.722353262530224027e-01
1.503975050150926362e-01
2.161434312585886197e-01
1.191202926634715442e-01
1.139466420590114215e-01
2.096064380908374269e-01
1.875967817876473820e-01
1.829305061017315326e-01
8.994081536726708515e-02
6.439629344448410952e-02
1.555385823654258093e-01
1.351611769439576560e-01
2.407035516685413629e-02
4.646265930572422709e-02
6.080122625868795289e-02
6.097467157829414286e-02
7.106078951323939463e-02
6.766238831645035590e-02
1.059954487018337742e-02
4.578386458924619401e-02
1.011547475345962038e-01
9.648601602607254080e-02
1.210196537157380431e-01
5.502931751792635579e-02
9.138954714248832822e-02
1.598579913757697812e-01
1.549053331678471590e-01
5.993947207074628442e-02
1.495223864357254559e-02
4.351604359827681429e-02
9.053596067461941455e-02
8.868233593215094079e-02
1.140438690063114158e-01
5.211837428677184442e-02
7.082107155497724404e-02
1.452172041149324411e-01
1.383527984954001366e-01
1.579827686252347763e-01
9.983235965413150836e-02
1.086586581311599214e-01
1.903038797683648531e-01
1.774489582903249485e-01
2.137897514776253838e-01
1.478076203849993109e-01
1.638802435451467976e-01
2.465660274813919473e-01
2.348228068610126174e-01
1.507248700997755875e-01
9.158988188679192954e-02
9.831201979795463342e-02
1.799165874136723076e-01
1.674933312960724952e-01
1.071109708297134921e-01
7.973537178749126597e-02
4.578942523949509902e-02
1.335780851919412815e-01
1.153374359348058598e-01
1.485194498709787592e-01
1.102231028218138981e-01
8.992306927616669499e-02
1.779801224252161307e-01
1.575728779344986730e-01
2.021545404743213814e-01
1.483344160830726566e-01
1.441990496224153928e-01
2.316049925118826569e-01
2.148158596342771842e-01
1.444356385984469915e-01
1.097266824634829108e-01
8.232290152631585589e-02
1.704252330229083234e-01
1.485915348954324755e-01
8.009510810090611499e-02
4.599070202937083351e-02
1.763844002749608703e-02
9.779530347165599213e-02
8.055993302556481439e-02
1.278028795069620360e-01
7.796479301757888725e-02
5.804195146929016363e-02
1.479736261399555164e-01
1.246430770623716960e-01
1.714827783946372419e-01
1.082804210773447989e-01
1.121384060956467227e-01
1.989440205549427576e-01
1.805732712646682114e-01
1.190483867448717675e-01
6.928446540971812395e-02
4.710293248885626116e-02
1.362419928034560856e-01
1.147962017719111605e-01
7.732554695097711150e-02
4.090375006976825628e-02
1.420833227492642251e-02
8.712262251076803576e-02
6.724626105699010870e-02
1.250239645786947462e-01
6.749420756335541838e-02
4.804825867352205404e-02
1.382222564108348539e-01
1.143181195772630943e-01
1.642233719014689619e-01
9.665157091601390971e-02
1.020416680300701984e-01
1.893820209034368651e-01
1.686559671023580842e-01
1.144898895930168831e-01
5.691964381278047380e-02
3.652388826711125414e-02
1.254264108818867740e-01
1.036069621522826556e-01
