3.094528449510225432e+00
4.802127567092441929e+00
4.446905443499541200e+00
8.761505238398575202e+00
4.424059228092466434e+00
6.851288511936188819e+00
5.571035446483206144e+00
7.716937187025761702e+00
6.837137570028817279e+00
9.354144026109533883e+00
8.243639238486393239e+00
7.749160482578979270e+00
4.447439092397433846e+00
6.943304266449254136e+00
5.238802463852710645e+00
7.997777486804706903e+00
1.302065420687528174e+01
1.517795755068448216e+01
1.261848597897395408e+01
1.594000237891306249e+01
1.508809575975605100e+01
1.738861739059482048e+01
1.484264106209750622e+01
1.714153480792264972e+01
1.799082058856470567e+01
2.037414417041597403e+01
1.770123954099868513e+01
1.946188498507425990e+01
1.524798978685527118e+01
1.778679894878372281e+01
1.503019107790654552e+01
1.775430864543911724e+01
1.385689788390033961e+01
1.632909166700838810e+01
1.325468822539748182e+01
1.709614909603805089e+01
1.545326976569553956e+01
1.808542570516154413e+01
1.498676782275966346e+01
1.784032719976286074e+01
1.854185416670593867e+01
2.121454056726264170e+01
1.795060618771564620e+01
1.980419058166615898e+01
1.587328010864772843e+01
1.872625059919338142e+01
1.545676224484827976e+01
1.873711686026101475e+01
8.619154132831800652e+00
1.031463352719164206e+01
7.895759331543477089e+00
1.323505667188851476e+01
1.076588499274349608e+01
1.297653547849733080e+01
1.045277545544722386e+01
1.484794983700175308e+01
1.320433130172846958e+01
1.546500118653484890e+01
1.283774122000317597e+01
1.607487959178953929e+01
1.048060712773297176e+01
1.289436722973900373e+01
1.022894706719513813e+01
1.502618258818382557e+01
5.469272923993672819e+00
7.631967420665980661e+00
5.298863276457296045e+00
1.184416643255427992e+01
8.048341303257149804e+00
1.045300445417415958e+01
8.099413717518913813e+00
1.234917691723936173e+01
1.050472989419197312e+01
1.291336586201891912e+01
1.040256604029892173e+01
1.351041248583022636e+01
7.580665407493490271e+00
1.017771495079092148e+01
7.639128604257278354e+00
1.231923329735535155e+01
4.515290284688388667e+00
5.961745496412471645e+00
3.210681193460446892e+00
1.011689268733721114e+01
5.862948415658411960e+00
7.978905906740636489e+00
4.363701344763234680e+00
9.056541259535730859e+00
7.889648295027419600e+00
1.037512770175870891e+01
7.148544893348361740e+00
9.171757476391155350e+00
5.808264273475368888e+00
7.991351488926555113e+00
4.183267248646299841e+00
9.301858754621818548e+00
1.470040206337894517e+01
1.679442198574054501e+01
1.425609623112309521e+01
1.817908751647884102e+01
1.680388073358420087e+01
1.904981248115842263e+01
1.650852294508712603e+01
1.938612315182880863e+01
1.963523352504732600e+01
2.202005229917480733e+01
1.921934558300240070e+01
2.119885816512141474e+01
1.686802616293930157e+01
1.934281649077787435e+01
1.660377465005197806e+01
1.993028120089847732e+01
1.562348421913089069e+01
1.806140081336985403e+01
1.497172063748321058e+01
1.945928869305367570e+01
1.723277044097109112e+01
1.981205664970214997e+01
1.671754934556481942e+01
2.019538634773027397e+01
2.016665247204526779e+01
2.278725482815085002e+01
1.953306275157004990e+01
2.180330710621836232e+01
1.757708071023361285e+01
2.038453961923644897e+01
1.710365174927044407e+01
2.100941738986060869e+01
1.050408012958457604e+01
1.176986375643028104e+01
9.374189481405210245e+00
1.534409402270016365e+01
1.242677431643049246e+01
1.444078879544796834e+01
1.196763577136541556e+01
1.698069875503993131e+01
1.454451183805172398e+01
1.688803942958825388e+01
1.420663626939963642e+01
1.802918935238689002e+01
1.214876566851645912e+01
1.428437051163686888e+01
1.163718713893207379e+01
1.706627601473015687e+01
7.109759401194564177e+00
8.923338453279272997e+00
6.582897788265978711e+00
1.350361566086570519e+01
9.416225208862007534e+00
1.177680728716587311e+01
9.390794035090166858e+00
1.425763007291688034e+01
1.163401771847238209e+01
1.414849932127448540e+01
1.160439876770035639e+01
1.525365234626886135e+01
8.848797403820890750e+00
1.140351605537952651e+01
8.868387551611666808e+00
1.414232749952894252e+01
5.456106388132312190e+00
6.841853414872713479e+00
4.425515167059271171e+00
1.201054548376796838e+01
7.151059221095261265e+00
9.187687258059733963e+00
6.834332412100526000e+00
1.123199123222958207e+01
9.078858264769612774e+00
1.144542046666213331e+01
8.929421064995839430e+00
1.207290291496521739e+01
6.864722933262960680e+00
8.987369083623034882e+00
6.433204239997595053e+00
1.129395349376752300e+01
1.482738693662294160e+01
1.686609624269996743e+01
1.594426341467477570e+01
2.026957051690306599e+01
1.725100890591822278e+01
1.946133932921122422e+01
1.854873643577737852e+01
2.188063951486896030e+01
1.994253051926870057e+01
2.226481359410382410e+01
2.107457784435258930e+01
2.315698378231648391e+01
1.707883529297914293e+01
1.948278897022842671e+01
1.839049015558167355e+01
2.211691696663233131e+01
1.681240911431232021e+01
1.921075060247465061e+01
1.762864486969467848e+01
2.288522071500553068e+01
1.869418878623090308e+01
2.131950551120326054e+01
1.966521321396384892e+01
2.406497016710142844e+01
2.154280497656847260e+01
2.417152789807935775e+01
2.235247090170985018e+01
2.538466726572097087e+01
1.885153127099937365e+01
2.160426916269805275e+01
1.978594501157840568e+01
2.459024820068396266e+01
9.221468872679265516e+00
1.089389643514436301e+01
9.951999103042140860e+00
1.598360493031089824e+01
1.172931237126672244e+01
1.386117613947340566e+01
1.289964358696906110e+01
1.799513532120406722e+01
1.400370991737159621e+01
1.620276800754288971e+01
1.500671917157781188e+01
1.890158586326239742e+01
1.117109738985076994e+01
1.349373594729702752e+01
1.232617007536407883e+01
1.782950691258126952e+01
5.705899839167702048e+00
7.866795631047410531e+00
6.990285927547811085e+00
1.334709069609835375e+01
8.632440349312963335e+00
1.099275629915347707e+01
1.010883883867638389e+01
1.494666014621402717e+01
1.089370141080123844e+01
1.331481515592336784e+01
1.215424065291545297e+01
1.583546894409722583e+01
7.882300224636244579e+00
1.040094589059244967e+01
9.371264333095648880e+00
1.458686137648135883e+01
7.807354067233831962e+00
7.909899105837219224e+00
3.964712674079268417e+00
1.345302258385174454e+01
9.447558692880155817e+00
9.953676731788323906e+00
6.310600496730057074e+00
1.261901945732514996e+01
1.081198397722199722e+01
1.228144746893745243e+01
8.479788721725425304e+00
1.340853807297987821e+01
9.131146023485769092e+00
9.735488796651525334e+00
5.907924155771417496e+00
1.264927134131094455e+01
1.812170553398678408e+01
1.899436857733621054e+01
1.643842271647039510e+01
2.333693056443913960e+01
2.051443200434905734e+01
2.155874424413799773e+01
1.897966335581293862e+01
2.488332798858198558e+01
2.318838620749649593e+01
2.439022029526904234e+01
2.158473601369374251e+01
2.615081372271272997e+01
2.029803947331970804e+01
2.154112664937514054e+01
1.878821791835158095e+01
2.507843025670525705e+01
2.012550764402705283e+01
2.104987750524024648e+01
1.791332656851425398e+01
2.564703427587766171e+01
2.171352270334525514e+01
2.309890159537094334e+01
1.995213591149809673e+01
2.671276197792968432e+01
2.448616838149447617e+01
2.595695041343739717e+01
2.261146822217806829e+01
2.801203727165860258e+01
2.177913793602605708e+01
2.336846395914149355e+01
2.005234430836089388e+01
2.719411660941163333e+01
1.321062976920361898e+01
1.292952051898449639e+01
1.054270248900081519e+01
1.888786119022014276e+01
1.539068576710882752e+01
1.584883017704338215e+01
1.337355244314688285e+01
2.082317906519970307e+01
1.700689575519188779e+01
1.819438400557089253e+01
1.552412730525884221e+01
2.169295829754596383e+01
1.487233077317744190e+01
1.544080061035793783e+01
1.279284867205347709e+01
2.061685455277208945e+01
9.260723570969936702e+00
9.711856339123539072e+00
7.374271262384995751e+00
1.577480658340502018e+01
1.159127511097977958e+01
1.279386014348584943e+01
1.041445584800242408e+01
1.746871168943980734e+01
1.369131903407645723e+01
1.511268179856507565e+01
1.258820593865533688e+01
1.833094648188698272e+01
1.088986921077010273e+01
1.219094903955415887e+01
9.663594134245734324e+00
1.706373342431568574e+01
4.774168894350096615e+00
5.477576656676510503e+00
4.222752387661397044e+00
9.234301659141454621e+00
6.243456059587687790e+00
7.669684793183856542e+00
5.265732583687761981e+00
8.269991430789328746e+00
8.412882341206650239e+00
1.012717074324075028e+01
8.033885711096029780e+00
8.953164287364606011e+00
6.120063046531526219e+00
7.606197215231757625e+00
5.016310123811988042e+00
8.485715601847370948e+00
1.517435545939952135e+01
1.633427640193901098e+01
1.400093169878559252e+01
1.793674474210999037e+01
1.740364973438873974e+01
1.873152068908897760e+01
1.637687085878008020e+01
1.929328080788464206e+01
2.025119930083916131e+01
2.175893832552277729e+01
1.915167411563622579e+01
2.131555409908650134e+01
1.738285066581184424e+01
1.892344625455881513e+01
1.638303932190702383e+01
1.974960835623209476e+01
1.592445939425431689e+01
1.747556621117295350e+01
1.456476661859566768e+01
1.903227018153661021e+01
1.766187279627493112e+01
1.935945849952743458e+01
1.643879611965105170e+01
1.991725971771520776e+01
2.058297792978898499e+01
2.235272896629616213e+01
1.930735188418049120e+01
2.159773279135893276e+01
1.791979435181695379e+01
1.983561278304808440e+01
1.673510929040235240e+01
2.065689768311947816e+01
1.098130212232877234e+01
1.137988931980669705e+01
9.172079769581435116e+00
1.519779402142478730e+01
1.299412840654238543e+01
1.415978762198298391e+01
1.188510664058569155e+01
1.695829679535773948e+01
1.523847447350357953e+01
1.663740369595044655e+01
1.414676390260174088e+01
1.804922322771323806e+01
1.268585924312281854e+01
1.392844676071785059e+01
1.146417997421994528e+01
1.696769599361107694e+01
7.536054277660180212e+00
8.550725459945052620e+00
6.410244706285600280e+00
1.299237915042591496e+01
9.977621652877143532e+00
1.150048804846218609e+01
9.317762433961759072e+00
1.421358696354634255e+01
1.230689930053317482e+01
1.393931072883356848e+01
1.156031130692021591e+01
1.527673747662617032e+01
9.345981631858634842e+00
1.106180031284486454e+01
8.710241976989076207e+00
1.402842576293665289e+01
