2.066610537597373565e+01
2.672759627491462098e+01
2.942629166515314409e+01
2.564330353874449031e+01
2.720176809021899800e+01
1.816413987146121656e+01
2.289916597293684575e+01
2.468246426937447069e+01
2.092683137715478736e+01
2.240404628534202303e+01
2.468125322726636384e+01
2.774690183294681844e+01
2.945066263343917257e+01
2.577159467807432236e+01
2.730447407325387488e+01
1.801057054308096284e+01
2.335123382228305999e+01
2.516847667158328505e+01
2.139549958462691137e+01
2.290138481276535387e+01
2.248908126721284262e+01
2.269611477327955029e+01
2.392442685200493457e+01
1.998705338389629915e+01
2.107784309503480102e+01
2.029944661392551808e+01
2.018235889535494465e+01
2.082990860324343174e+01
1.693315866786027257e+01
1.755692554572824093e+01
2.546708666568455115e+01
2.451886032035086771e+01
2.587965758241649894e+01
2.202890460822091256e+01
2.255014682499262690e+01
1.887455905892534602e+01
1.903253498579329062e+01
1.976640627187751420e+01
1.585723819871752482e+01
1.648518159716115150e+01
2.052304911725880388e+01
2.041734005327254664e+01
2.250064562728075401e+01
1.932869054239005990e+01
2.072876594605446599e+01
2.009673033190376046e+01
1.974880193354548652e+01
2.129506415635192695e+01
1.815939722364679909e+01
1.917195707912248182e+01
2.459523161819185688e+01
2.371691268538690522e+01
2.575449975656761836e+01
2.265161202540912200e+01
2.369301266085825830e+01
1.757892362351443438e+01
1.738566392150608664e+01
1.904811691067137502e+01
1.589919694725801236e+01
1.690565740703954134e+01
1.832794444223360486e+01
2.132195545547555326e+01
2.212000007791710843e+01
1.731748184779725719e+01
1.784280012925843906e+01
1.391188710659402084e+01
1.632402456769294830e+01
1.603925070617315995e+01
1.129068043493258067e+01
1.160730568451867839e+01
2.067508385070684795e+01
2.138431925221137675e+01
2.151756193332433398e+01
1.925158799888349037e+01
1.720246100881177398e+01
1.433547172060342945e+01
1.717928493573337079e+01
1.704832316933413594e+01
1.228369357556267083e+01
1.263246773396569367e+01
1.519807153036031089e+01
1.864876574555922417e+01
1.973548007464233223e+01
1.504733972790841889e+01
1.544486239249105353e+01
1.019923208323361230e+01
1.309369657554927890e+01
1.300086209961067496e+01
8.599140916335027640e+00
8.669949504430539022e+00
1.740985250332840550e+01
1.832974055148636339e+01
1.899929056172921094e+01
1.842489445538697268e+01
1.442200941745991116e+01
1.145686434159377143e+01
1.464819417615975361e+01
1.481245579613382013e+01
1.012299961198994325e+01
1.050655485857953231e+01
1.919028756988631201e+01
2.563477482759723003e+01
2.742499163998762413e+01
2.371790658355092063e+01
2.510348716355366605e+01
1.666052363235036893e+01
2.174752632536448260e+01
2.263180149221273751e+01
1.890034555336963606e+01
2.025676145202847422e+01
2.422536418506362921e+01
2.758266932107066793e+01
2.837700658495224104e+01
2.569878009330209423e+01
2.605470214488361691e+01
1.700455649523505386e+01
2.275253204888650771e+01
2.366302596038371675e+01
1.990377593983982507e+01
2.130464161737928208e+01
2.090490656963393334e+01
2.130965553765767240e+01
2.162257965278434568e+01
1.775374263847103862e+01
1.857386529175622059e+01
1.877964450137518782e+01
1.887866317575539199e+01
1.853620332642054080e+01
1.470840461804450960e+01
1.506422938102592646e+01
2.491321461481435406e+01
2.420562360029672888e+01
2.450157180666164791e+01
2.071836497944137534e+01
2.105417666288918355e+01
1.778164179717096260e+01
1.822064475303571740e+01
1.797938691253701649e+01
1.413756858320824072e+01
1.450063451697862149e+01
1.883756168481491144e+01
1.901650881556601647e+01
2.010940912635596334e+01
1.703643702514892766e+01
1.817109778632399752e+01
1.855494708220075495e+01
1.840068386788960453e+01
1.898441416632401157e+01
1.594815057833073091e+01
1.677890151011827058e+01
2.417299212661819396e+01
2.336187977660143389e+01
2.435445272123838834e+01
2.134834030826133500e+01
2.221955182336239432e+01
1.650906928808160856e+01
1.648682590671227999e+01
1.720267740984735383e+01
1.415141745748389468e+01
1.498180748464102408e+01
1.654132610969091033e+01
2.004153685701627197e+01
1.984694178977201062e+01
1.507422565810757398e+01
1.530094539444571922e+01
1.221220556275648583e+01
1.493931628365669795e+01
1.365602642525127486e+01
9.178332626197855504e+00
9.044676992759761447e+00
2.008087569752490964e+01
2.100362869405254784e+01
2.005816750818861038e+01
1.932590407600884674e+01
1.557495346085123700e+01
1.335766806726033451e+01
1.626811460833080503e+01
1.523611618967481185e+01
1.050094281627999493e+01
1.064578916592572888e+01
1.344739320207789035e+01
1.735302499646134322e+01
1.748398515081390414e+01
1.284178189757337307e+01
1.296238883521208507e+01
8.462431507431233513e+00
1.167852782687574553e+01
1.063173928026852266e+01
8.286556093994903449e+00
6.123315479386918447e+00
1.676583499323021798e+01
1.790047004359796290e+01
1.907890390501308175e+01
1.848227073184530767e+01
1.406775033314574586e+01
1.023653622912777195e+01
1.375034018269307445e+01
1.302835940423012673e+01
9.169609294103132413e+00
8.549924463416125775e+00
1.721976008393112778e+01
2.465515622888504410e+01
2.366702980247148247e+01
1.881344866797351756e+01
2.004950587732930245e+01
1.163247986794164746e+01
1.753083051301748796e+01
1.546446969885654177e+01
1.493952476526704309e+01
1.166110757248214824e+01
1.983936461308115540e+01
2.344618350509130167e+01
2.580527336258789362e+01
2.520902382407207298e+01
2.092167845775475854e+01
1.375677522769687933e+01
2.066637008131320030e+01
1.839769333926858508e+01
1.602362746950399952e+01
1.469953377542072204e+01
1.873275898702621944e+01
1.995964149405813259e+01
1.766974755753494009e+01
1.265280469524625317e+01
1.304971634297800165e+01
1.380304616199322965e+01
1.428391797020410969e+01
1.104718697327504096e+01
7.252232749790780808e+00
6.112619887923132822e+00
2.055412077199441967e+01
1.987263440190646335e+01
1.837798785245231770e+01
1.740767988548936529e+01
1.306684312799565006e+01
1.464463193805981511e+01
1.567407802607688438e+01
1.246670417399562325e+01
7.858339639621937600e+00
7.553326408370378608e+00
1.638182380661691084e+01
1.754191989614276537e+01
1.588882288686520816e+01
1.164060845409341738e+01
1.236162291870444641e+01
1.351544317752466284e+01
1.355911287880469374e+01
1.119847796455856681e+01
9.444848262424189400e+00
7.614182622501646236e+00
1.961974847556665580e+01
1.884031242734308620e+01
1.997862159211756250e+01
1.946112789816504574e+01
1.520773283030321998e+01
1.304712233558070444e+01
1.376856461088804551e+01
1.138271408371374704e+01
9.562671314946115331e+00
7.804122461902918140e+00
1.444729059971260554e+01
1.888617061637686945e+01
1.607124088147164542e+01
1.021399563367524799e+01
1.019054682891387742e+01
7.331510625738951958e+00
1.047951956335761281e+01
8.901079121650257164e+00
7.779933727221491679e+00
3.003868083158117486e+00
1.571040597153821317e+01
1.683865251480568759e+01
1.929537228662590209e+01
1.821588562284172141e+01
1.364126549878921502e+01
1.014237228442682159e+01
1.390068921791996992e+01
1.027994382973257892e+01
9.149824246752162438e+00
4.401496253161574224e+00
1.129105690719354804e+01
1.619340744394634868e+01
1.388908887057579733e+01
8.145559359788222764e+00
8.203423676807661380e+00
5.241061611675323917e+00
7.351338443872662332e+00
7.999628741642279550e+00
6.928249348071084945e+00
2.653660110414117312e+00
1.254379584938397940e+01
1.386003011393359152e+01
1.844519423184861395e+01
1.741810426599580452e+01
1.284246009690303225e+01
7.258464161109199786e+00
1.141912596051399653e+01
9.661600237068856956e+00
8.581662294019199777e+00
3.835550803530654029e+00
1.280425316746055842e+01
1.962601820803111252e+01
2.242091251122466744e+01
1.714613355710076448e+01
1.850440071637509121e+01
8.011720503016301009e+00
1.324039607616428427e+01
1.457863994991151202e+01
1.311465353449495019e+01
1.074460138584267099e+01
1.663622315401623197e+01
1.968282208203593342e+01
2.381586058772681014e+01
2.328093500750563649e+01
1.892752670749696975e+01
1.030422119840170403e+01
1.641062243293336564e+01
1.770099620318391587e+01
1.415551834314145907e+01
1.391363160519137665e+01
1.454120161981862580e+01
1.535253684548007769e+01
1.651147272884370309e+01
1.127121610128548390e+01
1.195217324613443211e+01
1.010695057815318521e+01
1.040062438566647351e+01
1.047295663344394079e+01
5.710914866438400850e+00
5.478686941048915848e+00
1.736465693215780703e+01
1.630781701272848849e+01
1.700526561435339445e+01
1.585542271137254389e+01
1.205669984750791635e+01
1.115836273339479945e+01
1.197581115845087218e+01
1.212521266502510287e+01
6.922535800719627375e+00
7.134747987271680358e+00
1.229793668118521843e+01
1.284516490158367752e+01
1.482806693940607268e+01
1.032581035049880924e+01
1.130692042788181517e+01
9.711539498828209105e+00
9.642858131762226392e+00
1.067697832255698920e+01
7.846703660371883160e+00
6.889640290466330974e+00
1.649651270127289493e+01
1.525511960847448023e+01
1.841066370892950843e+01
1.782927410338620433e+01
1.364586975183235396e+01
9.681266264932386179e+00
1.007310267964370176e+01
1.112427927012223172e+01
8.040434436101405069e+00
7.343789607449961565e+00
1.043381116368156292e+01
1.415823297977362394e+01
1.483579045588705192e+01
8.790740314733834992e+00
8.946640822232932777e+00
6.945737022012325568e+00
6.644971087599847337e+00
7.355366238720552730e+00
6.304926363803790679e+00
1.613209288793386875e+00
1.265817643080816346e+01
1.327641143104880683e+01
1.772286803948643907e+01
1.665894928295883304e+01
1.217869575961017503e+01
6.829893555766204827e+00
1.018421225604055991e+01
9.559456484596777770e+00
7.636182230707679430e+00
3.530831913844582282e+00
7.523624149080602841e+00
1.168862734487062305e+01
1.276290286792764661e+01
6.847978469524912626e+00
6.855425106198244301e+00
7.339516158459289841e+00
3.756185170858310940e+00
6.559384652447487696e+00
5.567802630193764202e+00
2.987274157223700488e+00
9.696444928364433835e+00
1.050789721191827297e+01
1.696366494503383038e+01
1.595702485026362893e+01
1.147464255764681340e+01
4.157648563897580196e+00
7.857720470543052116e+00
8.146492878035124008e+00
7.146885052655944648e+00
2.479422815868349783e+00
2.113770728254623776e+01
2.663283346987138245e+01
2.924127034509652034e+01
2.429685372460350479e+01
2.614841246680472864e+01
1.792319954605352805e+01
2.199956906876284535e+01
2.335284695640250519e+01
1.867523162449922580e+01
2.033683790675938496e+01
2.499123163141681303e+01
2.712628192664114835e+01
2.838045616814525829e+01
2.543162235473116084e+01
2.543017047284769561e+01
1.844895435397199535e+01
2.326363401045432511e+01
2.464958280867802642e+01
1.994558320524242490e+01
2.165243534973049222e+01
2.288567112262013126e+01
2.221825752352271977e+01
2.315576463836491428e+01
1.827128073470852954e+01
1.944119497331534419e+01
2.004729487289773715e+01
1.905950895621012720e+01
1.912066231537206562e+01
1.428532542900454771e+01
1.498437281355593775e+01
2.566726675254570722e+01
2.366163957618977065e+01
2.436625386621578215e+01
1.959650253082140381e+01
2.026443901002257419e+01
1.920675965395883367e+01
1.863525583724917567e+01
1.883395857758620906e+01
1.398407761058195220e+01
1.469061468496599687e+01
2.088367128999824374e+01
1.998701067251598928e+01
2.171045100359795654e+01
1.763052841746513266e+01
1.911801307403284511e+01
2.009366096884669517e+01
1.864391804104360872e+01
1.967170860812796107e+01
1.563752513183377069e+01
1.681401267664098853e+01
2.501062800620061211e+01
2.286531390610440795e+01
2.430724887586180571e+01
2.040514692531385421e+01
2.152730924115833488e+01
1.804757937587543992e+01
1.693575156719153796e+01
1.813507437201266725e+01
1.408517822764953387e+01
1.526346276976994787e+01
1.855944690138800368e+01
2.094577424768485230e+01
2.135965268017021756e+01
1.557068315101131617e+01
1.618904728241295388e+01
1.332540685770783107e+01
1.507294352414858452e+01
1.418141483305311645e+01
9.037375941958970316e+00
8.883176694449872457e+00
2.078837148082746822e+01
2.044064819106900188e+01
1.992583108533453995e+01
1.895914168262094890e+01
1.473038434344457670e+01
1.471312274116851881e+01
1.663357937181302404e+01
1.605953379372181544e+01
1.031861073186815858e+01
1.078536239092194471e+01
1.529533667943547570e+01
1.818332733999486095e+01
1.899536874586782531e+01
1.330545598727473333e+01
1.366868104395266315e+01
9.480647718573486316e+00
1.177227893765317646e+01
1.111396352431412282e+01
8.143556136474353835e+00
5.939405811819328918e+00
1.741232675005797859e+01
1.732300966690618438e+01
1.904311322521028771e+01
1.812235756994991931e+01
1.380550001243779690e+01
1.169870556582122667e+01
1.409612299692984649e+01
1.381100162996906633e+01
9.134822217953379564e+00
8.669890580208745590e+00
