1.099299161504223399e+01
1.263038915338076151e+01
8.075732512536573537e+00
1.127430198539207851e+01
1.412921714075697821e+01
1.147498354807904697e+01
1.305630800655699097e+01
8.639396947732008059e+00
1.175576662787342208e+01
1.456885018775416540e+01
9.816183932162790171e+00
1.138817963441533010e+01
1.067678118011517974e+01
1.012104270737904876e+01
1.286490768358307335e+01
1.168105136900463670e+01
1.329212774264903274e+01
8.834195947652290215e+00
1.197921553758011726e+01
1.480052597758796651e+01
9.381267109136683047e+00
1.138564181579026524e+01
8.129986797753566918e+00
9.388599227944775194e+00
1.260322202754507259e+01
9.832499758143177004e+00
1.180814906133159603e+01
1.111311533662300377e+01
9.863652039968069829e+00
1.305093587512406650e+01
1.207891434315746082e+01
1.261323893035759625e+01
1.492258961430595043e+01
1.346750222908542938e+01
1.337237932141002439e+01
1.038567530811925543e+01
1.237503594134527418e+01
1.050506249427890104e+01
1.041744611434949874e+01
1.359400324792673587e+01
1.014278325027653160e+01
1.270275905245572012e+01
8.091324617787504891e+00
1.086957128054882915e+01
1.423911101549092706e+01
1.009959934397011772e+01
1.262245022761472413e+01
1.023817394880997078e+01
1.084481532793626535e+01
1.416890522142941400e+01
1.124172409339272072e+01
1.166607518030232171e+01
1.407377785880154697e+01
1.250899373161935912e+01
1.313003263789953934e+01
1.097145773786790812e+01
1.350827334512704958e+01
9.598600908726780290e+00
1.173064640888610377e+01
1.503741222054670956e+01
1.229835662502201643e+01
1.388964626838761696e+01
9.082976873954335062e+00
1.142905773460074847e+01
1.437058998345968419e+01
1.326853288616450044e+01
1.483289812940454766e+01
1.015205546494628663e+01
1.243259603051420292e+01
1.532588517614540891e+01
1.163186852881211841e+01
1.316326679590685522e+01
1.274166772753368626e+01
1.122889998771717579e+01
1.367227652739114951e+01
1.331166491552374076e+01
1.487728147135481471e+01
1.017752929412670859e+01
1.249153968080404908e+01
1.538725712213631880e+01
1.292791720255209142e+01
1.439582672539303587e+01
9.709636504723873074e+00
1.224186746125767300e+01
1.512711696584070609e+01
1.404567676805456777e+01
1.549095188076495511e+01
1.092573237405619224e+01
1.339078856234480241e+01
1.622189600595639547e+01
1.231267083915597560e+01
1.372910794703774151e+01
1.229854870155345559e+01
1.170991244061343117e+01
1.447425724623689902e+01
1.387032924949516932e+01
1.532058747556367884e+01
1.073434449776678257e+01
1.323213371537917205e+01
1.606936826078845115e+01
1.144612374486658268e+01
1.295626599415592750e+01
8.436993446007667430e+00
1.155875973713519578e+01
1.434059252154602149e+01
1.192406746351417723e+01
1.341719770233028264e+01
8.995440263030159755e+00
1.203818615675163528e+01
1.477114277891377370e+01
9.991485173095499661e+00
1.144901040554585414e+01
1.038116765119156959e+01
1.012834535993749085e+01
1.279716150171521249e+01
1.198177897472529274e+01
1.347029072214976608e+01
9.039240046179248367e+00
1.210957797932205793e+01
1.485422778284924661e+01
9.960783695377804392e+00
1.184535029064887013e+01
7.924051521482596172e+00
9.777098640260017959e+00
1.290300734879798128e+01
1.040077944555339862e+01
1.226807426579063964e+01
1.094196638902023011e+01
1.025700098002042182e+01
1.333936761439112040e+01
1.189397681725408518e+01
1.243828357106795934e+01
1.469554732869407765e+01
1.321677719519602690e+01
1.310821832970155754e+01
1.080754233938467834e+01
1.268258791056707757e+01
1.027830255849558228e+01
1.064769934344755953e+01
1.373695705561126168e+01
1.071850857045626881e+01
1.318104711903146864e+01
8.586119244106930282e+00
1.127838770667962187e+01
1.457699227498332739e+01
1.064914573985548607e+01
1.308048760951615641e+01
1.007000382551583151e+01
1.122756865111984581e+01
1.447472770161154010e+01
1.105806406563892352e+01
1.180749803724980218e+01
1.385386549398638145e+01
1.226657941144420150e+01
1.316567109560867443e+01
1.138539661440619177e+01
1.382454255327663439e+01
9.378685235548649857e+00
1.197062208458904919e+01
1.520720117152219686e+01
1.286498816364142428e+01
1.433143035812480548e+01
9.542681803439949206e+00
1.178713999614498498e+01
1.465264881957690513e+01
1.383491300835118842e+01
1.528943494748877008e+01
1.061655633350829042e+01
1.279918382821609768e+01
1.561367755456611128e+01
1.191796844243331144e+01
1.334170883429351129e+01
1.249039506646797903e+01
1.095258429258007382e+01
1.367984327325223504e+01
1.372857838740323722e+01
1.517575570706371835e+01
1.048501473204905743e+01
1.269695731090292057e+01
1.551763629571373748e+01
1.343509263747153426e+01
1.479406854260819948e+01
1.012872429787526762e+01
1.256563614654125161e+01
1.538132751746225324e+01
1.458416761277653784e+01
1.590982594415775964e+01
1.136464049735434045e+01
1.373036781472707091e+01
1.648955013112709622e+01
1.257505008672357150e+01
1.387701295443756244e+01
1.204863277071180860e+01
1.177296825634431343e+01
1.446699575872562349e+01
1.422401873222393043e+01
1.557514824610420412e+01
1.100608335479593336e+01
1.340806517156452848e+01
1.617655983608980819e+01
1.225655281519776985e+01
1.325227943960214994e+01
8.526311894658766377e+00
1.106711991708636056e+01
1.349293515173073921e+01
1.334201000175415963e+01
1.447224777676531460e+01
9.850940864174210887e+00
1.228808081550053544e+01
1.466809284314726014e+01
1.105062854841861153e+01
1.216509930879740153e+01
9.816910212571826833e+00
1.007528746007245957e+01
1.240666385545510586e+01
1.289890878039191868e+01
1.403671849479299283e+01
9.405266664608644689e+00
1.188157515356312643e+01
1.428518660081652136e+01
1.065358616629476352e+01
1.215669571525487314e+01
7.524135164669909059e+00
9.251066344663739116e+00
1.200777672820183639e+01
1.184129695660791448e+01
1.333984648180321031e+01
1.048567993391235476e+01
1.049287685349125532e+01
1.320935761246678553e+01
1.149291138327136075e+01
1.199480882788143532e+01
1.419363596682687501e+01
1.259764820471722935e+01
1.247583875616530236e+01
1.174445398887537451e+01
1.324714321634726488e+01
9.736652815964415453e+00
1.041107260502697685e+01
1.312564969440630769e+01
1.154662441148492746e+01
1.366190147693988344e+01
8.840761967451189918e+00
1.088892423217751215e+01
1.384339642865055886e+01
1.221648425459957110e+01
1.431257539189669714e+01
9.653902840306953337e+00
1.159071444100700710e+01
1.449091249267477011e+01
1.069297495132621378e+01
1.271134076686356273e+01
1.339628479554508900e+01
1.170999217590493657e+01
1.291896762460610049e+01
1.245821216362974049e+01
1.456435947068363035e+01
9.842335406197868508e+00
1.184811697457768354e+01
1.476151921926845212e+01
1.340106611031195705e+01
1.449901243820825236e+01
9.566741760796091398e+00
1.114612444015088855e+01
1.362784466271690142e+01
1.513599342358487831e+01
1.620771569020967817e+01
1.141441870930861668e+01
1.290953951192488702e+01
1.534224495241807418e+01
1.291125351080656714e+01
1.397572693327332694e+01
1.187694361049364922e+01
1.080167990913731302e+01
1.318493969156988044e+01
1.452204667247836944e+01
1.559726919473177453e+01
1.078939268219171232e+01
1.230013971362547842e+01
1.477280044092762701e+01
1.393840131036444241e+01
1.492769624828465780e+01
1.012997581410952641e+01
1.192558487834997294e+01
1.436917188360000708e+01
1.581318431195310126e+01
1.677880557275023321e+01
1.211700558446804799e+01
1.382059566368472581e+01
1.621534138993797924e+01
1.350789166294115518e+01
1.447080474784493198e+01
1.142878479413543680e+01
1.161854758837984036e+01
1.397512722154599452e+01
1.504389397219321545e+01
1.595607227478313739e+01
1.127911304379378699e+01
1.302146695646156616e+01
1.543591215968567454e+01
1.405399160213961984e+01
1.494356889354209450e+01
1.063862775322113663e+01
1.329296194622654781e+01
1.601100715662050078e+01
1.514980218588735994e+01
1.601303275471009258e+01
1.182240813486027520e+01
1.437121629725716332e+01
1.703847532610161153e+01
1.279839262526980548e+01
1.365387376695075616e+01
1.091552706858854194e+01
1.207533661654595747e+01
1.468144073613722789e+01
1.465477956971623996e+01
1.552073529461001833e+01
1.131621174544683939e+01
1.390211151097965114e+01
1.658967727424032645e+01
1.268826125604029009e+01
1.393215623286078397e+01
9.678847236403308685e+00
1.156503421843865453e+01
1.463315374462923124e+01
1.376265612766126800e+01
1.498907614182549608e+01
1.164031152883200804e+01
1.267594590607385463e+01
1.568190949861154238e+01
1.259198044190424604e+01
1.316620428209306581e+01
1.538772748661813239e+01
1.371559879982616259e+01
1.384135186422694197e+01
1.359341371359047201e+01
1.481809472549223194e+01
1.089774410950889916e+01
1.250958589025294643e+01
1.551784887764108234e+01
1.354951209170373261e+01
1.537788694497660735e+01
1.095173063181777806e+01
1.315870119853460629e+01
1.643009790141362458e+01
1.410832566055500692e+01
1.591297697484983864e+01
1.159946485256078041e+01
1.373873830448524913e+01
1.694522118314699455e+01
1.242035197855033068e+01
1.420095257245525033e+01
1.455306084732929861e+01
1.278033984077795182e+01
1.522444642670152959e+01
1.426889178115621526e+01
1.607803665349009847e+01
1.174903090580763987e+01
1.390672702920725179e+01
1.712361386640100136e+01
1.545222367109790618e+01
1.627686771789768372e+01
1.173384098844151779e+01
1.347568801787456216e+01
1.626289954552767369e+01
1.703544613403415298e+01
1.784780532695449295e+01
1.344034652861297552e+01
1.509321646622128199e+01
1.782344014974137281e+01
1.471310153075441818e+01
1.552691176838479059e+01
1.304619163489970646e+01
1.285030089349372773e+01
1.553204652445117162e+01
1.636795446049664093e+01
1.717428784428834732e+01
1.275156782795513166e+01
1.443739811997520839e+01
1.718274378729519469e+01
1.591730943918533647e+01
1.663164933080993180e+01
1.222421463492774407e+01
1.416750888012766296e+01
1.689538129475936046e+01
1.762695114558862386e+01
1.833569378285495688e+01
1.406319981197474789e+01
1.590537114073709368e+01
1.858670574011538079e+01
1.523755631588990234e+01
1.595697806975251076e+01
1.258387963940919008e+01
1.359640062494726109e+01
1.622133036632163794e+01
1.674205232547303268e+01
1.746161926525080688e+01
1.317409847345930274e+01
1.505109530669088080e+01
1.774586866825828935e+01
1.052024480840193910e+01
1.207706526806356351e+01
7.535292511367027934e+00
1.025285067869542033e+01
1.303601391534240861e+01
1.121244831740992964e+01
1.276241037978030057e+01
8.316434226296319565e+00
1.094173547445224770e+01
1.368308826427321634e+01
9.386192259516372260e+00
1.089507885171160773e+01
1.077859869554844074e+01
9.145056338001470664e+00
1.181218218192681668e+01
1.119621845602320143e+01
1.273967996069431052e+01
8.284420295119078403e+00
1.094299492578807609e+01
1.369148488323913071e+01
9.109417989735206334e+00
1.105716329703914624e+01
8.203591433366328900e+00
8.494880618452571142e+00
1.161957595768162577e+01
9.780192254728820700e+00
1.170381815778521251e+01
1.126424070950254830e+01
9.588728861297147077e+00
1.227632308880203738e+01
1.217925065302905097e+01
1.270654515838132070e+01
1.501543300516917157e+01
1.335362483501368835e+01
1.319724300913514803e+01
1.010348594167622593e+01
1.203755738182080037e+01
1.054406138621412126e+01
9.514869249793971306e+00
1.260640321873657044e+01
9.788152236028139441e+00
1.231635930448494776e+01
7.700865052525434962e+00
9.934250615852265653e+00
1.323614402395765310e+01
9.939484050080805488e+00
1.244332596554350090e+01
1.039566914063119718e+01
1.010029578309469755e+01
1.334880653034466214e+01
1.134500836136538382e+01
1.176685543623255548e+01
1.417352658376056773e+01
1.241067380843910328e+01
1.222205471313417213e+01
1.062163141987296022e+01
1.311426344394577015e+01
9.646664818636264016e+00
1.077580149650552599e+01
1.401911425508911258e+01
1.202830453240597208e+01
1.355164279690669105e+01
8.711191311930448933e+00
1.052129107132041597e+01
1.339603448745622849e+01
1.324131415590075989e+01
1.474040276097995061e+01
1.002923777112860648e+01
1.176439542980230968e+01
1.458200040219580451e+01
1.141065958471869202e+01
1.288213519265141116e+01
1.281503701712135879e+01
1.110946737317430255e+01
1.274593237204971530e+01
1.303826686065365514e+01
1.454184250811063706e+01
9.810858180120773042e+00
1.158246731997341072e+01
1.441224579463816724e+01
1.262491693728220987e+01
1.402683841413078447e+01
9.315363020522481108e+00
1.133754065351464924e+01
1.416115595836638619e+01
1.399255726519787757e+01
1.536923213027580282e+01
1.078402075656245174e+01
1.272733968490587486e+01
1.549400677548755922e+01
1.206678215157899281e+01
1.342222757490096008e+01
1.238470466791708624e+01
1.086782529650807660e+01
1.355928717205726031e+01
1.356785149701025617e+01
1.494870691073107238e+01
1.034362291538116274e+01
1.232445521722279835e+01
1.510374908992105603e+01
