4.490416010790934820e+01
7.577150943494163471e+01
1.626429789799867009e+01
5.573383247504865778e+01
7.467278472181558158e+00
5.179368259815467468e+01
7.644358651867392496e+01
2.081809866178370072e+01
1.981777913628748777e+01
3.156445101886124505e+01
5.115975989011608505e+01
2.460047191888047635e+01
9.554928047719483786e+00
1.004143656555693376e+01
1.484601448466299445e+01
4.670283459239048796e+01
8.319095271158487037e+01
9.339350497359315995e+00
1.437916290521947005e+01
6.892469765035132312e+00
5.924992918534486108e+01
2.328526887306637150e+01
6.422843521129489375e+01
7.118430923279160538e+01
7.515218147836976925e+01
6.095734469641838871e+01
9.326027288947450700e+01
6.426919499590843543e+01
7.258053224619833088e+01
8.177335172195681423e+01
2.721813811883648881e+01
9.189903031677525291e+01
1.387617266049269382e+01
1.786611286906886420e+01
3.463654561813022781e+01
5.050174206613723271e+01
9.368652491334587751e+01
7.124779789025147636e+01
2.105907404856289844e+01
2.387218475250385552e+01
6.053028751691837073e+01
4.599997103950362032e+01
7.086085678442609037e+01
6.853791510041253332e+01
4.452538336474570002e+01
6.229497358110361915e+01
4.669527296858714038e+01
2.025613739671019431e+01
6.953242792666807759e+01
2.514464093817169754e+01
6.762458751126672496e+01
5.263242166402262967e+01
6.570243133023359938e+00
2.674507112311713186e+01
3.646609358593229899e+01
6.354424746413182135e+01
4.973294981889897315e+01
1.440237599677704772e+01
1.883682250161182381e+01
1.903101742786877537e+01
4.463365340526807756e+01
7.731342025183637645e+01
1.117267382627670713e+01
1.695799457990802139e+01
1.465968353140854319e+01
8.991572940341136189e+01
8.170787477071904448e+01
6.535541607559882493e+01
1.651162013647231674e+01
6.697953941677843659e+01
1.813683023482481715e+01
3.197318944235966853e+01
6.230956836394088327e+01
9.783603519669354398e+01
6.298763022400542155e+01
6.088056751438589487e+01
4.078459301405657556e+01
8.006025060470098254e+01
6.296368397685389340e+01
1.850319448998444116e+01
4.910188321746988294e+01
7.701250336030334154e+01
1.070133449010125481e+01
6.075075146882614519e+01
7.412271248392401901e+01
1.145630112570750185e+02
9.746526347106819799e+01
7.152821866580035248e+01
6.289385813333776554e+01
9.156883059148542259e+01
1.931699827245352452e+01
1.049827233332802194e+02
6.921613205604634800e+01
1.756732801487058637e+01
1.381966309711795482e+01
5.168914705661752151e+01
4.460898664652441425e+01
6.583456865131563518e+01
7.378449465800154883e+01
1.906332957924912463e+01
6.251868064368583333e+01
7.465841701580208678e+01
5.481871523111663436e+01
5.622598446575287312e+01
8.120587931044863694e+01
6.415643301950282762e+01
8.489864842109992082e+01
5.613797040758057477e+01
5.745627563305185959e+01
8.312718018462173575e+01
5.247287326821790998e+01
8.579293019712922330e+01
6.369119327124139573e+01
6.500414601001094184e+01
4.510988804898943272e+01
4.010988574091629744e+01
9.588977134964582660e+01
5.762911740012980033e+01
5.917162358890172413e+01
6.922350692706378084e+01
6.055068512606962372e+01
9.611146267070060389e+01
6.217711049404955759e+01
7.141211253933774117e+01
8.508720209682152813e+01
2.353949937639947265e+01
1.011864425179187066e+02
7.833279149738018532e+01
7.310727045857875339e+01
8.210640976531342972e+01
6.151403886076975169e+01
9.298025591231566978e+01
7.102889567458342412e+01
8.051183654164330505e+01
8.892115367149297356e+01
5.717302182864926152e+01
9.442846292335215708e+01
8.035477706047430502e+01
3.108307741572684080e+01
8.336069149341285822e+01
6.101204083264394029e+01
9.656563029644401297e+01
7.169242355733486249e+01
7.819780168411757870e+01
8.195328046800250377e+01
6.297005279791990517e+01
9.484443563083488016e+01
5.910066461741925536e+01
7.097402857094029116e+01
8.414564361912617585e+01
6.540452092496089165e+01
9.369299501193169988e+01
6.832560100900096245e+01
7.568965651258304206e+01
9.061733677776112472e+01
5.885452771062050914e+01
1.019542810545970895e+02
6.651701526740198744e+01
7.679395135161990993e+01
8.530659631290052403e+01
5.793602617876526750e+01
9.279474939792167731e+01
6.812455334494407566e+01
6.936820869102014342e+01
7.833415306027991676e+01
5.964179737723752339e+01
7.741104802508009186e+01
5.985334450441944654e+01
6.103426766208334442e+01
2.704067189836635166e+01
5.886385747338825780e+01
1.000052010733695909e+02
1.813721798989601197e+01
2.276587243921728287e+01
7.352564522631054444e+01
5.431547068732870542e+01
8.175455656255759607e+01
7.187721671061065365e+01
7.323445840847169563e+01
8.227643728354185271e+01
5.313932732025824635e+01
8.877018557113588315e+01
6.395472673318366219e+01
5.561132044708242717e+01
7.438228455242629877e+01
5.480426122027866853e+01
8.784509903834143074e+01
5.234669723410377884e+01
6.676220071033669967e+01
8.051731579805064598e+01
5.563547827972436011e+01
8.737114760362968013e+01
7.150683895365096987e+01
6.615178614860127482e+01
8.835660766327029592e+01
7.721860898270875850e+01
9.347675302743243719e+01
6.776339241652493683e+01
6.246721280168382151e+01
7.094314614298554034e+01
5.471751023307729156e+01
8.249449592105767692e+01
6.796645110443550664e+01
7.075851840950222993e+01
9.139519868649334455e+01
7.278618789857986826e+01
8.552449859000938659e+01
6.850322184920382540e+01
6.942839327208591271e+01
7.875044768525732763e+01
6.410231996221172324e+01
9.437395685805927315e+01
7.721315483714033689e+01
7.818270408670909433e+01
4.723444780332754789e+01
5.774837563653781558e+01
8.616256522692049202e+01
7.052413752370999589e+01
7.164798971227700974e+01
8.042578175212874214e+01
6.471073697465075725e+01
8.944799108585891645e+01
7.371910370887985664e+01
7.462541097060201878e+01
8.283647575111764638e+01
6.307562360260541112e+01
9.268793324577904968e+01
7.463310954230566097e+01
7.554374345008544367e+01
8.448396018910159455e+01
7.081235973416167440e+01
1.025299451362046597e+02
8.303384520684130621e+01
8.940349973050217613e+01
9.271960235621925506e+01
6.495967644972199651e+01
9.309390917312660463e+01
7.669676699500624295e+01
7.736510069694752190e+01
8.577309438542215503e+01
6.077655853272126762e+01
9.057243089611345965e+01
7.537792147593087577e+01
7.659540386836350478e+01
8.478019143150703485e+01
6.456549707369231328e+01
9.799744167314646859e+01
7.668693721949382791e+01
7.764790678773195509e+01
8.658309618455183454e+01
7.238521345136103946e+01
1.027295171338184758e+02
8.529804759955550253e+01
8.422547508820026962e+01
9.465297796436222200e+01
6.572654447876900008e+01
9.565183011352461051e+01
7.840494911245068010e+01
7.939264345936599909e+01
8.778548168403985130e+01
6.747799591393666674e+01
8.449334392110209535e+01
6.938098799218602153e+01
7.014789945182036490e+01
8.822259018284051990e+01
5.796714954019329724e+01
8.746335566802363815e+01
6.992928007171407501e+01
7.066445727415833744e+01
8.025444551798277359e+01
6.578004399162905713e+01
9.617064488493554109e+01
7.847531566622733123e+01
7.768191517148686387e+01
8.861076420747764359e+01
5.956139803750443207e+01
8.805964976613060458e+01
7.193170208223894235e+01
7.282699127988280452e+01
8.184184504304087682e+01
6.456342050726321702e+01
8.315088754810639671e+01
6.761287079242262621e+01
2.795952635897308980e+01
8.459964005563671208e+01
6.586405312646252241e+01
5.391493585563341639e+01
6.675455347770538594e+01
6.882790176055370068e+01
4.720192295767451185e+01
6.423428877546245985e+01
9.477926000648508875e+01
7.852586905562235131e+01
7.574383333108117711e+01
8.680027015717558925e+01
5.480238694448661363e+01
8.681164056791766370e+01
7.018511232880818795e+01
7.107877943952691169e+01
8.806799819961116782e+01
7.053703450343262205e+01
8.501622554917746299e+01
6.426116851152616505e+01
6.545775058204358743e+01
8.970346252375892959e+01
5.489773460649950465e+01
9.221104015756776562e+01
6.473723797649472544e+01
6.439524575455573085e+01
7.623101067632779859e+01
7.969120049861069788e+01
9.642842748920165263e+01
7.376671792236804492e+01
7.164295428972864954e+01
8.547635179093778390e+01
5.704206329121463170e+01
9.332904551827256512e+01
8.454837742752594920e+01
6.841641374824276056e+01
7.877104405365390960e+01
7.039825655689546124e+01
1.052383890615102615e+02
7.288721407809296693e+01
7.664126084568245290e+01
8.362988222609239131e+01
6.424362220346965557e+01
1.087119556571874028e+02
8.006998399344568895e+01
7.663689379119635703e+01
8.489257555561255231e+01
7.871511611514378615e+01
1.120227526330234156e+02
9.284357093616429779e+01
8.353990902742962987e+01
1.000561093265767738e+02
6.933379880579266796e+01
1.024002194072088656e+02
8.909136281690859960e+01
7.264877137685434150e+01
9.375556808592313018e+01
7.194903498176353196e+01
9.167367155163545078e+01
7.204398191334654200e+01
7.690150469598225413e+01
8.687492777513901387e+01
6.576025712467381368e+01
9.590693265058071404e+01
7.651853714866888367e+01
7.760746248259199831e+01
8.804055310371514054e+01
8.119720047676717911e+01
1.083354443462362582e+02
8.457846586982105919e+01
8.617440711046606339e+01
9.614691596714291677e+01
7.025840778733565628e+01
9.322483402435427990e+01
7.846541894896924418e+01
7.974743071693877994e+01
8.951948752280799226e+01
6.373625620457043084e+01
9.136724839756740835e+01
6.717668243716462939e+01
7.972044949854893048e+01
7.788301777674421089e+01
6.722803161308465292e+01
1.032941067449088166e+02
6.758642705314755972e+01
8.041392503760323507e+01
8.802475313046006988e+01
7.526320676751333849e+01
1.073491746225772516e+02
7.887409754894295588e+01
7.896164365347750902e+01
8.848158274488007180e+01
7.013228120383814712e+01
1.048757626120517443e+02
6.997519931815591576e+01
7.257557388516035246e+01
9.050597649670196176e+01
7.309273970904044404e+01
9.567722987469009865e+01
7.307789330983716525e+01
7.550989929344278551e+01
8.450645239066173531e+01
5.533812604767008736e+01
8.791660426125670824e+01
7.833838017233057371e+01
7.641267049330082273e+01
8.367482628611230666e+01
7.740298119048732417e+01
1.083327994541701855e+02
6.607929004466849676e+01
7.281243857060304947e+01
5.495430289680179925e+01
7.462950075515642823e+01
1.003226450882524148e+02
6.728776301010141481e+01
6.964325726097894176e+01
8.892659364590400628e+01
7.576681411531079391e+01
9.079936977421162680e+01
8.599713333615456179e+01
7.071601572377984724e+01
9.460058627181683732e+01
7.545877934593696068e+01
9.438457655772131716e+01
7.154797836526643096e+01
7.260719941589321991e+01
9.733226151692461769e+01
6.959651898389373059e+01
1.029155397670645726e+02
8.021908745837659183e+01
8.129371293304448898e+01
1.057629082362984434e+02
6.268963055904345083e+01
9.448666214474837943e+01
7.266379242202344813e+01
7.394167275609106582e+01
9.863645126908723171e+01
7.483400636716839927e+01
1.048536083859308548e+02
8.518467996741462400e+01
8.637731007660703142e+01
9.471244741393364563e+01
7.760186945367252065e+01
1.088483369519544368e+02
8.765082393040169961e+01
8.874507837107138641e+01
9.769035304376487261e+01
8.518962292931148284e+01
1.170427415798915689e+02
9.606440910126403310e+01
9.772586020443200994e+01
1.057883544148281203e+02
7.884486164999563584e+01
1.092422963641268296e+02
8.908447942402526110e+01
9.036794933249593953e+01
9.870681228909994331e+01
7.514572356841786416e+01
1.053909614862025563e+02
8.616772448040990184e+01
8.724905319611208654e+01
9.555896853185578266e+01
7.799799143764563780e+01
1.095283050501382434e+02
8.922339996424204855e+01
8.972422061509315938e+01
9.867354247841410597e+01
8.558785851737030725e+01
1.102724665772015840e+02
9.713150219013986941e+01
9.810761964582930261e+01
1.067465956211741513e+02
7.917997247831215191e+01
1.098212572639459381e+02
9.008067896920671558e+01
9.126708485702150142e+01
9.959578102764591279e+01
7.090373467399041374e+01
1.020672667912361504e+02
8.114205408575764977e+01
8.217735522636382939e+01
9.117316329317853274e+01
7.351533452297431381e+01
1.057435526845278417e+02
8.338224732838250475e+01
8.432282907926908422e+01
9.392577252548673528e+01
8.128453292661821195e+01
1.142286501277811652e+02
9.200912996069418170e+01
9.294789022387504929e+01
1.022786583616377669e+02
7.496730761958914968e+01
1.064696268380274944e+02
8.506399251267042416e+01
8.621042450791419753e+01
9.521406381217923354e+01
6.670163656412567832e+01
9.798721717749400284e+01
7.652170326401837031e+01
7.758668906039072510e+01
8.700952875976946643e+01
6.931300300701383321e+01
1.016941616338339571e+02
8.955953168258488972e+01
7.972461259874144446e+01
8.973968909329424548e+01
7.702246061806451394e+01
1.100927678693107765e+02
8.732696676887866261e+01
8.829342650172516471e+01
9.804572127969413486e+01
7.081917886775093507e+01
1.024491335860129055e+02
8.050351540217599222e+01
8.168116819599505618e+01
9.110366270940542677e+01
