8.741970767507185158e+00
5.349642279336025652e+00
8.749974492135736526e+00
6.585885896562666986e+00
9.082036958557864637e+00
9.389831109662210906e+00
6.233935229979933546e+00
7.620720090144500247e+00
7.269357913556927286e+00
9.811929757285048126e+00
1.020419399034381769e+01
6.981030327207167652e+00
6.499743585792382206e+00
8.000973131989743692e+00
1.060792131025268681e+01
9.524860187667844258e+00
6.112668772118060367e+00
8.116568673469174655e+00
7.191880103403127222e+00
9.925451060300872541e+00
7.131196369169794380e+00
5.653009474155109793e+00
4.257452264380753526e+00
5.122546530579421997e+00
8.140162643602305792e+00
7.846578021175620421e+00
7.757828412295316056e+00
5.081900277775930341e+00
6.805914295730423724e+00
9.981350697769071800e+00
1.025461013779000474e+01
1.096913560309421065e+01
6.082615870618831799e+00
1.013677985497405842e+01
1.360228449306638865e+01
8.108955716048139806e+00
7.120628787563434869e+00
5.160566465735941577e+00
6.287477698389627889e+00
9.871098970849450538e+00
8.145887206379430978e+00
5.117119029877240877e+00
5.896611854492941340e+00
6.836485297294654373e+00
8.745281305519480242e+00
8.654295976175429672e+00
7.141054766837330980e+00
6.515115920964182017e+00
7.538391142115175469e+00
9.375834789029525496e+00
9.795495116119845136e+00
1.035515593793010503e+01
7.524798207312828779e+00
9.401185899232029186e+00
1.302646851928218652e+01
9.046791709521427194e+00
6.535789293017067791e+00
6.709213569233475560e+00
7.727282162303507285e+00
9.669267002949071710e+00
8.679452969967327292e+00
4.952063834210216342e+00
7.204721500492701658e+00
6.080875434822188730e+00
9.387378964150485672e+00
9.581945677827942376e+00
6.080837795643689425e+00
6.462759614114362172e+00
7.204368549589958093e+00
1.034430392075370087e+01
1.044648682788543681e+01
8.478638779827090133e+00
7.250470220912981212e+00
8.017171431864465347e+00
1.116639235118500828e+01
9.648667863306153336e+00
5.879954076492762916e+00
6.618573405242574204e+00
7.070415441701985770e+00
1.038606548006049302e+01
8.172638237372876091e+00
4.339952367440166547e+00
6.917621798218840823e+00
5.359332064690758735e+00
8.941582239877888583e+00
9.142017390084406614e+00
5.540437268545034044e+00
5.926892029822621311e+00
6.550335704861078412e+00
9.970134760426928366e+00
9.987300993712445063e+00
8.043966188584073862e+00
6.594241911864180850e+00
7.353611083825651207e+00
1.080420955410407124e+01
9.119478002513485393e+00
5.250966928702832881e+00
6.343313733847417701e+00
6.325360347899349200e+00
9.919233463781761628e+00
7.797214539381315923e+00
3.917448281561415779e+00
7.655688121960023018e+00
5.849237024136789032e+00
8.216635487078391975e+00
8.106650204157258344e+00
4.804926050280425187e+00
6.536114022353007869e+00
6.224241594389110510e+00
8.957830560739749259e+00
8.866715110575867698e+00
5.674900032294984520e+00
5.009086872759682230e+00
6.899477952487499621e+00
9.678732522808903838e+00
8.192400495839544661e+00
4.618217345875211599e+00
6.973820361509940113e+00
6.103279442489069062e+00
8.999196737396792045e+00
5.855437054380741024e+00
5.205801632338891594e+00
2.840218021692276551e+00
4.247383104289074396e+00
7.853442302106559580e+00
6.590078456249981897e+00
7.318765427337726948e+00
3.690251773730209628e+00
6.484303132316755480e+00
9.716057810577394704e+00
9.871293237379992647e+00
1.052885009287565232e+01
5.669328743433011297e+00
9.799647705706208356e+00
1.334274603819649485e+01
6.781867910967036117e+00
6.666710228189971943e+00
3.699377079159066994e+00
5.947997799255553275e+00
9.568416512949939445e+00
6.879689014248470791e+00
4.704036053150206342e+00
4.603422389651959712e+00
5.832505185340522758e+00
7.920824338812813892e+00
7.393670299867062923e+00
6.734447709211242916e+00
5.118247946094210299e+00
6.575061660689727638e+00
9.135114861875315739e+00
9.317406234801962839e+00
9.945133067851369191e+00
6.077455737625810706e+00
9.097659585725738296e+00
1.272931112731748904e+01
7.718844222817936362e+00
6.117636668508884767e+00
5.267693880290154951e+00
6.701818033637612970e+00
9.037851238209841043e+00
7.402120679551354776e+00
3.512000101929313445e+00
6.149263205059490645e+00
5.036008635444665593e+00
8.549196259613934146e+00
8.328939567177894077e+00
4.950436840981567777e+00
5.134181229064729735e+00
6.197821797410616895e+00
9.554162991135383365e+00
9.135110612662490581e+00
8.057782624865685861e+00
5.784977349640383792e+00
7.276177459053051244e+00
1.061036418717952046e+01
8.287590751234375830e+00
4.392173128524420100e+00
5.518071577635341285e+00
5.993940700622248485e+00
9.511927011825688894e+00
6.864987293193038020e+00
2.871148164304106576e+00
5.809331874311761013e+00
4.272877889617934244e+00
8.070641506928671660e+00
7.849207329285302848e+00
4.510524834993945298e+00
4.877263506651973834e+00
5.508524976103931436e+00
9.133987565480794046e+00
8.636139352852174156e+00
7.618729635025898617e+00
5.097336510401818011e+00
6.884058684414043228e+00
1.009842659494037598e+01
7.763927135740273933e+00
3.784147323626366965e+00
5.204352142546856186e+00
5.213084875911185634e+00
9.013666696620449059e+00
6.004064495271723700e+00
1.818387782112985906e+00
5.634500157215142302e+00
3.401883886095775189e+00
7.142664059323190706e+00
6.923976769319316382e+00
2.977256854030539301e+00
4.868384233133533634e+00
4.311092112660630526e+00
8.172573730385932933e+00
7.572714777102289574e+00
5.859221459598527026e+00
3.643782041261777405e+00
5.101873331497278841e+00
8.785712569613316703e+00
6.808966649204034383e+00
2.637623348600036888e+00
5.122844328127429847e+00
4.039533908195281242e+00
8.020262822335801900e+00
4.628602358962962349e+00
5.136247975718605474e+00
1.198697641267237435e+00
4.252273312441377406e+00
7.948611851104790738e+00
6.337965784734088004e+00
7.203782007536245757e+00
2.625310560659769976e+00
6.439520725764332099e+00
9.806863076443306682e+00
9.911090854495800073e+00
1.040478742954390512e+01
5.903884136465984867e+00
9.768825267693504344e+00
1.339530424304946266e+01
6.207856333423658057e+00
6.557578420750896697e+00
2.140739683093507928e+00
5.904632376643026426e+00
9.637564908921387286e+00
5.356671493324790312e+00
4.748804149629642701e+00
2.962422054565112539e+00
3.747440580380693387e+00
7.559678865162351435e+00
6.150403460022421775e+00
6.736140992047079834e+00
3.841393971815660446e+00
5.852393323393138225e+00
9.323705213098103073e+00
9.466783190144862914e+00
9.949482451145614803e+00
5.441786174213569360e+00
9.192377060436781377e+00
1.293901101959403732e+01
6.289854675530752282e+00
6.124507246437582708e+00
3.822078358775706786e+00
5.351890299644459503e+00
9.197525958625924147e+00
5.702835622701380558e+00
2.721976191289204650e+00
4.226015294288685276e+00
2.687010593925797330e+00
7.277997795952457771e+00
6.903046401313642555e+00
4.794754908056638953e+00
3.589000615268131966e+00
4.099709135357879397e+00
8.549287371133788227e+00
7.638826861442944427e+00
7.932656607309093388e+00
4.262272206392250240e+00
7.221696547824780765e+00
1.062067903386761714e+01
6.714223491344855965e+00
4.125724013999663597e+00
3.732835811202513732e+00
3.735166844422318277e+00
8.322589625431806581e+00
5.175412003501191904e+00
2.267274160798936400e+00
3.929002149811692490e+00
1.958930269257705525e+00
6.799815694868326155e+00
6.442163784714995067e+00
4.357928442201233210e+00
3.270088788444969197e+00
3.579281037475032790e+00
8.126287660893554587e+00
7.143601943991963132e+00
7.491067012445006057e+00
3.582627328258008337e+00
6.822690352644459111e+00
1.013210290535639224e+01
6.165207384897996690e+00
3.657030743399711792e+00
3.419327832378778798e+00
2.985186853368521298e+00
7.805170443795268476e+00
8.781072549686982143e+00
4.568839431116752614e+00
7.485511201463211250e+00
5.937767396697292810e+00
9.562224442880522091e+00
9.694411734468838304e+00
5.684935864883197354e+00
6.627313514843819142e+00
7.045557913943299333e+00
1.052996372858102880e+01
1.030401575499723776e+01
6.576618438316472748e+00
5.950106738651526506e+00
7.628683719920459794e+00
1.112703811761899608e+01
9.566628339967033767e+00
5.322626247649679065e+00
6.858178034169166715e+00
6.744910360294554152e+00
1.037233367247201166e+01
7.249712284242530558e+00
6.096748724978736433e+00
3.672965789496330569e+00
5.218442021414572807e+00
8.874188636650666595e+00
8.211900296810986433e+00
8.178948747556939125e+00
4.745768265121608209e+00
7.443072944864913332e+00
1.070170458253033452e+01
1.086520464309022493e+01
1.142813652708658978e+01
6.737309199452916175e+00
1.080724785751622363e+01
1.438229659248311521e+01
8.195615928118037630e+00
7.543488801823524881e+00
4.565954038233433820e+00
6.902160500441686608e+00
1.058975525458250644e+01
8.351570695210753570e+00
5.656008959519153834e+00
5.384859948615320135e+00
6.501772961614888935e+00
9.368724327830824095e+00
9.082144535230005644e+00
7.662455002287664740e+00
6.235213370067934413e+00
7.464283193618191703e+00
1.021679756499604430e+01
1.037523013239515812e+01
1.091805546692399176e+01
7.080188833862606224e+00
1.017221762482502534e+01
1.387789001807316680e+01
9.206889268442640883e+00
7.055646478442895386e+00
6.202514823785277187e+00
7.393029146988229883e+00
1.026695547121660468e+01
8.707378762867099553e+00
4.134386925201914309e+00
6.007300099770123580e+00
5.610443958104374573e+00
9.861015744579070486e+00
9.857291499914115462e+00
5.688937683083002739e+00
6.048147496778198295e+00
6.984651148891842354e+00
1.108923735254544063e+01
1.051928586763527029e+01
8.858356481305767360e+00
6.678566979263268699e+00
8.174046520714028929e+00
1.171005989827101423e+01
9.652482807218611072e+00
5.041495488999567343e+00
5.696563376202870010e+00
6.593658897744117731e+00
1.083509454096379265e+01
8.125477442547245133e+00
3.490577021943011005e+00
5.732779309524129729e+00
4.838181068424473708e+00
9.334437043768517128e+00
9.333345717417905973e+00
5.223563946098392918e+00
5.356899773418136945e+00
6.276514789881320944e+00
1.061403496024615123e+01
9.991975786443584084e+00
8.394879096929852125e+00
5.968407915555382637e+00
7.764719566388817995e+00
1.123303756189987723e+01
9.045797913798946155e+00
4.535685788631590221e+00
5.124792894307565128e+00
5.801980771778212365e+00
1.029090428267013202e+01
6.302218035229024906e+00
2.732800256820991702e+00
6.032303588245885528e+00
4.400547013426486131e+00
7.216542158390117478e+00
7.077745419887733647e+00
3.725429832712467970e+00
4.987456484768332921e+00
5.383043424024769763e+00
8.057532669970745687e+00
7.858614776847804961e+00
6.156874873037380347e+00
4.146767518424079313e+00
6.112554227827395437e+00
8.852383134044623958e+00
7.098518989468435514e+00
3.494257859630248930e+00
5.424032553776364729e+00
5.218840246871243593e+00
8.045142246739779068e+00
4.900700612619731444e+00
5.540363425131186403e+00
1.821801508100870493e+00
4.716512182317108781e+00
8.279078587749237883e+00
6.643556970849977539e+00
7.667920550260832968e+00
2.949201628408901321e+00
6.975917256451774406e+00
1.012523005407581778e+01
1.021625411904646796e+01
1.086067093114676396e+01
6.185450927275166322e+00
1.029564440153766647e+01
1.376624422908749246e+01
6.495319779793927495e+00
6.979995145865854234e+00
2.736261119313764478e+00
6.394563920860436568e+00
9.983995726551835759e+00
5.610658428884975457e+00
5.024633245409120264e+00
3.417059573960692376e+00
4.827243915852343470e+00
7.776229673931939423e+00
6.226871164521897484e+00
7.073227888556150589e+00
4.125589619285132237e+00
6.248956966018134551e+00
9.579088547662694353e+00
9.666621407670096033e+00
1.028069173248812795e+01
5.576892902195088375e+00
9.575820173136854407e+00
1.319730232233352396e+01
6.498426760106350564e+00
6.404204945988690056e+00
4.232852700900108900e+00
5.740116586909897123e+00
9.430838089554306691e+00
6.225407775670230848e+00
3.173433569222591899e+00
4.610412885422149998e+00
4.074980317857606948e+00
7.528759431076716524e+00
7.253108314131171852e+00
5.318468184141308619e+00
4.151343092422883352e+00
5.332400307767521497e+00
8.623228723532790241e+00
8.084845353681044955e+00
8.435200113688264167e+00
4.906986440832302954e+00
7.784155749724584794e+00
1.105545193730201881e+01
7.194347800060723053e+00
4.579796824636759744e+00
4.046488728212919384e+00
5.083558582359682276e+00
8.542854578704334401e+00
5.714287834967129776e+00
2.747234789798098653e+00
4.282584277989140098e+00
3.327823018459664439e+00
7.070317809999147940e+00
6.784654382735379130e+00
4.912523608792368712e+00
3.482000432008159674e+00
4.657853985712521627e+00
8.240222844898745791e+00
7.619294006402939523e+00
8.017686025786465720e+00
4.231676101269895796e+00
7.428439965777370979e+00
1.060085762852682123e+01
6.662198699157833914e+00
4.158114732178696649e+00
3.706935651776260165e+00
4.317780508483667568e+00
8.068486027082103718e+00
