1.863503593126978330e+01
1.924479434379307108e+01
1.871405473684831122e+01
1.884910546280201160e+01
1.535845194648485013e+01
1.952213805718724515e+01
2.010287038316773334e+01
1.973948626589091759e+01
1.978144778096326917e+01
1.493794958485085900e+01
2.103085905229821506e+01
2.176677163835652706e+01
2.116901639297744708e+01
2.161165314702707363e+01
1.614579550486412529e+01
1.963600161933840837e+01
2.025470900550018527e+01
1.972937840360154027e+01
1.991260407981872760e+01
1.475947499860533263e+01
1.547161706186107644e+01
1.722053759445611831e+01
1.708674470508203669e+01
1.712811717899723973e+01
1.329761308969107070e+01
1.641826072064714737e+01
1.815239224306836974e+01
1.818698216077021357e+01
1.818347331190951621e+01
1.449129735798475949e+01
1.819368010281707626e+01
2.005281332973185471e+01
1.987496993601759243e+01
2.239144195712264462e+01
1.588493224235872070e+01
1.663088471751943587e+01
1.839758503232303966e+01
1.826220689308786405e+01
1.830536822412117459e+01
1.439629510346896701e+01
1.812702572107190591e+01
1.921351099671740670e+01
1.962133022590460740e+01
1.825154582443511941e+01
1.607913813046345908e+01
1.890231042617376644e+01
1.997512788414240958e+01
2.053391050930872908e+01
1.902964955310382678e+01
1.708308327475982225e+01
2.066268925358949105e+01
2.190148306320212868e+01
2.222371317838787874e+01
2.186292686158890319e+01
1.851946162747690749e+01
1.921789796384844351e+01
2.031703392265190544e+01
2.073066022117012608e+01
1.940539223666160140e+01
1.710545728667304033e+01
1.768281029674648863e+01
1.970313524423160700e+01
1.900657928713709666e+01
2.020509513646246802e+01
1.554832458275306806e+01
1.876691270134812228e+01
2.075578476276638540e+01
2.023608257590678505e+01
2.130784270495369270e+01
1.591278049918908799e+01
2.030806890880132443e+01
2.246520308068400595e+01
2.170342296835115903e+01
2.309108372095064610e+01
1.714869736972090664e+01
1.881790224280848278e+01
2.087515308820218962e+01
2.016888322212587781e+01
2.141703721464236665e+01
1.568333092045416066e+01
1.750632389717791426e+01
1.981278844559821550e+01
1.903530649528208585e+01
2.088825467071967878e+01
1.587974649730532839e+01
1.861072721056610035e+01
2.090618534749803104e+01
2.031624956294546891e+01
2.202755765246322284e+01
1.575378076458134835e+01
2.015493391305438919e+01
2.257221205850301260e+01
2.175392111183571586e+01
2.381389744840534206e+01
1.696536805553222393e+01
1.862218356156934007e+01
2.096824428220437753e+01
2.018249553999661217e+01
2.207489963941227273e+01
1.546583037314795739e+01
1.584673000554072431e+01
1.670476366508026800e+01
1.621924095143444333e+01
1.685905841345369893e+01
1.393797740227746473e+01
1.679466128441142558e+01
1.761932010555083750e+01
1.729295844284106209e+01
1.784718664671758503e+01
1.278147891335713027e+01
1.825149355698412990e+01
1.927127499019381673e+01
1.871873856081340648e+01
1.964336696058676779e+01
1.398763116314826505e+01
1.685186267215976486e+01
1.773622679705172445e+01
1.723528033840875295e+01
1.793826583023927057e+01
1.259056428651601145e+01
1.279638729941087760e+01
1.482202837513866633e+01
1.473301471997449852e+01
1.673787092429732226e+01
1.126235625385480077e+01
1.378912141658673285e+01
1.579771996658414501e+01
1.588350737703161109e+01
1.844177036320015972e+01
1.247533775136523282e+01
1.557667740734893513e+01
1.770754295325489380e+01
1.755713922417319850e+01
2.274316265644369395e+01
1.389400798105436863e+01
1.395660471774185041e+01
1.599480666682780949e+01
1.591848848405357586e+01
1.852577124564318467e+01
1.234758182484763012e+01
1.534227632563577615e+01
1.669424201416593689e+01
1.716984009287469704e+01
1.631788158612436135e+01
1.394386146501736867e+01
1.617101815842752188e+01
1.750553117108529833e+01
1.812591026850801867e+01
1.807116501244023610e+01
1.500124832167001898e+01
1.791578821524951337e+01
1.942808648517374337e+01
1.980908879539180845e+01
2.236688115054207415e+01
1.643517078793185604e+01
1.643557881501897100e+01
1.782230075321421836e+01
1.828056525351478001e+01
1.807611073960945092e+01
1.498818950928840010e+01
1.486120596328599142e+01
1.715762257905159416e+01
1.649957444617266233e+01
1.820226402767642071e+01
1.411976481071328315e+01
1.597106453568961371e+01
1.826141289308910132e+01
1.776999350310996206e+01
1.938751470936948351e+01
1.375193411973615376e+01
1.753535981239575747e+01
1.995358455788066721e+01
1.921166428919868352e+01
2.111334350982081531e+01
1.498697238422254330e+01
1.600248366442552239e+01
1.832537731184709173e+01
1.766657493693329783e+01
1.940554080430476702e+01
1.349178338939164234e+01
1.469149521309326367e+01
1.727553620294980519e+01
1.653845731067337965e+01
1.889504257213372895e+01
1.444250401661381034e+01
1.584667902904685377e+01
1.842129830345189134e+01
1.785910055524952611e+01
2.008727260672368686e+01
1.359234974680857988e+01
1.738822264281223795e+01
2.008487627156128141e+01
1.926928030639158607e+01
2.184668576463462131e+01
1.480221860765835196e+01
1.581370658314977540e+01
1.842239404372149281e+01
1.768972368854136334e+01
2.008076447755935590e+01
1.327318636905692451e+01
1.402062370550695114e+01
1.636280726783018835e+01
1.543476392913445139e+01
1.784687051176440420e+01
1.077994504859206160e+01
1.502489832977624928e+01
1.741743479892745583e+01
1.660517988057630845e+01
1.898187577014492788e+01
1.201356027585351427e+01
1.656498458672532692e+01
1.904324455602747435e+01
1.807612721392716892e+01
2.265794527919005219e+01
1.330756225541057702e+01
1.504582995787026789e+01
1.743743635237906986e+01
1.649689880701549072e+01
1.898571313048609355e+01
1.179159421454890833e+01
1.155112498406034405e+01
1.504967810499711867e+01
1.452394536888458276e+01
1.992738880601832463e+01
1.101526874114620114e+01
1.260408441989609507e+01
1.612211340398378567e+01
1.572942703289727007e+01
2.135701025701698086e+01
1.227852409069399187e+01
1.440329154807057677e+01
1.805738698882262483e+01
1.742554535676813643e+01
2.590418558000636651e+01
1.377958564670376873e+01
1.272493741142543833e+01
1.624252292860188973e+01
1.572028379265507425e+01
2.157190621631610838e+01
1.213836676193907849e+01
1.351906966198155580e+01
1.641427136413962273e+01
1.640647863745557089e+01
2.001202163913393406e+01
1.315904582700031256e+01
1.441780684970872883e+01
1.733340187767128526e+01
1.743934699727962467e+01
2.146736772509781588e+01
1.425453166924905091e+01
1.624095557186830519e+01
1.925542388256388548e+01
1.917231631195145525e+01
2.603616305548659327e+01
1.576921852999331186e+01
1.463598198080935653e+01
1.757032257796554475e+01
1.753909693279851467e+01
2.162291342283178253e+01
1.422646497024062739e+01
1.385992529394030015e+01
1.761143920599846879e+01
1.650054966033258808e+01
1.997864572417288542e+01
1.242220807667215965e+01
1.502210451246650180e+01
1.884533828106461328e+01
1.783159246383834073e+01
2.124920028541644612e+01
1.380307481301380257e+01
1.665093314803343816e+01
2.050825830192693644e+01
1.934886940240036779e+01
2.304357008395907869e+01
1.511725497259287287e+01
1.501078890773888475e+01
1.881101208808292569e+01
1.767466162718748635e+01
2.121935849868532387e+01
1.353062263948856270e+01
1.384132484496325155e+01
1.782864715344051731e+01
1.665811780844004275e+01
2.071994382645004507e+01
1.234527631274896287e+01
1.505472137878467365e+01
1.908118290956513263e+01
1.803272341563352654e+01
2.204193097424111514e+01
1.376972485799189094e+01
1.665935040249049237e+01
2.073944028104452997e+01
1.952172881923814174e+01
2.378984998101698167e+01
1.506133698880485561e+01
1.497351309025307309e+01
1.900929324984223356e+01
1.781362176614637960e+01
2.193536230296910361e+01
1.344128868675463018e+01
1.907713330593289314e+01
1.971995390646210922e+01
1.879327843817339883e+01
2.133773597757472729e+01
1.435436662896127658e+01
2.004621595587639149e+01
2.071945396766302849e+01
1.993723970509568133e+01
2.243130647612657569e+01
1.557847556341081763e+01
2.159866524108965180e+01
2.238150849971631118e+01
2.140992382439534936e+01
2.418185427191582448e+01
1.685727501679942364e+01
2.011333508044493001e+01
2.079081066735593097e+01
1.985617706473915689e+01
2.247746845966276297e+01
1.537381061896049594e+01
1.578584641827915647e+01
1.762594955528717833e+01
1.709536045982190799e+01
1.949731540610212122e+01
1.379203961793261968e+01
1.683429801530803616e+01
1.867514143837004426e+01
1.829370886039084354e+01
2.086697897728403817e+01
1.506266517695130425e+01
1.867363326887819142e+01
2.063738676360428315e+01
2.003880906983770771e+01
2.557319158062443876e+01
1.655862088105775598e+01
1.698527263459780556e+01
1.883533617282601469e+01
1.831207251866614882e+01
2.118900638972242945e+01
1.494344471535759844e+01
1.791568784038670614e+01
1.905756431273551854e+01
1.909708748275143009e+01
2.007213079607786810e+01
1.606616685235233533e+01
1.880789380343540529e+01
1.995226252887694329e+01
2.013129764115764431e+01
2.099394867860416980e+01
1.717608828888722172e+01
2.062913824068720459e+01
2.191734246797161134e+01
2.185464729661444139e+01
2.565840956088388936e+01
1.867961067446973900e+01
1.904742221711871863e+01
2.021398494645028521e+01
2.027110296090728525e+01
2.129710170215617282e+01
1.716114912225281941e+01
1.833167020332597019e+01
2.042890667173762509e+01
1.932606991992751233e+01
2.293023198318491396e+01
1.542422186625332614e+01
1.949909307658209556e+01
2.158912090661964811e+01
2.065275258084978560e+01
2.420760221115962096e+01
1.680858951295964943e+01
2.110644732320879058e+01
2.332205605152378425e+01
2.216345543596601431e+01
2.601278612204722052e+01
1.811595287862373027e+01
1.950216894631526543e+01
2.163268318640005816e+01
2.052505071012840787e+01
2.416965613959051851e+01
1.655829969320813078e+01
1.835771444161671440e+01
2.073909784217645935e+01
1.957470157489949969e+01
2.376508254182441604e+01
1.542864636608866391e+01
1.955195467361178174e+01
2.197512236877978964e+01
2.094051861286959948e+01
2.505626397176140685e+01
1.685406377337314154e+01
2.113526911238541572e+01
2.366712965961481530e+01
2.242297052423755233e+01
2.681919201972510791e+01
1.813890806963102165e+01
1.950739353801582610e+01
2.192467094277118278e+01
2.075078350016211814e+01
2.500066870783888717e+01
1.654811511721459283e+01
1.470104444651375353e+01
1.521086170537235027e+01
1.473424590587015004e+01
1.650381034686966686e+01
1.072378200222131994e+01
1.569852537642337431e+01
1.626051148885271047e+01
1.589343299296817058e+01
1.810069711840172957e+01
1.198989403556088718e+01
1.727137420279728275e+01
1.795330970010569871e+01
1.740522681739958699e+01
2.254243843485992471e+01
1.327437738052393001e+01
1.573675070250325270e+01
1.631579265767783937e+01
1.579472737462738507e+01
1.812529122244074387e+01
1.174522896878485057e+01
1.165551920874824887e+01
1.338511501662827996e+01
1.333912175487982310e+01
2.022980547361150627e+01
1.046980155799830037e+01
1.272892555589388230e+01
1.443638213733539288e+01
1.449835900346234752e+01
2.195197493918571752e+01
1.174191037907253055e+01
1.458929231796815351e+01
1.642986236872732775e+01
1.631429397565612760e+01
2.623089244414405385e+01
1.323873764636519468e+01
1.285887638670926947e+01
1.457106232076768038e+01
1.454041061242210198e+01
2.192903841058436498e+01
1.158002301209100970e+01
1.407035928751868248e+01
1.512478848369254969e+01
1.563933226170467172e+01
1.983321306736140599e+01
1.303597773690929529e+01
1.499129990797200840e+01
1.603713137770970576e+01
1.666271747092881839e+01
2.161429117279028844e+01
1.416156737829249934e+01
1.681630915639010482e+01
1.799842171272464597e+01
1.843727532085370058e+01
2.586484253926205668e+01
1.567164978179367019e+01
1.521978388047330277e+01
1.629801002351414496e+01
1.678548237482617722e+01
2.153926687541492058e+01
1.411350882223748116e+01
1.358386362972537675e+01
1.558004061116596084e+01
1.493586742470034068e+01
1.685997698757863006e+01
1.143792580086493338e+01
1.477623502280084544e+01
1.679212992132848825e+01
1.629609546915564877e+01
1.808239948421117305e+01
1.286644871654258360e+01
1.641066919240397226e+01
1.852628809548253841e+01
1.780368326608465779e+01
2.206035928822991110e+01
1.418072657482987964e+01
1.476307821926126884e+01
1.679152559458651695e+01
1.610937488219738611e+01
1.808640407964631081e+01
1.257141946783655051e+01
1.347339503046531561e+01
1.576385340314864436e+01
1.504751607703368421e+01
1.759431290359076883e+01
1.128362877776917905e+01
1.471201888899055987e+01
1.702334097081460840e+01
1.645483882161847689e+01
1.890279078125637113e+01
1.275992457673810954e+01
1.631823999144211967e+01
1.873329875611456785e+01
1.792960410955556227e+01
2.073699972353817600e+01
1.404924464906518722e+01
1.463392493798406591e+01
1.695192261953052082e+01
1.622525331453697106e+01
1.882924724829341656e+01
1.240567869863156858e+01
