4.019842409309609366e+01
2.051322022839932657e+01
2.147734576128616979e+01
3.966886762006141254e+01
3.498249518340990960e+01
4.399628278460067321e+01
2.408391810444344827e+01
2.472105958260326020e+01
4.184690959031339474e+01
3.684415657701928382e+01
5.019849979857114164e+01
2.850777517362588753e+01
2.908459798553406728e+01
4.759213446992684737e+01
4.297992734769092493e+01
3.504100516067907023e+01
2.254407234395269910e+01
2.349556791987349058e+01
4.196751475870906489e+01
3.707926594464701964e+01
6.572461452732073894e+01
5.208564608274058116e+01
5.154802912243264501e+01
6.113882380179550324e+01
5.937298206026360248e+01
6.167719997406051391e+01
4.830972731142070842e+01
4.764730578621928458e+01
6.397829814172462903e+01
5.848458783738139743e+01
7.700290542731707433e+01
5.390960765960083023e+01
5.346919364346434378e+01
6.784603601654310978e+01
7.098140621377689286e+01
6.963823464552501719e+01
5.592187197686621403e+01
5.539676185677255660e+01
6.480107539222848345e+01
6.280969561999680906e+01
6.553207251610064077e+01
4.335512957390319144e+01
4.295495499181824073e+01
6.108734442274184318e+01
6.097105429467176663e+01
6.941093047299914076e+01
4.704086904803794056e+01
4.647480616721436064e+01
6.331521767112515420e+01
6.237824916509870121e+01
6.826336484456734865e+01
5.287341098505837778e+01
5.252676028277910802e+01
4.167389006375888982e+01
6.691446166171952825e+01
6.913576377376338655e+01
4.644993854254229859e+01
5.463201140403028688e+01
5.764231830431444337e+01
6.404075471622363125e+01
5.227546979508916536e+01
3.301602032843340595e+01
3.557571497960280738e+01
4.872912720388335117e+01
4.661460885650303965e+01
5.648014022400285228e+01
3.776289966593519409e+01
3.695982389045988725e+01
4.728252988372860699e+01
4.505809070185400600e+01
6.288176962969956918e+01
4.234273669143192365e+01
4.174991449916494446e+01
5.386901527506684317e+01
5.624196106679719520e+01
5.610109726209838499e+01
4.403589733172385223e+01
3.566169239823826587e+01
5.226299851277374131e+01
5.003119350797823017e+01
4.908970848460377567e+01
3.017351507568916702e+01
2.981551205508119295e+01
5.250338068939952763e+01
5.020289386870960868e+01
4.647786429377338635e+01
4.299046137263224665e+01
4.246020320959426897e+01
4.907932198753527331e+01
5.392922465031257673e+01
5.978665132985378960e+01
3.953053060270651287e+01
4.726480176794681398e+01
5.546984156032379332e+01
6.049058530621766749e+01
5.293212016526774022e+01
2.695193458919150231e+01
2.902225218182663014e+01
4.915315448114548502e+01
4.682864381656749231e+01
4.022701246423869037e+01
1.998653452100127481e+01
2.068338614353045912e+01
3.920358542629833920e+01
3.474932135176810277e+01
4.348482701806013750e+01
2.355140048582226697e+01
2.390545782882820092e+01
4.137319464505606703e+01
3.661447628357414885e+01
4.077828155672313670e+01
2.787607140644583481e+01
2.816014536026386139e+01
4.702295169488878912e+01
4.241485568593306965e+01
3.451319140764858417e+01
2.199697104870390163e+01
2.265006158195497932e+01
4.145489343357435530e+01
3.680103440651739533e+01
6.520178662120000013e+01
4.374076977309692893e+01
4.304953761355139363e+01
6.099164623404386987e+01
5.935550249762445674e+01
6.905941117383224537e+01
5.696960542144291395e+01
5.609305335423283623e+01
6.397009104047817374e+01
6.200745703420511745e+01
7.643502416061113536e+01
5.375028586190448010e+01
5.312839981254335697e+01
7.143945251236253569e+01
7.088444758581213989e+01
6.908419827387362488e+01
4.715735396061972295e+01
4.646264815776681445e+01
6.465774132538648189e+01
6.279602011999200073e+01
6.502142133722408346e+01
4.324300819441297250e+01
4.266327183967726455e+01
6.094937001186679737e+01
5.251558213105103334e+01
6.067132189126128594e+01
4.698045178869551819e+01
4.622005057494909153e+01
6.331226030656538484e+01
5.769175670986590632e+01
6.809943227073588901e+01
6.167407808750303388e+01
5.222400512268529127e+01
6.705428305840142400e+01
6.660987366266849108e+01
6.859196764644447342e+01
4.634000813719033829e+01
4.576541228217519830e+01
6.429879255831804130e+01
6.047680382603301297e+01
5.161454934891717983e+01
3.998463624076775602e+01
3.187680001436701716e+01
4.836334933836193528e+01
4.636601201713748566e+01
5.583181302152036096e+01
4.540797602309535108e+01
3.649234200048529431e+01
5.168145698986865710e+01
4.935804498464568724e+01
6.216605472877360938e+01
4.197963746788474992e+01
4.123266491648200116e+01
5.816663616695322503e+01
5.914198483472434020e+01
5.540947636783325692e+01
3.883535404442673666e+01
2.996671007142801457e+01
4.673143517607122277e+01
5.658660370193386058e+01
4.844531250946250367e+01
3.693551417678043691e+01
3.646814791763483754e+01
4.527992291805021097e+01
4.980033885227007318e+01
5.289786164445312266e+01
3.479248782010220253e+01
4.192725301929353066e+01
4.877587014956623079e+01
5.360254472402571224e+01
5.908116752232569269e+01
4.710891953859925962e+01
3.870912126464231306e+01
5.508709646225688772e+01
5.286852369505721327e+01
5.224678924318683215e+01
2.653079403049552099e+01
3.255300204615306114e+01
4.879548630824845645e+01
5.346878677676404124e+01
4.009621760748192543e+01
2.095103439144362767e+01
2.180855339157984929e+01
4.080371866608955855e+01
3.654666793112975398e+01
4.290589132777415671e+01
2.433290089255345379e+01
2.502924140367180783e+01
4.308405490608276978e+01
3.857026721753465637e+01
4.110903795542124328e+01
2.873809503300489610e+01
2.927984190839945811e+01
4.869855477413451439e+01
4.417935465818453622e+01
3.480704761223367427e+01
2.279248790298117200e+01
2.376888176153459398e+01
4.305155827887730169e+01
3.861923478302082202e+01
6.427463921379842304e+01
5.133011005057698384e+01
4.348876021939350522e+01
6.131180815727647371e+01
5.963372627123717251e+01
6.813076991891607292e+01
4.831742460334621114e+01
4.769902475278659182e+01
6.482451396957810630e+01
6.238226962472573689e+01
7.538350930699418484e+01
5.383587884897267628e+01
5.345838565844960044e+01
4.719284274388543565e+01
6.592768087989824721e+01
6.806891645351608133e+01
4.725069702076978473e+01
4.682369990256955816e+01
6.059990918563828188e+01
5.879891215159030082e+01
5.795142421971704039e+01
4.356334847077928885e+01
4.321349176772875467e+01
5.769589594018700041e+01
5.409665078661068804e+01
6.079490430459196659e+01
4.729534707671783877e+01
4.682271299183168622e+01
6.048134910215382831e+01
5.879805147876072624e+01
6.798340681581180434e+01
5.304992147509690881e+01
2.668821353849617495e+01
4.488728900059918203e+01
6.769393765545727604e+01
6.759384856239933015e+01
4.659115722033385509e+01
2.142399160456968232e+01
6.046041970205449445e+01
5.968257191633319536e+01
5.071398094009617097e+01
3.289238917062279199e+01
3.233579182828337650e+01
4.849017202887825562e+01
4.646913776175431821e+01
5.491697804347631973e+01
4.476822370649211535e+01
4.391196807962013082e+01
5.178760409391720287e+01
4.949073730995651488e+01
6.113648072193871030e+01
4.207336637001076696e+01
1.455615916823606248e+01
5.831502956496139234e+01
5.600270672267800620e+01
5.441840432860666255e+01
3.602922467140172813e+01
4.231541838620378826e+01
5.193168106238055515e+01
4.972203663724356204e+01
4.134464138073165174e+01
3.651734804553667146e+01
3.622752893000533447e+01
4.556872463461817091e+01
4.907782892775271932e+01
5.200057161806748951e+01
2.880820312083028867e+01
3.456818895348791898e+01
4.903656261686817430e+01
5.292531124668202835e+01
5.807665246025093353e+01
3.940161347023235550e+01
3.918025472258017317e+01
5.536624171250177540e+01
5.935780963152570422e+01
5.127493297355810853e+01
3.328842308300477271e+01
3.304306168383190112e+01
4.900157689580348830e+01
4.672048727640122934e+01
3.195127560035558290e+01
2.020530397930279776e+01
2.109672435999313578e+01
4.068535855862384665e+01
3.625761632021314540e+01
3.456633037174572110e+01
2.354470857664236405e+01
2.429608066228319174e+01
4.297447759153536850e+01
3.827158521265464941e+01
4.051919205918949274e+01
2.805507152435060547e+01
2.856737622800483578e+01
4.861159214777751458e+01
4.381859073944325900e+01
3.423046282095751991e+01
2.214278683856610996e+01
2.303246882952183583e+01
4.293158744644966873e+01
3.831569774684069074e+01
6.377747245617305794e+01
4.368887974009235364e+01
4.302238213520197263e+01
6.097803140712498049e+01
5.925592469113761496e+01
6.764905136126509433e+01
5.585631636114153054e+01
5.541240781771157486e+01
5.759694660771752694e+01
5.890679206706026605e+01
7.490308786217192960e+01
5.359925897871560352e+01
2.672098758667943841e+01
7.150133841599370044e+01
6.956722411713153065e+01
6.759686696977570364e+01
5.462278587543960384e+01
4.638286884100212148e+01
6.463913921514769356e+01
6.269385037999879273e+01
6.345696494974826152e+01
4.322018176605720896e+01
4.271742581104716407e+01
5.708432581890839685e+01
5.659592984466797105e+01
6.674309696347742715e+01
4.286340116625176222e+01
4.441337646484723223e+01
5.966091638005124054e+01
5.788446229867548709e+01
7.426339191142515972e+01
5.275443934350793285e+01
5.229025725429438154e+01
4.235155568362739587e+01
6.373629784681295973e+01
6.707178741659753030e+01
5.381087725574833769e+01
4.579094027084617835e+01
6.022367953826833542e+01
6.274819847815679452e+01
5.026882842580114641e+01
3.244752742255261779e+01
2.713598288955226678e+01
4.809130650724657841e+01
4.603260781326032713e+01
5.447917531123199808e+01
3.713249993848742037e+01
3.627968323665582773e+01
5.144750887073578838e+01
5.546789952980950744e+01
6.070279443091929039e+01
4.905969264998294932e+01
4.105023262426333019e+01
5.793272724518629957e+01
5.560252017125901602e+01
5.399551707576072346e+01
3.564169877927297136e+01
3.497856232624149442e+01
5.159254462040679812e+01
4.933239589386131740e+01
3.449241250037178474e+01
2.387280685395900548e+01
3.583098038679310804e+01
4.509879605008976000e+01
4.882111767311125305e+01
4.496666465796395329e+01
4.171624504205882999e+01
4.120807418299381197e+01
4.861033622344087490e+01
4.631971987605270868e+01
5.107535878863538414e+01
3.263676466300611878e+01
4.595472940462800437e+01
5.501374348294715588e+01
5.905317390693234358e+01
4.441208642853789712e+01
3.975651177346261989e+01
1.168013225848947911e+01
2.598613475313736743e+01
4.043165607316875310e+01
3.941631740082788582e+01
1.986622103655353300e+01
2.024047700518762483e+01
3.798474255313736592e+01
3.409103409284449526e+01
3.429726629087377887e+01
2.335212808803476747e+01
2.355017824231946122e+01
4.013779714879888871e+01
3.593304607703593945e+01
4.023767832577623693e+01
2.764848202639485919e+01
2.806173126605073875e+01
4.569499871770620558e+01
4.215585670603704216e+01
3.400668321019092843e+01
2.180527073698642582e+01
2.218955769751859819e+01
4.018189741417877769e+01
2.987542442302546419e+01
5.704066279094461578e+01
4.300884632969735577e+01
4.244045201191015337e+01
6.018428423502504643e+01
5.861001530995163478e+01
6.794633592840000347e+01
4.732947406844747462e+01
4.666565258181478271e+01
6.310040532513468037e+01
6.117365578548573524e+01
6.753078325109920854e+01
5.281609137498875839e+01
5.236983504875820472e+01
7.047882168151065230e+01
6.864544996477749805e+01
6.792995496509320219e+01
4.628732786878651240e+01
4.581404373675768937e+01
6.373329761432603391e+01
6.190496598896208980e+01
6.382616553065337683e+01
4.245487019726117239e+01
4.202840006280388252e+01
6.014731342541868031e+01
5.867240992141498879e+01
5.954450177321122339e+01
4.611034275112217529e+01
4.551514900595258695e+01
6.246771082395131458e+01
5.578855637017182545e+01
6.685637895195149838e+01
5.181195075765383251e+01
5.143962503554207188e+01
6.620101226956153084e+01
6.832007588564106015e+01
6.732707572767161253e+01
5.363919162427877296e+01
4.503102447286163823e+01
5.721086506496325796e+01
6.169058373633762216e+01
5.047213628286658604e+01
3.901799388744278474e+01
3.139280008491071428e+01
4.766755564141894297e+01
4.568771411517019487e+01
5.464208637865156959e+01
3.668476972219102095e+01
3.666377157012952637e+01
5.089295039231316053e+01
4.859412921730299217e+01
5.392081695776386141e+01
4.116073962153037513e+01
4.057916124249893386e+01
5.730897102549029398e+01
5.508086020829379947e+01
4.984790607550235819e+01
3.517160656655057238e+01
3.456198904838239372e+01
4.598925518057188100e+01
4.889294621700094723e+01
4.740184352602080509e+01
3.612633534701715377e+01
2.900372247579335294e+01
4.474022443587979581e+01
4.277497395483887033e+01
5.181632201132570970e+01
2.791811051548939560e+01
3.368668321897443718e+01
4.814519312482187274e+01
5.268506569306657639e+01
5.790436655215931694e+01
3.227586956409390950e+01
3.824252542535892729e+01
5.442087489048957849e+01
4.619869408538866651e+01
5.113154039758559577e+01
3.246905917234143857e+01
3.213666406323743274e+01
4.814132799484362835e+01
4.594793062974959241e+01
