2.897153726987214406e-01 3.770554828521522350e-01 3.332291444491264909e-01
3.066044634244595724e-01 3.554055963426182574e-01 3.379899402329222258e-01
3.084744065302009730e-01 3.770954974734326282e-01 3.144300959963663988e-01
3.015244383183677268e-01 3.662761365398650715e-01 3.321994251417672017e-01
2.879443562256899791e-01 3.626056600295805565e-01 3.494499837447294643e-01
2.864055393672438332e-01 3.723374103427334880e-01 3.412570502900227343e-01
3.021834408177153097e-01 3.497505461150146044e-01 3.480660130672700303e-01
3.046093552821422801e-01 3.714497900906773564e-01 3.239408546271803080e-01
2.970068451111722019e-01 3.600546509538040119e-01 3.429385039350238418e-01
2.842952571784533866e-01 3.574831714515278591e-01 3.582215713700187543e-01
2.823341321452760844e-01 3.588189076839460312e-01 3.588469601707778289e-01
2.984483388791276948e-01 3.378396289413291287e-01 3.637120321795430100e-01
3.008545319428310161e-01 3.593602293268158276e-01 3.397852387303532118e-01
2.933491348266173415e-01 3.474792701195291156e-01 3.591715950538536539e-01
2.803156974093916620e-01 3.436583529482720167e-01 3.760259496423363212e-01
2.857304614917545726e-01 3.735667236942727953e-01 3.407028148139726320e-01
3.027897124737957135e-01 3.524868913884910970e-01 3.447233961377131894e-01
3.047410751301514176e-01 3.739287850830091409e-01 3.213301397868394971e-01
2.973941954230359674e-01 3.624943895251629411e-01 3.401114150518010359e-01
2.837277074240258101e-01 3.586420024730440637e-01 3.576302901029301262e-01
2.976975837523356261e-01 3.442355353949509422e-01 3.580668808527134317e-01
3.145341996660173112e-01 3.238535794679441304e-01 3.616122208660384474e-01
3.120648674042284521e-01 3.504475985624228018e-01 3.374875340333487461e-01
3.077398286203681388e-01 3.359976636888099555e-01 3.562625076908218502e-01
2.946389316853643137e-01 3.313143251779459009e-01 3.740467431366897855e-01
2.941210331831324853e-01 3.392518740823239898e-01 3.666270927345435249e-01
3.098397145665621744e-01 3.180250222861674136e-01 3.721352631472704675e-01
3.079430395612591798e-01 3.445727507828640901e-01 3.474842096558767301e-01
3.030219859318903919e-01 3.296018455466053765e-01 3.673761685215043427e-01
2.907736377064661926e-01 3.259745994800372082e-01 3.832517628134964327e-01
2.885700840086346530e-01 3.268119926074842807e-01 3.846179233838811218e-01
3.047177833322919360e-01 3.070920232200385347e-01 3.881901934476694738e-01
3.029399619548411304e-01 3.333135774244039284e-01 3.637464606207549411e-01
2.978674260668868756e-01 3.181037430481702954e-01 3.840288308849427734e-01
2.853325278052853964e-01 3.133128508716291893e-01 4.013546213230853588e-01
2.928092758976174048e-01 3.410072367920571890e-01 3.661834873103254617e-01
3.099401005452244173e-01 3.211103158313521888e-01 3.689495836234234494e-01
3.075497479545531432e-01 3.473840173040564916e-01 3.450662347413904207e-01
3.027298569497200442e-01 3.324858982971810040e-01 3.647842447530989518e-01
2.895721890375848040e-01 3.277272516576533734e-01 3.827005593047618226e-01
2.926246369117060930e-01 3.518278727747100043e-01 3.555474903135839027e-01
3.078704560388054734e-01 3.331965073713232806e-01 3.589330365898712460e-01
3.038698890334624592e-01 3.615060591102165488e-01 3.346240518563209920e-01
2.991709917561753973e-01 3.478123809786167198e-01 3.530166272652078829e-01
2.896279661130553573e-01 3.389199162173583413e-01 3.714521176695862459e-01
2.900828472671109215e-01 3.462352496744094954e-01 3.636819030584795831e-01
3.042643109908687582e-01 3.266839857023280946e-01 3.690517033068032582e-01
3.007776779531396438e-01 3.550247540817926817e-01 3.441975679650677855e-01
2.956618134849952062e-01 3.407182697070016975e-01 3.636199168080030963e-01
2.869196872144039179e-01 3.328558267578429763e-01 3.802244860277531058e-01
2.843774221669588265e-01 3.338723619971419865e-01 3.817502158358991871e-01
2.989798987415815956e-01 3.158994991467368729e-01 3.851206021116815315e-01
2.957297713625395841e-01 3.437322492043916600e-01 3.605379794330687560e-01
2.904150005751572894e-01 3.292337705216322186e-01 3.803512289032106031e-01
2.812038688650795870e-01 3.203203017727692115e-01 3.984758293621513681e-01
2.881205648482476067e-01 3.484814572635050456e-01 3.633979778882473477e-01
3.037057744608067655e-01 3.302685469687543507e-01 3.660256785704387728e-01
2.998072867606171865e-01 3.582705570343306389e-01 3.419221562050520080e-01
2.947174528295636864e-01 3.441117915792899495e-01 3.611707555911463641e-01
2.850084996187561281e-01 3.351456123587327474e-01 3.798458880225110690e-01
2.899570748766484019e-01 3.653025811466342199e-01 3.447403439767174338e-01
3.085921568608659959e-01 3.419184528120535749e-01 3.494893903270803182e-01
3.060554532495906033e-01 3.693700051417131980e-01 3.245745416086960877e-01
3.029486632636064214e-01 3.531824280528920723e-01 3.438689086835013953e-01
2.864177988687297005e-01 3.529613920799731241e-01 3.606208090512971753e-01
2.854450625836992272e-01 3.611521587201845795e-01 3.534027786961162487e-01
3.029488514406792898e-01 3.368970018101857256e-01 3.601541467491349291e-01
3.010394333092353825e-01 3.642008421266748619e-01 3.347597245640898667e-01
2.973317594363250604e-01 3.475231459318712246e-01 3.551450946318037705e-01
2.816336525481919484e-01 3.484615966317000657e-01 3.699047508201079859e-01
2.811227891039866922e-01 3.479480020709058152e-01 3.709292088251074371e-01
2.989858881287350556e-01 3.252751572915194012e-01 3.757389545797455432e-01
2.971012741305455451e-01 3.523664133802483223e-01 3.505323124892061881e-01
2.932681514263935640e-01 3.353899249766156276e-01 3.713419235969908083e-01
2.775236214402505563e-01 3.349074207577827367e-01 3.875689578019666515e-01
2.851114850174009119e-01 3.621634367909228880e-01 3.527250781916762001e-01
3.039531695945743572e-01 3.393674496488865988e-01 3.566793807565389884e-01
3.015642569374186177e-01 3.664395577395102577e-01 3.319961853230712356e-01
2.980014579992109613e-01 3.497828808934671518e-01 3.522156611073219978e-01
2.814248656324375708e-01 3.494247809143583017e-01 3.691503534532041830e-01
2.924908951322543471e-01 3.653341308397919374e-01 3.421749740279537710e-01
3.116524081389829282e-01 3.411332979557926137e-01 3.472142939052244581e-01
3.096299025188106735e-01 3.679346501801950553e-01 3.224354473009943267e-01
3.065560193425785895e-01 3.516126146961461307e-01 3.418313659612753352e-01
2.886465595917305782e-01 3.532430368227672535e-01 3.581104035855022238e-01
2.876444840582730866e-01 3.614280908560447703e-01 3.509274250856821986e-01
3.056505838759090987e-01 3.363699255594970183e-01 3.579794905645938274e-01
3.042570594604354084e-01 3.629814967030982054e-01 3.327614438364663862e-01
3.006015966435470199e-01 3.462030396795173215e-01 3.531953636769356586e-01
2.835043112652456121e-01 3.489884547421716610e-01 3.675072339925827825e-01
2.834184886819346993e-01 3.481446040323880609e-01 3.684369072856772953e-01
3.015987592040585419e-01 3.248354318361154069e-01 3.735658089598259957e-01
3.003820875616350916e-01 3.510974992538464234e-01 3.485204131845185960e-01
2.965856213864137003e-01 3.339932848644453500e-01 3.694210937491409497e-01
2.793343543342566848e-01 3.354717293580994908e-01 3.851939163076438244e-01
2.877571697264339479e-01 3.620810280397797620e-01 3.501618022337864566e-01
3.070977908399501466e-01 3.385004322180372172e-01 3.544017769420125807e-01
3.050926842771135572e-01 3.650633970123701721e-01 3.298439187105163262e-01
3.017263609406772296e-01 3.481286933189401966e-01 3.501449457403826293e-01
2.837587922978230814e-01 3.495885937573077751e-01 3.666526139448691435e-01
2.961306180599235227e-01 3.723321740896369247e-01 3.315372078504395525e-01
3.137647173163337078e-01 3.502183127038032140e-01 3.360169699798630782e-01
3.157656540623915431e-01 3.716246127657391041e-01 3.126097331718692973e-01
3.067798646788775785e-01 3.625932605021718880e-01 3.306268748189506446e-01
2.922709308823515650e-01 3.595938884897634247e-01 3.481351806278849548e-01
2.928208023043157859e-01 3.677182619256534335e-01 3.394609357700307806e-01
3.093277722116229977e-01 3.446619344397285345e-01 3.460102933486485233e-01
3.116849726333331128e-01 3.660273020547539224e-01 3.222877253119130203e-01
3.022319041488517599e-01 3.563319336495288647e-01 3.414361622016194309e-01
2.885653261115816992e-01 3.545137747801067607e-01 3.569208991083115401e-01
2.890208578046759014e-01 3.538061085358014668e-01 3.571730336595226318e-01
3.057935149139602848e-01 3.324848223745808795e-01 3.617216627114586691e-01
3.083070701796379876e-01 3.536952004547621597e-01 3.379977293655999082e-01
2.988560599765387460e-01 3.435473700891547022e-01 3.575965699343065518e-01
2.849611767522168826e-01 3.403282635215981733e-01 3.747105597261849441e-01
2.923920937210501836e-01 3.686257742268370108e-01 3.389821320521127501e-01
3.102612223792969304e-01 3.470731164384340262e-01 3.426656611822690990e-01
3.121976289876445265e-01 3.682156148973688703e-01 3.195867561149864922e-01
3.028366544272758643e-01 3.585513086463650856e-01 3.386120369263590502e-01
2.883585159113846719e-01 3.554331408935830772e-01 3.562083431950321954e-01
3.040757424466234982e-01 3.397979091225566961e-01 3.561263484308198612e-01
3.217349311170010218e-01 3.188886636221206494e-01 3.593764052608782733e-01
3.191503300005495425e-01 3.453621987954285100e-01 3.354874712040221141e-01
3.127727822590726237e-01 3.326424259110341564e-01 3.545847918298932200e-01
2.987716975562220711e-01 3.286150176543961576e-01 3.726132847893817712e-01
3.004029027579782074e-01 3.348551398637901189e-01 3.647419573782316737e-01
3.168424172575706188e-01 3.132174149884543457e-01 3.699401677539748690e-01
3.149005862572358816e-01 3.395889394449903564e-01 3.455104742977738730e-01
3.079247283655002776e-01 3.263069981244820505e-01 3.657682735100176163e-01
2.947903045518270315e-01 3.232842644241912811e-01 3.819254310239816874e-01
2.951852142826366099e-01 3.221132551770821140e-01 3.827015305402813317e-01
3.120165422702254054e-01 3.019944716904428561e-01 3.859889860393318495e-01
3.102203551146048843e-01 3.280858358326018132e-01 3.616938090527933025e-01
3.031441829194746473e-01 3.145124783758471709e-01 3.823433387046781262e-01
2.896611111746463241e-01 3.102818300073902913e-01 4.000570588179633291e-01
2.994440513791202796e-01 3.363351330022539831e-01 3.642208156186256818e-01
3.173575074073060054e-01 3.159622748068582343e-01 3.666802177858357603e-01
3.148549642927441772e-01 3.421097651565878084e-01 3.430352705506678479e-01
3.079983571805625098e-01 3.289146278220592690e-01 3.630870149973780547e-01
2.939926520398865595e-01 3.248200496036202090e-01 3.811872983564931761e-01
2.989549947732647595e-01 3.472827875619159954e-01 3.537622176648191341e-01
3.149663392707086618e-01 3.281658324815668326e-01 3.568678282477243946e-01
3.108486050486017893e-01 3.563648102370650106e-01 3.327865847143333111e-01
3.041903903258900699e-01 3.444150510072771509e-01 3.513945586668327237e-01
2.937498387181053938e-01 3.360874359995498217e-01 3.701627252823447844e-01
2.963853453358145651e-01 3.416656457131330149e-01 3.619490089510523090e-01
3.112720724102275849e-01 3.217090562675708476e-01 3.670188713222014565e-01
3.077613193935019309e-01 3.499095051327429928e-01 3.423291754737549653e-01
3.004779792273817307e-01 3.373211122863668532e-01 3.622009084862514161e-01
2.909567996841307957e-01 3.300221935639235382e-01 3.790210067519457215e-01
2.910449689908446436e-01 3.290226585382630686e-01 3.799323724708924543e-01
3.064305818416608318e-01 3.104987253856162366e-01 3.830706927727229871e-01
3.029657600397397954e-01 3.383393604414215994e-01 3.586948795188386607e-01
2.955897470114878800e-01 3.255765038896763497e-01 3.788337490988357703e-01
2.858328466580941085e-01 3.171769623608821087e-01 3.969901909810237828e-01
2.947596383080217652e-01 3.436542617189587423e-01 3.615860999730195480e-01
3.110633432822839106e-01 3.250015321935059154e-01 3.639351245242101740e-01
3.070141644454892904e-01 3.529130864336100237e-01 3.400727491209005748e-01
2.998442607408288163e-01 3.404448345917511776e-01 3.597109046674201172e-01
2.893997049868557436e-01 3.320655577477141240e-01 3.785347372654301323e-01
2.963430976625829882e-01 3.607299228551726356e-01 3.429269794822443207e-01
3.157917554904043911e-01 3.368101891415364313e-01 3.473980553680591221e-01
3.131964656182376627e-01 3.640932413936949774e-01 3.227102929880673599e-01
3.081724748270943670e-01 3.495899062060857654e-01 3.422376189668198676e-01
2.906082933000602164e-01 3.501421581553512685e-01 3.592495485445886261e-01
2.917094666338941322e-01 3.566403227949689891e-01 3.516502105711369341e-01
3.100044424555231104e-01 3.318958485579895368e-01 3.580997089864874638e-01
3.079830588032717031e-01 3.590183390547091458e-01 3.329986021420192621e-01
3.023639899238455553e-01 3.440229199378689873e-01 3.536130901382853464e-01
2.855839621258187133e-01 3.457334211848335226e-01 3.686826166893478751e-01
2.876790144919938452e-01 3.431407373704938313e-01 3.691802481375123235e-01
3.063654023825051476e-01 3.199997133844787456e-01 3.736348842330159958e-01
3.044280057404727957e-01 3.469174809497025946e-01 3.486545133098245541e-01
2.987103696529103125e-01 3.315623811405539190e-01 3.697272492065357685e-01
2.816931710532344368e-01 3.319103131929616035e-01 3.863965157538040152e-01
2.919161900392038267e-01 3.573221774685104157e-01 3.507616324922859241e-01
3.113913304439421825e-01 3.340412577046101839e-01 3.545674118514475781e-01
3.088843278695756478e-01 3.609375988523879086e-01 3.301780732780365546e-01
3.033832934672390791e-01 3.459843055765859932e-01 3.506324009561749278e-01
2.857951209043774754e-01 3.464616654537165386e-01 3.677432136419059860e-01
2.990284960276814452e-01 3.606495722820785566e-01 3.403219316902399982e-01
3.189956947525616759e-01 3.359106376540092476e-01 3.450936675934292430e-01
3.168836202842739147e-01 3.623937547056215736e-01 3.207226250101044007e-01
3.119877469908551304e-01 3.478491395334827319e-01 3.401631134756620822e-01
2.930008277861100852e-01 3.502982534713728890e-01 3.567009187425170258e-01
2.941078879572380234e-01 3.568542720025186243e-01 3.490378400402431303e-01
3.128379134586507515e-01 3.312617176287970255e-01 3.559003689125522785e-01
3.113818650748070294e-01 3.577338789015065412e-01 3.308842560236864294e-01
3.058101293819683320e-01 3.425307418933685177e-01 3.516591287246631503e-01
2.876846291663788246e-01 3.461440823468135419e-01 3.661712884868077444e-01
2.901736213054155744e-01 3.432157955755839596e-01 3.666105831190005215e-01
3.093005048531811685e-01 3.192596563365067697e-01 3.714398388103121174e-01
3.078658661162461119e-01 3.455081783295375630e-01 3.466259555542162141e-01
3.021777073063756647e-01 3.300554413008962573e-01 3.677668513927280780e-01
2.840397630472346613e-01 3.321231531913609869e-01 3.838370837614043518e-01
2.945342462848664633e-01 3.571751712437348791e-01 3.482905824713986020e-01
3.146675459671758324e-01 3.330636094883541731e-01 3.522688445444699945e-01
3.127203449137878066e-01 3.593691585366630692e-01 3.279104965495492352e-01
3.072871821628821443e-01 3.441489691301472531e-01 3.485638487069707137e-01
2.882861733502460888e-01 3.465000193623439251e-01 3.652138072874100971e-01
3.034919693391092133e-01 3.633673204441109639e-01 3.331407102167797674e-01
3.242589702833261756e-01 3.386650930690700001e-01 3.370759366476039354e-01
3.234625527074676543e-01 3.615196835359970606e-01 3.150177637565352295e-01
3.175667667089880908e-01 3.503577184885358076e-01 3.320755148024760461e-01
2.976402510354136943e-01 3.526395147764598836e-01 3.497202341881264220e-01
2.987335781417881364e-01 3.602426822485642610e-01 3.410237396096477136e-01
3.184652043582743564e-01 3.346557888393391633e-01 3.468790068023865358e-01
3.180878894565494219e-01 3.576894869735511295e-01 3.242226235698993930e-01
3.117966949827532530e-01 3.457043752006859205e-01 3.424989298165608820e-01
2.924912176349356296e-01 3.491141726861585193e-01 3.583946096789060176e-01
2.954902124718771228e-01 3.458447537328142585e-01 3.586650337953086742e-01
3.154272429908110409e-01 3.219295793219261737e-01 3.626431776872628410e-01
3.151329116847117473e-01 3.446795706424418126e-01 3.401875176728464956e-01
3.086629404070538873e-01 3.324802438721254361e-01 3.588568157208206211e-01
2.894258300082182545e-01 3.343913352511064252e-01 3.761828347406753759e-01
2.993085712373044216e-01 3.603401303039437953e-01 3.403512984587517831e-01
3.201632020686740465e-01 3.362184499338625177e-01 3.436183479974632693e-01
3.192340107883436251e-01 3.589616602184730887e-01 3.218043289931832307e-01
3.131543502259777068e-01 3.470784535220879374e-01 3.397671962519343003e-01
2.932526960197321397e-01 3.491641065503686692e-01 3.575831974298990801e-01
3.122037236069006849e-01 3.313055788994640483e-01 3.564906974936353778e-01
3.328894343855828275e-01 3.080818938598119949e-01 3.590286717546051221e-01
3.273571111424845026e-01 3.361194002519232171e-01 3.365234886055923358e-01
3.242693594892178677e-01 3.211214000852314343e-01 3.546092404255506980e-01
3.046837179450277988e-01 3.222271971053738415e-01 3.730890849495983042e-01
3.070331573636412847e-01 3.279301826955806631e-01 3.650366599407781076e-01
3.267225363752004341e-01 3.039121554781221146e-01 3.693653081466774513e-01
3.218697276913237704e-01 3.316550321606577256e-01 3.464752401480185040e-01
3.181367964703443740e-01 3.163188196611968483e-01 3.655443838684588331e-01
2.993026644131693836e-01 3.183179236361524667e-01 3.823794119506782607e-01
3.023582949303241785e-01 3.147412063426240914e-01 3.829004987270516747e-01
3.222512351787986118e-01 2.923800300671966501e-01 3.853687347540047936e-01
3.173933907848468516e-01 3.197401404748914100e-01 3.628664687402617384e-01
3.136088816442052507e-01 3.042018764299610489e-01 3.821892419258336449e-01
2.946779148763468692e-01 3.050022615605272880e-01 4.003198235631258983e-01
3.070961738091773641e-01 3.285176484518709805e-01 3.643861777389515444e-01
3.280099165349113499e-01 3.058554701505445395e-01 3.661346133145440551e-01
3.226473719543739849e-01 3.333205440677645681e-01 3.440320839778613915e-01
3.190318915889863716e-01 3.180978988439868149e-01 3.628702095670268135e-01
2.994128779245199823e-01 3.190541163133274738e-01 3.815330057621525439e-01
3.065693208691227523e-01 3.387717506507249565e-01 3.546589284801524022e-01
3.258368776272550504e-01 3.170714760266715726e-01 3.570916463460734325e-01
3.185393709382016714e-01 3.469599746165974996e-01 3.345006544452007180e-01
3.151661233754141089e-01 3.327485474429725532e-01 3.520853291816133379e-01
2.992096887353776768e-01 3.296456967782431247e-01 3.711446144863791985e-01
3.026010579016179536e-01 3.346584259090541469e-01 3.627405161893279550e-01
3.208276028013868908e-01 3.121450603088737341e-01 3.670273368897393751e-01
3.141449508379076105e-01 3.419794762683796563e-01 3.438755728937127332e-01
3.101711711107374425e-01 3.272197884689586611e-01 3.626090404203039519e-01
2.949239709266676113e-01 3.251121648604484160e-01 3.799638642128839727e-01
2.977674373166873112e-01 3.215533801241834966e-01 3.806791825591293033e-01
3.162917325982546046e-01 3.006158298872428913e-01 3.830924375145025595e-01
3.096072477932968470e-01 3.298365422287225512e-01 3.605562099779806573e-01
3.056195052316272864e-01 3.150732056547190241e-01 3.793072891136536340e-01
2.902323017290550644e-01 3.117291126784844657e-01 3.980385855924604144e-01
3.019038715496838998e-01 3.358087992976358516e-01 3.622873291526801376e-01
3.214080558017715639e-01 3.146224702196637191e-01 3.639694739785648281e-01
3.142415192453008599e-01 3.441827931264314078e-01 3.415756876282676768e-01
3.103706957855075221e-01 3.295225286614200111e-01 3.601067755530724668e-01
2.943638642891457380e-01 3.263031046807040036e-01 3.793330310301502584e-01
3.048386733043044750e-01 3.520064315991791593e-01 3.431548950965163658e-01
3.271549037641103275e-01 3.258865762675392519e-01 3.469585199683503651e-01
3.218172222427325146e-01 3.544779634637962862e-01 3.237048142934711437e-01
3.199162905356680020e-01 3.378633082577637836e-01 3.422204012065682144e-01
2.969636500191357165e-01 3.434921867760086234e-01 3.595441632048557157e-01
2.988382195166324751e-01 3.494788485748452356e-01 3.516829319085223449e-01
3.201141809088762780e-01 3.225644419282945874e-01 3.573213771628291902e-01
3.154067914239669923e-01 3.510697794651322368e-01 3.335234291109008264e-01
3.128535041777782966e-01 3.339124472397881349e-01 3.532340485824336240e-01
2.906078377880165764e-01 3.406385713561186912e-01 3.687535908558647324e-01
2.951596851062159854e-01 3.356559920218351589e-01 3.691843228719489112e-01
3.167190329135234350e-01 3.102716503782346757e-01 3.730093167082418337e-01
3.120407701041419402e-01 3.384049916879292019e-01 3.495542382079288579e-01
3.094471882145955477e-01 3.210979398945544294e-01 3.694548718908499674e-01
2.872079803090512029e-01 3.263439348611276158e-01 3.864480848298211257e-01
2.997822396550214319e-01 3.493186438614424572e-01 3.508991164835361665e-01
3.222233149281947262e-01 3.238001278638139580e-01 3.539765572079913158e-01
3.170788452022537673e-01 3.520123126381070056e-01 3.309088421596392826e-01
3.146760333613105587e-01 3.349911035142130178e-01 3.503328631244763125e-01
2.917412131676537235e-01 3.404099357997435460e-01 3.678488510326027860e-01
3.074755276884957311e-01 3.519914301328022077e-01 3.405330421787019501e-01
3.301555823566961756e-01 3.251591804763895310e-01 3.446852371669142934e-01
3.254354118224674353e-01 3.529930462479834996e-01 3.215715419295490096e-01
3.235563281188462148e-01 3.363157641167103251e-01 3.401279077644435711e-01
2.993543214335058211e-01 3.436613110002924021e-01 3.569843675662018323e-01
3.011424021583175015e-01 3.497023033595286212e-01 3.491552944821539328e-01
3.227945500334160611e-01 3.220679867197988600e-01 3.551374632467850789e-01
3.187526820276622153e-01 3.496988088978307263e-01 3.315485090745071695e-01
3.161683208065328987e-01 3.325870636466106700e-01 3.512446155468564313e-01
2.927226248393626218e-01 3.409633362950706958e-01 3.663140388655666824e-01
2.976355620810121616e-01 3.356963297115804212e-01 3.666681082074073617e-01
3.194416755041618039e-01 3.097567349671193071e-01 3.708015895287188335e-01
3.154386546723740858e-01 3.370980540588128793e-01 3.474632912688130348e-01
3.127891711840802835e-01 3.197507883978737420e-01 3.674600404180459745e-01
2.893423201142448775e-01 3.266522314104258196e-01 3.840054484753293029e-01
3.025270456792024110e-01 3.492008021741580537e-01 3.482721521466395354e-01
3.253604042884739034e-01 3.230062705098992182e-01 3.516333252016269340e-01
3.209716052812895404e-01 3.504449294979777307e-01 3.285834652207327844e-01
3.184255583265840350e-01 3.333286451513810533e-01 3.482457965220348561e-01
2.943280503662455416e-01 3.403867015544102537e-01 3.652852480793442047e-01
2.894490277878399853e-01 3.744650829617287013e-01 3.360858892504313689e-01
3.105080872641318712e-01 3.491182477627639558e-01 3.403736649731043395e-01
3.115884762867684454e-01 3.707738132517153229e-01 3.176377104615161762e-01
3.036641319002120198e-01 3.608267908115249667e-01 3.355090772882630690e-01
2.855436588978186863e-01 3.614952888435466472e-01 3.529610522586345556e-01
2.848827885335230570e-01 3.710669929291558478e-01 3.440502185373210953e-01
3.049281631435165063e-01 3.448198347617914550e-01 3.502520020946922052e-01
3.065601194338844482e-01 3.664832539174616710e-01 3.269566266486539363e-01
2.981257332092405177e-01 3.558958869561567040e-01 3.459783798346027228e-01
2.807054463389591081e-01 3.576557018847278946e-01 3.616388517763129973e-01
2.818350732328913644e-01 3.562863632421864879e-01 3.618785635249222032e-01
3.020892024250442787e-01 3.316809936925924629e-01 3.662298038823632029e-01
3.036024413601116634e-01 3.531765952654322693e-01 3.432209633744560673e-01
2.952103957422576586e-01 3.422044139525255435e-01 3.625851903052167424e-01
2.777203729309638547e-01 3.424841760448532058e-01 3.797954510241829951e-01
2.855216416143349090e-01 3.709951675818335404e-01 3.434831908038316062e-01
3.067395300748754772e-01 3.462021379129234244e-01 3.470583320122011539e-01
3.078660032307319327e-01 3.676374610818288202e-01 3.244965356874393581e-01
2.996288206537074394e-01 3.570750650934039760e-01 3.432961142528885845e-01
2.814935178044761233e-01 3.575362001320209759e-01 3.609702820635027898e-01
2.971050634349294284e-01 3.419396980735497360e-01 3.609552384915208356e-01
3.185933208970616604e-01 3.175759838524070400e-01 3.638306952505311886e-01
3.149870075354131993e-01 3.444382292295664061e-01 3.405747632350205611e-01
3.097332915572652001e-01 3.308271075566726060e-01 3.594396008860621383e-01
2.918014058699771041e-01 3.304820880410879180e-01 3.777165060889350889e-01
2.922946044660934550e-01 3.381604851351585617e-01 3.695449103987478723e-01
3.126025383889899367e-01 3.131568073475990976e-01 3.742406542634109101e-01
3.096235315585245673e-01 3.398864892236554414e-01 3.504899792178201023e-01
3.036902268631802015e-01 3.257481299489676796e-01 3.705616431878520634e-01
2.866984462562156000e-01 3.264483816834239938e-01 3.868531720603604063e-01
2.878332342420984458e-01 3.244961751447720255e-01 3.876705906131294732e-01
3.084228715815581778e-01 3.010921598512724118e-01 3.904849685671693549e-01
3.054789294147068901e-01 3.274878932426282807e-01 3.670331773426649957e-01
2.995087195866107388e-01 3.131104447497369825e-01 3.873808356636523897e-01
2.822617330205774988e-01 3.124839751653031850e-01 4.052542918141192607e-01
2.923760181673739078e-01 3.386296694744754254e-01 3.689943123581507778e-01
3.140300292993934428e-01 3.149062984358899087e-01 3.710636722647167041e-01
3.105225127858520229e-01 3.414011369805314278e-01 3.480763502336166604e-01
3.048100063488032863e-01 3.273326422292384130e-01 3.678573514219581897e-01
2.868658192521182926e-01 3.268406993525964643e-01 3.862934813952852431e-01
2.915963223092937762e-01 3.494621369894616025e-01 3.589415407012444548e-01
3.116623489451676998e-01 3.267104342617163093e-01 3.616272167931161019e-01
3.064283926868976438e-01 3.554741580644441568e-01 3.380974492486581440e-01
3.008443860784063562e-01 3.425273599489267462e-01 3.566282539726668421e-01
2.865110627230097462e-01 3.379657602364883884e-01 3.755231770405017544e-01
2.879438183961176012e-01 3.450150504372727633e-01 3.670411311666096355e-01
3.068439677252012276e-01 3.214975884908615744e-01 3.716584437839371424e-01
3.021770507563453223e-01 3.501733021643780308e-01 3.476496470792765914e-01
2.960323161735058384e-01 3.366976665519160750e-01 3.672700172745781422e-01
2.824479118545534240e-01 3.331232087192488867e-01 3.844288794261977449e-01
2.833822993565683901e-01 3.313967375965219953e-01 3.852209630469095591e-01
3.024764440961049683e-01 3.095887375970085564e-01 3.879348183068865308e-01
2.979525959251039247e-01 3.377281612937748645e-01 3.643192427811211553e-01
2.917568249976995598e-01 3.240371729869876427e-01 3.842060020153126865e-01
2.780054247591665639e-01 3.192620640954766942e-01 4.027325111453567419e-01
2.873201571024210366e-01 3.459901687988881092e-01 3.666896740986908543e-01
3.075962513149863020e-01 3.237790441160383614e-01 3.686247045689752810e-01
3.023405271384854154e-01 3.521632072148250248e-01 3.454962656466893933e-01
2.963885507796324426e-01 3.388082878242260065e-01 3.648031613961416619e-01
2.820203561216526045e-01 3.341345942937987146e-01 3.838450495845487365e-01
2.898174598750459241e-01 3.630849568344465816e-01 3.470975832905074943e-01
3.126801325674530840e-01 3.359738620030991441e-01 3.513460054294478829e-01
3.091390011265870430e-01 3.633834968488005579e-01 3.274775020246121771e-01
3.053005854314571055e-01 3.481009984985186101e-01 3.465984160700242289e-01
2.840498517849769922e-01 3.522441867630806134e-01 3.637059614519423945e-01
2.840684711461793910e-01 3.602124942907644067e-01 3.557190345630562023e-01
3.058659153722861901e-01 3.323422406811403773e-01 3.617918439465734881e-01
3.031122865898574492e-01 3.596559606033864487e-01 3.372317528067561576e-01
2.984302365811152269e-01 3.438413126492746996e-01 3.577284507696100180e-01
2.779093578559490574e-01 3.490553032856013593e-01 3.730353388584496388e-01
2.807588303047575118e-01 3.459519167933312600e-01 3.732892529019112837e-01
3.027110371709293979e-01 3.196516096007823715e-01 3.776373532282882306e-01
2.999605043871731991e-01 3.466943488219568215e-01 3.533451467908698684e-01
2.952539475719792583e-01 3.305299068477109414e-01 3.742161455803097447e-01
2.748055555385940374e-01 3.342965767739694005e-01 3.908978676874364511e-01
2.850924122053105081e-01 3.599125758091344940e-01 3.549950119855549424e-01
3.081450433027466684e-01 3.334271374782651898e-01 3.584278192189880308e-01
3.048700314006738132e-01 3.605614385143650069e-01 3.345685300849612909e-01
3.003850023407282355e-01 3.447335562713951251e-01 3.548814413878765839e-01
2.791799448424516217e-01 3.486599333306797388e-01 3.721601218268686950e-01
2.927266755259849695e-01 3.629333370328315378e-01 3.443399874411834372e-01
3.158988601787959261e-01 3.351688130879291183e-01 3.489323267332749556e-01
3.130451722011095561e-01 3.620110301579658740e-01 3.249437976409245143e-01
3.091615137484118314e-01 3.464194712849060775e-01 3.444190149666821466e-01
2.866824819996793283e-01 3.522655123604701566e-01 3.610520056398505151e-01
2.866879380857692006e-01 3.602402183018909021e-01 3.530718436123399528e-01
3.087687802404506243e-01 3.317660118110303813e-01 3.594652079485188834e-01
3.065681795827960299e-01 3.583076079309956974e-01 3.351242124862082727e-01
3.019705643079882984e-01 3.423761338257565456e-01 3.556533018662551004e-01
2.802851322162493997e-01 3.492770980261700742e-01 3.704377697575805262e-01
2.833951170556753829e-01 3.457728631749573123e-01 3.708320197693674158e-01
3.055581273080453797e-01 3.191216746468538146e-01 3.753201980451008057e-01
3.035109446261808341e-01 3.452858016612286862e-01 3.512032537125903686e-01
2.988228581790161043e-01 3.290074263488230732e-01 3.721697154721608780e-01
2.771904287092816777e-01 3.344814903947009865e-01 3.883280808960175023e-01
2.881255333299622134e-01 3.596598331991976982e-01 3.522146334708401438e-01
3.114473905893808681e-01 3.325264483103554936e-01 3.560261611002635829e-01
3.087757448691271223e-01 3.589714020750907064e-01 3.322528530557821713e-01
3.043429971314948190e-01 3.429442824989846761e-01 3.527127203695205049e-01
2.819006240387906259e-01 3.485826640208778415e-01 3.695167119403314770e-01
3.018420609328724691e-01 3.642731244202098706e-01 3.338848146469176048e-01
3.196873651160234697e-01 3.419606123235004458e-01 3.383520225604760845e-01
3.207825730337150461e-01 3.635085017894352788e-01 3.157089251768496196e-01
3.113494652063742985e-01 3.549924031604831942e-01 3.336581316331424518e-01
2.972708974791286041e-01 3.518516760877551386e-01 3.508774264331162573e-01
2.979648117732713319e-01 3.599654927527063397e-01 3.420696954740223839e-01
3.147247135513540073e-01 3.367538367502466157e-01 3.485214496983993215e-01
3.162648028540419598e-01 3.582847886955992656e-01 3.254504084503587191e-01
3.064374744015881946e-01 3.491464701570139995e-01 3.444160554413978614e-01
2.930663654164812892e-01 3.470850473893893895e-01 3.598485871941293213e-01
2.940608554231494143e-01 3.463355896986027860e-01 3.596035548782477997e-01
3.111664974958335828e-01 3.247022065764160748e-01 3.641312959277503980e-01
3.126182357916387766e-01 3.461479064513852122e-01 3.412338577569759002e-01
3.027902851379769000e-01 3.365633907719676188e-01 3.606463240900554812e-01
2.892056505421121693e-01 3.331868599792316976e-01 3.776074894786561331e-01
2.978609543121525371e-01 3.608881528687625795e-01 3.412508928190848834e-01
3.158804578307785604e-01 3.391428071080367923e-01 3.449767350611845917e-01
3.170347072160545343e-01 3.604674507526049454e-01 3.224978420313404648e-01
3.072584081857672178e-01 3.513518366847677155e-01 3.413897551294650667e-01
2.931283113374245075e-01 3.479799075425196175e-01 3.588917811200558750e-01
3.100806833820939912e-01 3.320682639051136809e-01 3.578510527127923280e-01
3.279833119380828332e-01 3.109676411179738142e-01 3.610490469439434080e-01
3.242419033602497169e-01 3.378515687763902764e-01 3.379065278633599512e-01
3.175713563793960414e-01 3.254984409651095478e-01 3.569302026554943552e-01
3.039544048568109114e-01 3.213043417437367322e-01 3.747412533994523010e-01
3.059026141616815742e-01 3.275329227625540240e-01 3.665644630757644573e-01
3.226426017190655027e-01 3.056716294899053388e-01 3.716857687910290475e-01
3.195294006161661926e-01 3.323760658426035408e-01 3.480945335412303221e-01
3.121867517315716212e-01 3.195871499447977548e-01 3.682260983236305685e-01
2.995143833562215474e-01 3.165145289884264135e-01 3.839710876553520946e-01
3.005221331115843775e-01 3.150517044202428285e-01 3.844261624681727940e-01
3.176019201132193048e-01 2.947501555665124062e-01 3.876479243202682889e-01
3.146174413541817372e-01 3.211083967349060986e-01 3.642741619109121642e-01
3.072080501429746979e-01 3.079688756715378561e-01 3.848230741854875570e-01
2.941391614066480864e-01 3.036865005700290499e-01 4.021743380233228637e-01
3.051996647567207788e-01 3.289769840041995574e-01 3.658233512390796638e-01
3.233406289736153738e-01 3.084128852946282362e-01 3.682464857317562790e-01
3.196700625339907731e-01 3.349641885112262241e-01 3.453657489547829473e-01
3.125011371511563496e-01 3.221792405265019310e-01 3.653196223223417749e-01
2.988650612358204617e-01 3.178699521292835950e-01 3.832649866348958878e-01
3.052995131847895949e-01 3.392938179099756479e-01 3.554066689052348682e-01
3.215306957800381782e-01 3.199986503095389456e-01 3.584706539104228207e-01
3.162664106599835101e-01 3.485499303958125572e-01 3.351836589442039327e-01
3.092161940426962352e-01 3.370534479684960116e-01 3.537303579888078642e-01
2.992736181617191571e-01 3.284991215834581202e-01 3.722272602548227227e-01
3.022187576129727882e-01 3.340400102611804645e-01 3.637412321258467474e-01
3.173713411020595010e-01 3.139160560691039992e-01 3.687126028288364443e-01
3.127241146983839037e-01 3.424593649074652579e-01 3.448165203941507273e-01
3.050603991793102709e-01 3.303479404690820020e-01 3.645916603516076160e-01
2.959290168824383338e-01 3.228303299235220081e-01 3.812406531940396581e-01
2.966697902763215100e-01 3.216519359960318125e-01 3.816782737276465665e-01
3.122515712591122927e-01 3.030001104243133514e-01 3.847483183165743559e-01
3.075846454910069472e-01 3.311836784444687209e-01 3.612316760645243874e-01
2.998993045830375404e-01 3.188763824613647380e-01 3.812243129555977217e-01
2.904478106864507025e-01 3.102222763530428362e-01 3.993299129605064057e-01
3.008611154128483234e-01 3.360142205395974524e-01 3.631246640475543352e-01
3.174287237113014304e-01 3.172034536612280964e-01 3.653678226274704732e-01
3.121878529218498621e-01 3.454455731180695044e-01 3.423665739600805225e-01
3.046522871237439811e-01 3.334723024386546109e-01 3.618754104376014080e-01
2.946396504910683833e-01 3.248608744802048420e-01 3.804994750287268301e-01
3.022260738255365675e-01 3.529751999007369467e-01 3.447987262737263192e-01
3.220056512700183449e-01 3.287787676006532767e-01 3.492155811293283785e-01
3.183179905509844754e-01 3.563997592206680221e-01 3.252822502283475026e-01
3.129771359008709508e-01 3.423066985054046829e-01 3.447161655937244218e-01
2.957099672243318489e-01 3.427923681460398608e-01 3.614976646296282348e-01
2.970880849835011994e-01 3.493261918993122994e-01 3.535857231171865567e-01
3.157854257382167740e-01 3.242748925751687272e-01 3.599396816866145543e-01
3.125953602094317385e-01 3.517314891244867070e-01 3.356731506660814990e-01
3.066906646613163367e-01 3.371787272282018022e-01 3.561306081104819166e-01
2.902381679966977712e-01 3.388135818012936173e-01 3.709482502020085559e-01
2.929298156542715637e-01 3.359889542570173027e-01 3.710812300887110782e-01
3.119505424349503508e-01 3.125276745966651393e-01 3.755217829683844544e-01
3.088175212890588717e-01 3.398202893801539060e-01 3.513621893307872779e-01
3.027581992094860452e-01 3.249749141197659785e-01 3.722668866707481428e-01
2.862076586253541888e-01 3.251706094141043057e-01 3.886217319605413945e-01
2.973818581735964139e-01 3.499881458451639116e-01 3.526299959812396745e-01
3.173910530533445851e-01 3.263622527218839608e-01 3.562466942247716206e-01
3.138350534953280313e-01 3.535804203967005677e-01 3.325845261079715121e-01
3.079347488674928357e-01 3.390930111423930970e-01 3.529722399901141783e-01
2.906399985337678182e-01 3.394791260567949776e-01 3.698808754094373707e-01
3.047814179690818692e-01 3.528748629192075548e-01 3.423437191117105760e-01
3.250463084968011063e-01 3.278688911716032828e-01 3.470848003315955554e-01
3.219434403839917525e-01 3.547607800978067050e-01 3.232957795182015426e-01
3.167125488192109040e-01 3.404907157298505682e-01 3.427967354509385278e-01
2.980019461089091770e-01 3.429003171249073167e-01 3.590977367661834507e-01
2.994301204135145222e-01 3.494689596812207144e-01 3.511009199052648189e-01
3.184496578481643136e-01 3.236401803696782320e-01 3.579101617821575099e-01
3.159417388401752347e-01 3.503434771147294069e-01 3.337147840450954139e-01
3.100630589984302854e-01 3.356091873737697129e-01 3.543277536278000572e-01
2.921530058869288293e-01 3.391957511821611093e-01 3.686512429309100614e-01
2.952573396149885121e-01 3.360597799110188189e-01 3.686828804739926135e-01
3.147795942299196903e-01 3.117859844841608385e-01 3.734344212859194156e-01
3.121937353317011388e-01 3.383072918098541382e-01 3.494989728584447231e-01
3.062109748725470593e-01 3.233005395185490349e-01 3.704884856089038503e-01
2.882459964005976705e-01 3.254050158855825159e-01 3.863489877138197581e-01
3.000423376035605272e-01 3.497720550872177592e-01 3.501856073092218802e-01
3.204854148159431149e-01 3.253760905805294645e-01 3.541384946035273651e-01
3.175078320720337577e-01 3.518828247910554263e-01 3.306093431369108715e-01
3.117632563478359708e-01 3.371736721911726131e-01 3.510630714609914715e-01
2.930116041076030187e-01 3.394953801668746940e-01 3.674930157255222873e-01
