EM1 EM2 EM3
6.494384530588473425e-02 7.691933758571307678e-01 1.658627788369845257e-01
8.916677629719450826e-02 7.828261049214061407e-01 1.280071187813993372e-01
9.600396706256569823e-02 7.749372072733757832e-01 1.290588256640585185e-01
9.277036601937253824e-02 7.451027088664542442e-01 1.621269251141732870e-01
7.346442432878595719e-02 7.709135267739546382e-01 1.556220488972592519e-01
3.575173876344441136e-17 8.208066909877187456e-01 1.791933090122812267e-01
8.704094133646611553e-02 7.783121002091821783e-01 1.346469584543515674e-01
9.311993400164959855e-02 7.716941521498295042e-01 1.351859138485208833e-01
9.152575183292316341e-02 7.423023860878050773e-01 1.661718620792717593e-01
7.266921752539595714e-02 7.682782223885089579e-01 1.590525600860951128e-01
2.440938416713845350e-17 8.096427003625719099e-01 1.903572996374280346e-01
8.759314449631075417e-02 7.698521746407936961e-01 1.425546808628955220e-01
9.152570384731056885e-02 7.652745901634590009e-01 1.431997059892302637e-01
8.884196446188023788e-02 7.343763899384394556e-01 1.767816455996802927e-01
7.153849686073857073e-02 7.582514835994915714e-01 1.702100195397698024e-01
4.516074403626738065e-02 7.962815210781369890e-01 1.585577348855956026e-01
8.802985018274514517e-02 7.801938046164145213e-01 1.317763452008403613e-01
9.454267167484865786e-02 7.726195732368639213e-01 1.328377550882873792e-01
9.115848260894714172e-02 7.424158390862711787e-01 1.664256783047815547e-01
7.215286481806544583e-02 7.683197429633764619e-01 1.595273922185580784e-01
1.061468562431065009e-17 7.816956938508227148e-01 2.183043061491773684e-01
2.818089399970217374e-02 7.808830324513349463e-01 1.909360735489628036e-01
2.672444626820109914e-02 7.831615459382401667e-01 1.901140077935586647e-01
6.723018920289212941e-02 7.294429468741652212e-01 2.033268639229426911e-01
6.551234014989966437e-02 7.341675261566157351e-01 2.003201336934845311e-01
3.387182543872799961e-02 7.584963971518358106e-01 2.076317774094361690e-01
7.827785146616839107e-02 7.425924245198911589e-01 1.791297240139404223e-01
7.689159427580384565e-02 7.450324147365817717e-01 1.780759909876143410e-01
6.534154320445481612e-02 7.260316744608863448e-01 2.086267823346588668e-01
6.514414071655011407e-02 7.360980152478183713e-01 1.987578440356314868e-01
0.000000000000000000e+00 7.613947702308293541e-01 2.386052297691707569e-01
7.859280706040656928e-02 7.322291798583526745e-01 1.891780130812408534e-01
7.701241847478423885e-02 7.344442748144583977e-01 1.885433067107574190e-01
6.658678368210434184e-02 7.179490298563285799e-01 2.154641864615671476e-01
4.397657487519619768e-02 7.326545514275250026e-01 2.233688736972788136e-01
0.000000000000000000e+00 7.746511776380550218e-01 2.253488223619450614e-01
2.620081986102702418e-02 7.757598925667165135e-01 1.980392875722565005e-01
2.476967041941339001e-02 7.779931252803372610e-01 1.972372043002492692e-01
6.470324356424003720e-02 7.251251450861726511e-01 2.101716113495872840e-01
6.319953132305101973e-02 7.300629696932597890e-01 2.067374989836891497e-01
2.761263250077240889e-18 7.820422694710187361e-01 2.179577305289811806e-01
7.607811019529438223e-02 7.534904675912093008e-01 1.704314222134963031e-01
7.481021136792005699e-02 7.553518907835991003e-01 1.698378978484808566e-01
6.984475626387166847e-02 7.271824994015801957e-01 2.029727443345481774e-01
7.579160970091873561e-02 7.220396535387638703e-01 2.021687367603173524e-01
0.000000000000000000e+00 7.750603251486014589e-01 2.249396748513984579e-01
7.436430200672378144e-02 7.483985639074803853e-01 1.772371340857959443e-01
7.348454354864182581e-02 7.502092597052364420e-01 1.763061967461216906e-01
6.888079813879117996e-02 7.240398898670625805e-01 2.070793119941461979e-01
4.732267450417376731e-02 7.451287444490659606e-01 2.075485810467602721e-01
3.730909622661348485e-02 7.435477566758266210e-01 2.191431470975598872e-01
7.444699952783502550e-02 7.378255606518434595e-01 1.877274398203215566e-01
7.336186406090018652e-02 7.394261538361874830e-01 1.872119821029124276e-01
7.360334724108423543e-02 7.587439853682582669e-01 1.676526673906575948e-01
4.848463972315960463e-02 7.359177932580612813e-01 2.155975670187791349e-01
0.000000000000000000e+00 7.755556252072259849e-01 2.244443747927740707e-01
7.409804309363900165e-02 7.497018718391486036e-01 1.762000850672122698e-01
2.234679355344719107e-02 7.815502652746429968e-01 1.961029411719098503e-01
6.631891679813929630e-02 7.365568019339084893e-01 1.971242812679521172e-01
4.397901617033862093e-02 7.451455269574925877e-01 2.108754568721687150e-01
1.010037464566491483e-17 8.059041543688394427e-01 1.940958456311604741e-01
8.822074748011864143e-02 7.611724906767131094e-01 1.506067618431682631e-01
3.075748678259584284e-02 8.082819749323787439e-01 1.609605382850254895e-01
6.777252389261870236e-02 7.512922995296530404e-01 1.809351765777281740e-01
6.345150298941598654e-02 7.589873513678202510e-01 1.775611456427638735e-01
0.000000000000000000e+00 7.983357475967948202e-01 2.016642524032051520e-01
8.461925391330681057e-02 7.558694520793405314e-01 1.595112940073526997e-01
8.314565272790884476e-02 7.586412295420543739e-01 1.582131177300369063e-01
6.182860118459620330e-02 7.592457051431520387e-01 1.789256936722519176e-01
5.786570346021288613e-02 7.668163036224711071e-01 1.753179929173159235e-01
1.189024016119103240e-18 7.868128146665407385e-01 2.131871853334592337e-01
8.543884547143740238e-02 7.468881130311288974e-01 1.676730414974337280e-01
8.377079441520451919e-02 7.494564389278192129e-01 1.667727666569764344e-01
6.234059850813446213e-02 7.469292338475587156e-01 1.907301676443069194e-01
6.217269751783462139e-02 7.428090423137139187e-01 1.950182601684514738e-01
0.000000000000000000e+00 7.990180249282229363e-01 2.009819750717770914e-01
3.583083807194562681e-02 7.884876305381459671e-01 1.756815313899083297e-01
8.397701570621692035e-02 7.602296395475758306e-01 1.557933447462071519e-01
6.527753944021542909e-02 7.471768171808134129e-01 1.875456433789711996e-01
6.137332160342981457e-02 7.547078622425522632e-01 1.839188161540178668e-01
0.000000000000000000e+00 8.116385247277132509e-01 1.883614752722868046e-01
9.573118496945791367e-02 7.595296063912474471e-01 1.447392086392947086e-01
9.541297654940519846e-02 7.604603994063892092e-01 1.441266240442056201e-01
2.637216518625878567e-02 7.817589660914479044e-01 1.918688687222932787e-01
2.426126869718186682e-02 7.877996492088589209e-01 1.879390820939590978e-01
3.624799230622323398e-02 7.837166511956069614e-01 1.800353564981697352e-01
4.283217408980824481e-02 7.840682128484346425e-01 1.730996130617572237e-01
4.300120898667391528e-02 7.848705461347237344e-01 1.721282448786022878e-01
7.121833705150570903e-02 7.475607170760812936e-01 1.812209458724129418e-01
2.209645657754637921e-02 7.830405847096457705e-01 1.948629587128079821e-01
0.000000000000000000e+00 7.923840276062631416e-01 2.076159723937368029e-01
9.263563961485439535e-02 7.454729692617592107e-01 1.618913911233862690e-01
4.432743342709747486e-02 7.750286667333079471e-01 1.806438998395944739e-01
7.184156303374458763e-02 7.354968784610470545e-01 1.926615585052083857e-01
2.356832080730898032e-02 7.699054577222300688e-01 2.065262214704608745e-01
0.000000000000000000e+00 8.047221837025181346e-01 1.952778162974818932e-01
1.318022017336396845e-01 7.328645361791796820e-01 1.353332620871807168e-01
9.388617974085551598e-02 7.632623843059421764e-01 1.428514359532023770e-01
7.144761849707474688e-02 7.472214652865709628e-01 1.813309162163543597e-01
6.757166757771934651e-02 7.548939403102311596e-01 1.775343921120495772e-01
3.934322814698576901e-17 8.275913775643702897e-01 1.724086224356296271e-01
9.084201999104958569e-02 7.822664198702531380e-01 1.268915601386973457e-01
9.886069496529321932e-02 7.737952794728811812e-01 1.273440255618255024e-01
9.504614205200802302e-02 7.438920183858557245e-01 1.610618395621362109e-01
7.508463008204896427e-02 7.698750544929732209e-01 1.550403154249776760e-01
9.051239463785295972e-19 8.217273113674917751e-01 1.782726886325082249e-01
8.870649275970436676e-02 7.777716356417859744e-01 1.335218715985096449e-01
9.593878347870393730e-02 7.706252707772756061e-01 1.334359457440203733e-01
9.378301628835707116e-02 7.411235349793777738e-01 1.650934487322651967e-01
7.426756733365390273e-02 7.672531320892780338e-01 1.584793005770680774e-01
4.734263861698467107e-02 7.839907184426122555e-01 1.686666429404031775e-01
8.959499158161211840e-02 7.691875790449466122e-01 1.412174293734412833e-01
9.504920709254770228e-02 7.637674519682320362e-01 1.411833409392201644e-01
9.114751352686845109e-02 7.333259247750185672e-01 1.755265616981129539e-01
7.210167371597042685e-02 7.587617534209472048e-01 1.691365728630825072e-01
4.631444156057600015e-02 7.961932580617141486e-01 1.574923003777098374e-01
8.987585375779821861e-02 7.795171837303146445e-01 1.306069625118871924e-01
9.742944864934746652e-02 7.715433853680683240e-01 1.310271659825842094e-01
9.346372415166645520e-02 7.412638400830662277e-01 1.652724357652671505e-01
7.380682997821283453e-02 7.673319910878770855e-01 1.588611789339099967e-01
0.000000000000000000e+00 7.826367840818400090e-01 2.173632159181600187e-01
7.390442745471260955e-02 7.547526296991841077e-01 1.713429428461032411e-01
7.469441493164852286e-02 7.552858588571237375e-01 1.700197262112276286e-01
6.058043641657586548e-02 7.356926440038027426e-01 2.037269195796213850e-01
5.818429699364090907e-02 7.407942282099990727e-01 2.010214747963599280e-01
2.234261606106111733e-17 7.756930598871020210e-01 2.243069401128980345e-01
1.629232599983615817e-02 7.827916168415501863e-01 2.009160571586136590e-01
1.733595298335651250e-02 7.834301462773600733e-01 1.992339007392834593e-01
5.928096054072234250e-02 7.315009716404892171e-01 2.092180678187884335e-01
5.707996301035436065e-02 7.370146106291117771e-01 2.059054263605337720e-01
0.000000000000000000e+00 7.624169565109000235e-01 2.375830434891000598e-01
7.208607377138737116e-02 7.383720190543232587e-01 1.895419071742893424e-01
7.297924506031593095e-02 7.386875597831376039e-01 1.883331951565464513e-01
5.991412893576426868e-02 7.174862694355594872e-01 2.225996016286761470e-01
3.908899634373657478e-02 7.372278976361752445e-01 2.236831060200882015e-01
0.000000000000000000e+00 7.756484431070275187e-01 2.243515568929725645e-01
7.179145192214596294e-02 7.505044561409531800e-01 1.777040919369009264e-01
7.254394224187588058e-02 7.510776852983314100e-01 1.763783724597926539e-01
5.832577452989632510e-02 7.311228685373976077e-01 2.105513569327060464e-01
5.613519844757428739e-02 7.364454851811974567e-01 2.074193163712281796e-01
0.000000000000000000e+00 7.829614415929966320e-01 2.170385584070033957e-01
6.875233656125614989e-02 7.602854823449261001e-01 1.709621810938177777e-01
6.979534658097928668e-02 7.603902987656995238e-01 1.698143546533211756e-01
6.314291682893857782e-02 7.334625088325950060e-01 2.033945743384663329e-01
4.749286706208770414e-02 7.627283718082292774e-01 1.897787611296830323e-01
2.991759161828688729e-02 7.638657881392714177e-01 2.062166202424415840e-01
6.708831776182569429e-02 7.550557007947048538e-01 1.778559814434693409e-01
6.855306353160847688e-02 7.551061517866439754e-01 1.763407846817474922e-01
6.289431545838865267e-02 7.294330475356326504e-01 2.076726370059787663e-01
6.756086076498608872e-02 7.353500632337538478e-01 1.970890760012600218e-01
3.086138866741051923e-02 7.496457721120058926e-01 2.194928392205835466e-01
1.541405173227450992e-02 7.751140128834476117e-01 2.094719353842779963e-01
6.893430071024710115e-02 7.439559201399440491e-01 1.871097791498087803e-01
6.926056962908423709e-02 7.169677778287015801e-01 2.137716525422141967e-01
4.913960113662132340e-02 7.358765863842375854e-01 2.149838124791411120e-01
2.571890124268455936e-17 7.765344582363998827e-01 2.234655417636000618e-01
6.700618524428693379e-02 7.562824186331991161e-01 1.767113961225139085e-01
6.805321616653248196e-02 7.563743633422053136e-01 1.755724204912621211e-01
6.128539681012734608e-02 7.291053162659129061e-01 2.096092869239597756e-01
5.893933468581589313e-02 7.380963518959063885e-01 2.029643134182778641e-01
0.000000000000000000e+00 8.070938111719490049e-01 1.929061888280509396e-01
2.894737746778560522e-02 8.019750150456110838e-01 1.690776074866034429e-01
8.221558636821935107e-02 7.686277322427419456e-01 1.491566813890386756e-01
6.130937437978558474e-02 7.577675342491415611e-01 1.809230913710729305e-01
5.618563025097252084e-02 7.659741111432771810e-01 1.778402586057502011e-01
7.175394635257708662e-18 7.995027365612633607e-01 2.004972634387366393e-01
2.595117806700251994e-02 7.949095828981261880e-01 1.791392390348713892e-01
7.898609306009178599e-02 7.632263006450439313e-01 1.577876062948643521e-01
5.903010635229209019e-02 7.538462817011736261e-01 1.871236119465343739e-01
5.409189485796214725e-02 7.624728136554719260e-01 1.834352914865660378e-01
9.992311982602950680e-18 7.881011014882075560e-01 2.118988985117925272e-01
7.955443324219235723e-02 7.528376626398343152e-01 1.676079041179733276e-01
8.009270864130808854e-02 7.536977653731550264e-01 1.662095259855368157e-01
6.026633643388120548e-02 7.410603521089911272e-01 1.986733114571276881e-01
7.431040572680459345e-03 7.868564907820836396e-01 2.057124686452357631e-01
0.000000000000000000e+00 8.002629425379002015e-01 1.997370574620998818e-01
2.702399292754045085e-02 8.057747690852454792e-01 1.672012379872140353e-01
8.269236433012717991e-02 7.716367939743151716e-01 1.456708416955576901e-01
6.147141026054112056e-02 7.605591474485847714e-01 1.779694422908740803e-01
5.993123791714997754e-03 7.927503019239756643e-01 2.012565742843094307e-01
1.017354225456812133e-17 8.127984374829674286e-01 1.872015625170325437e-01
3.807243028074273894e-02 7.992508872291268496e-01 1.626766824901305086e-01
3.998066231620515248e-02 7.983747376636727289e-01 1.616446000201221533e-01
6.810555210171205520e-02 7.572011418559686513e-01 1.746933060423191686e-01
1.555050253032968892e-02 7.963639377886171378e-01 1.880855596810531993e-01
6.028493000115522167e-18 8.047838490399844558e-01 1.952161509600155997e-01
8.626336334082249091e-02 7.597364949170758441e-01 1.540001417421017482e-01
3.692400861685828095e-02 7.912993368100993408e-01 1.717766545730425309e-01
6.550716097285484707e-02 7.532469888552113524e-01 1.812458501719337589e-01
1.345412127889979506e-02 7.914067103457440577e-01 1.951391683753563033e-01
4.222280622630148484e-18 7.936538984598137114e-01 2.063461015401862886e-01
3.674348008274268274e-02 7.821348127560530106e-01 1.811217071612044038e-01
8.959035420048065690e-02 7.496922629432113405e-01 1.607173828563081275e-01
6.668039451948493124e-02 7.408308713004011503e-01 1.924887341801139184e-01
6.193361778950641494e-02 7.490964013383413223e-01 1.889699808721523044e-01
1.309402002281616933e-17 8.059557793622638133e-01 1.940442206377362977e-01
1.281209184618415375e-01 7.369357441294507316e-01 1.349433374087077586e-01
8.999266671869814160e-02 7.604111962700961236e-01 1.495961370112056932e-01
6.595927652128424912e-02 7.528047757759970260e-01 1.812359477027187804e-01
1.404038212777483641e-02 7.911198398868273252e-01 1.948397779853978107e-01
5.256714164466267519e-02 7.805163808263362313e-01 1.669164775290012115e-01
9.782376175271249863e-02 7.742467525179602683e-01 1.279294857293272747e-01
1.039668185042679216e-01 7.671744672413152166e-01 1.288587142544169728e-01
9.884268440429533342e-02 7.375948904371730785e-01 1.635624251585316991e-01
7.741986275757055391e-02 7.645381212421529238e-01 1.580420160002765362e-01
5.030530300655600834e-02 7.774946229041059809e-01 1.722000740893379067e-01
9.522691359516914644e-02 7.704965561577515887e-01 1.342765302470793065e-01
1.008697545393576617e-01 7.641645863879688028e-01 1.349656590726734939e-01
9.735320693197005437e-02 7.348308149302780201e-01 1.678159781377520088e-01
7.634519804707481927e-02 7.618628407660703594e-01 1.617919611868548768e-01
4.464569520108948447e-02 7.858226059992613477e-01 1.695316987996492997e-01
9.642158785778875973e-02 7.614919998685812930e-01 1.420864122736299473e-01
1.000917123309889578e-01 7.572137434669908851e-01 1.426945442020201016e-01
9.468544036680820453e-02 7.271257050764304841e-01 1.781888545567612836e-01
7.377501279500177367e-02 7.540796500997662966e-01 1.721453371052319714e-01
4.352090947013401157e-02 7.981784957748587761e-01 1.583005947550072123e-01
9.665843473739502145e-02 7.719809305109784914e-01 1.313606347516266259e-01
1.024608571230448406e-01 7.650012414184973464e-01 1.325379014584577853e-01
9.717465952310122557e-02 7.350500015272297683e-01 1.677753389496690062e-01
7.604553291926278991e-02 7.620443977632260779e-01 1.619100693175112016e-01
0.000000000000000000e+00 7.843056494151628977e-01 2.156943505848371301e-01
1.279071288778663856e-02 7.960941603099535024e-01 1.911151268022599214e-01
7.545823196380266329e-02 7.538078228376692280e-01 1.707339451985280532e-01
5.411673783148828604e-02 7.409336812685628493e-01 2.049495808999488577e-01
4.898688464043675361e-02 7.485710965353800095e-01 2.024420188241832508e-01
5.296733498673123012e-17 7.773646141459511494e-01 2.226353858540489061e-01
7.365380659825603027e-02 7.467402097755463375e-01 1.796059836261975629e-01
7.232044179111604687e-02 7.490533578329796605e-01 1.786262003759042649e-01
3.986382940623292570e-02 7.474384283891498670e-01 2.126977422046172350e-01
4.678411661882983519e-02 7.456062097185468529e-01 2.076096736626233952e-01
2.798460944309962828e-17 7.643096832474105540e-01 2.356903167525895570e-01
7.493483935364142479e-02 7.356540626535719163e-01 1.894110979927866867e-01
7.345689834911976746e-02 7.376636973005827880e-01 1.888794043502973474e-01
5.484250874150244787e-02 7.656946251936540548e-01 1.794628660648435181e-01
6.157057334407132348e-02 7.259166584065190886e-01 2.125127682494097336e-01
9.819292743444150694e-17 7.774759503836708996e-01 2.225240496163289339e-01
7.467324720535079008e-02 7.477428228777986963e-01 1.775839299168505414e-01
7.297093423220138431e-02 7.500434993663934735e-01 1.769855664014050589e-01
6.576197443692381739e-02 7.317343864726196800e-01 2.025036390904565164e-01
6.047930111716452034e-02 7.397305871216893758e-01 1.997901117611461108e-01
1.944476784486998469e-02 7.781871453441263631e-01 2.023680868110037112e-01
6.712171733494069759e-02 7.611764271511507474e-01 1.717018555139086522e-01
6.591992384932200688e-02 7.628877833536982234e-01 1.711922927969796171e-01
6.613445138662077394e-02 7.366263810597047934e-01 1.972391675536745714e-01
4.145807943801757545e-02 7.653137570898849162e-01 1.932281634720974806e-01
1.792680357328629154e-02 7.744350490357766459e-01 2.076381473909369169e-01
6.469697194030610277e-02 7.566411005156323810e-01 1.786619275440615162e-01
6.499754534492097058e-02 7.572213258042739259e-01 1.777811288508049647e-01
6.800291406461576871e-02 7.299309489579689503e-01 2.020661369774153504e-01
4.330150464181340558e-02 7.551921531605986226e-01 2.015063421975879510e-01
1.976232154291356416e-02 7.598437783429166092e-01 2.203939001141698995e-01
6.590554760064865070e-02 7.451951485042417334e-01 1.888993038951095882e-01
6.696845551260240115e-02 7.916896056693647488e-01 1.413419388180328640e-01
6.716961321487875669e-02 7.587502279055305943e-01 1.740801588795906352e-01
3.600710227838498784e-02 7.457445201696303316e-01 2.182483775519846181e-01
1.013530316938738572e-16 7.783310725876810832e-01 2.216689274123187503e-01
6.503576423042357890e-02 7.576037291960177056e-01 1.773605065735585629e-01
6.592348270634361407e-02 8.021056806760651359e-01 1.319708366175910974e-01
6.424803255846589511e-02 7.333480152336825375e-01 2.024039522078514841e-01
5.376617643049540901e-02 7.441818117631544549e-01 2.020520118063502124e-01
0.000000000000000000e+00 8.087148343078269797e-01 1.912851656921730759e-01
8.907637058307113498e-02 7.606249659681150188e-01 1.502986634488139295e-01
8.721995462593711002e-02 7.632976155457465994e-01 1.494824298283163877e-01
5.906087773883367947e-02 7.595629003830688397e-01 1.813762218780974877e-01
5.110905619154475915e-02 7.703574014564519290e-01 1.785335423520032772e-01
7.479177462480463064e-18 8.011494395217425568e-01 1.988505604782573877e-01
2.429584838385588294e-02 7.975509337828440293e-01 1.781532178333002370e-01
2.309508330588067732e-02 8.001728824813911789e-01 1.767320342127281507e-01
5.582778806093890989e-02 7.565373033761040311e-01 1.876349085629570590e-01
4.808213182719114909e-02 7.676427541976063029e-01 1.842751139752026313e-01
2.239991732358160045e-17 7.899543347005102412e-01 2.100456652994896756e-01
8.648889226362603544e-02 7.464279374967172087e-01 1.670831702396567697e-01
8.742938113051032523e-02 7.951124704797157827e-01 1.174581483897738921e-01
5.760797124896395449e-02 7.431857726590018753e-01 1.992062560920341285e-01
4.991115512704264595e-02 7.542750882848411331e-01 1.958137565881161724e-01
1.096867277229705350e-16 8.020468722085080104e-01 1.979531277914919618e-01
8.654493493234297063e-02 7.572569541523682668e-01 1.561981109152887903e-01
2.430308831244725951e-02 8.019594674236306675e-01 1.737374442639220973e-01
5.643495547832785841e-02 7.557315141572199524e-01 1.878335303644522170e-01
4.867946773613644751e-02 7.666888130904387921e-01 1.846317191734248020e-01
2.305280357157619628e-02 8.048321223002645741e-01 1.721150741281593510e-01
3.782071121757778903e-02 8.002301334222139406e-01 1.619491553602082079e-01
3.785917966256596712e-02 8.007171862296809106e-01 1.614236341077530390e-01
6.678456545753741480e-02 7.578701867459036734e-01 1.753452477965589673e-01
5.377234598912422961e-03 8.068203967910239083e-01 1.878023686100636080e-01
0.000000000000000000e+00 8.063989710874784889e-01 1.936010289125214279e-01
1.340096444033943013e-01 7.275365544194505318e-01 1.384538011771551391e-01
9.386008930809523754e-02 7.533031795064359937e-01 1.528367311854687272e-01
6.328929051807595518e-02 7.547738258233688269e-01 1.819368836585551208e-01
2.740384798029797848e-03 8.022680934377454109e-01 1.949915217642246568e-01
0.000000000000000000e+00 7.954620255715483257e-01 2.045379744284516743e-01
9.517718694069314533e-02 7.434176275069578343e-01 1.614051855523489232e-01
9.519234167907421329e-02 7.438024339881890157e-01 1.610052243327368959e-01
6.498166524144723122e-02 7.418572662001942097e-01 1.931610685583585174e-01
5.269606186646018549e-03 7.884132970952723030e-01 2.063170967180817106e-01
5.774416957367835126e-18 8.077051206475953649e-01 1.922948793524046074e-01
9.572330243597645949e-02 7.539298662582125665e-01 1.503468313058109462e-01
9.560940615260504760e-02 7.544740234317580674e-01 1.499165704156369128e-01
6.429274517682395662e-02 7.539336909284121147e-01 1.817735638947639287e-01
5.699927299083320381e-02 7.646037772107278085e-01 1.783969497984388974e-01
4.007744793924843119e-02 8.064180007740363587e-01 1.535045512867151962e-01
8.952198519606774374e-02 7.830606661607939500e-01 1.274173486431382507e-01
9.923029851684782299e-02 7.727186274868492744e-01 1.280510739963028333e-01
9.368752758220320886e-02 7.424475797704942481e-01 1.638648926473025846e-01
7.354362234505623652e-02 7.685470305130657209e-01 1.579093471418780426e-01
3.854585197653119522e-02 8.030893385519796146e-01 1.583648094714891486e-01
8.708139462226821559e-02 7.792462694020024783e-01 1.336723359757294449e-01
9.631978971422999747e-02 7.695792440650831567e-01 1.341009662206867348e-01
9.227850687784258654e-02 7.395952841451780557e-01 1.681262089769793855e-01
7.254932374479548807e-02 7.658167552469057338e-01 1.616339210082988198e-01
4.025710606388620272e-02 7.908340588359612511e-01 1.689088351001524491e-01
8.835578528272476639e-02 7.699806645017166495e-01 1.416635502155586257e-01
9.504304193461519945e-02 7.630399850484375079e-01 1.419169730169471677e-01
8.973021687076619679e-02 7.317419389503109217e-01 1.785278441789229231e-01
6.972145637079320279e-02 7.583772259352882239e-01 1.719013176939185594e-01
3.918942013400689844e-02 8.031146888016702512e-01 1.576958910643228573e-01
8.856198315104736596e-02 7.804371988546383587e-01 1.310008179943142337e-01
9.783478202494200193e-02 7.704902522844129242e-01 1.316749656906450738e-01
9.212097475385565282e-02 7.398142653179204942e-01 1.680647599282238946e-01
7.227031616813223147e-02 7.659884595043677802e-01 1.617412243275000161e-01
0.000000000000000000e+00 7.852005495788885181e-01 2.147994504211114819e-01
6.779207286147651002e-02 7.603471508925049305e-01 1.718607762460186428e-01
6.996294445491411940e-02 7.595930621472137823e-01 1.704439933978721677e-01
4.602358730965750572e-02 7.488183148884831608e-01 2.051580978018592294e-01
4.244994097858974941e-02 7.551343886752215351e-01 2.024156703461887363e-01
0.000000000000000000e+00 7.782317075497228176e-01 2.217682924502771824e-01
6.801197300818466636e-03 7.933375529792087155e-01 1.998612497199729332e-01
9.131982917533776681e-03 7.920388813023386820e-01 1.988291357801274251e-01
5.181930168915566820e-02 7.496881245858683096e-01 1.984925737249759459e-01
3.408513970563904066e-02 7.632911485442164246e-01 2.026237117501445972e-01
0.000000000000000000e+00 7.651744418480905807e-01 2.348255581519094193e-01
6.615955936687771544e-02 7.439777304081219844e-01 1.898627102250003140e-01
6.866414815599015953e-02 7.901044890035857637e-01 1.412313628404240073e-01
4.556908265631689353e-02 7.302854164605261378e-01 2.241455008831569895e-01
4.210866464652272823e-02 7.368811984072927146e-01 2.210101369461844600e-01
5.874449305599403348e-17 7.783256394544035839e-01 2.216743605455962496e-01
7.989694060481946150e-03 7.944882607697749677e-01 1.975220451697430601e-01
6.790635610017906054e-02 7.553951155960350050e-01 1.766985283037859067e-01
4.388683093475743979e-02 7.441514015714524310e-01 2.119617674937901430e-01
4.049098842975756840e-02 7.507091797292204660e-01 2.087998318410220766e-01
0.000000000000000000e+00 7.857774630904531543e-01 2.142225369095468734e-01
5.888221349105186853e-02 7.692096806791502983e-01 1.719081058297977915e-01
6.140690037210197461e-02 7.678424232052233345e-01 1.707506764226746909e-01
5.487638496857809300e-02 7.478594670542446643e-01 1.972641479771772843e-01
3.290251762405951158e-02 7.685150604179441514e-01 1.985824219579963856e-01
0.000000000000000000e+00 7.798624254657404720e-01 2.201375745342593893e-01
6.656783042890808411e-02 7.629348305147296561e-01 1.704973390563623570e-01
5.822783272499523072e-02 7.676508729107791584e-01 1.741212943642254929e-01
5.365253924157598747e-02 7.443230651984894530e-01 2.020243955599346219e-01
5.071603896773893561e-02 7.501635327914191187e-01 1.991204282408420012e-01
0.000000000000000000e+00 7.663258945594346727e-01 2.336741054405652440e-01
5.810432007646283009e-02 7.527481211128691507e-01 1.891475588106680261e-01
6.076251218874810511e-02 7.511912759723968769e-01 1.880462118388550874e-01
3.541225447247899755e-02 7.918961707442395692e-01 1.726915747832814263e-01
5.064349162135793614e-02 7.396955214165146231e-01 2.096609869621275102e-01
8.078049226782781164e-18 7.792707826501245050e-01 2.207292173498756060e-01
1.377467086029532731e-03 8.019007005622263984e-01 1.967218323517440359e-01
5.974783874292224906e-02 7.638032526438469638e-01 1.764489086132308704e-01
5.300470651966460167e-02 7.438931409634187419e-01 2.031021525169165731e-01
4.090199080713341484e-02 7.502414510128977421e-01 2.088565581799688986e-01
9.632698983973495771e-18 8.095161088335578459e-01 1.904838911664420986e-01
7.970119038707931813e-02 7.698633792910339890e-01 1.504354303218868039e-01
8.641988622506692475e-02 7.733773331962456865e-01 1.402027805786874026e-01
5.143520968868495191e-02 7.671439595671397660e-01 1.814208307441753654e-01
4.516788033583909318e-02 7.764902136338762695e-01 1.783419060302846859e-01
0.000000000000000000e+00 8.019374844397825219e-01 1.980625155602176168e-01
7.568216880237686739e-02 7.650475481885834483e-01 1.592702830090396704e-01
7.779520066704759262e-02 7.646808895736766365e-01 1.575239097592757431e-01
4.858221310052079911e-02 7.636704922422068442e-01 1.877472946572723012e-01
5.022020942975312535e-18 8.001577808463429253e-01 1.998422191536571024e-01
1.225087517018669919e-17 7.907349700243452295e-01 2.092650299756547427e-01
2.337002271567147418e-02 7.906595327859263778e-01 1.859704444984021932e-01
7.941573401853393999e-02 7.546354206596453951e-01 1.659488453218206094e-01
5.047906312215202224e-02 7.502899341487277995e-01 1.992310027291201713e-01
4.439646619120016235e-02 7.599586441196536368e-01 1.956448896891462008e-01
0.000000000000000000e+00 8.028080692636306859e-01 1.971919307363692864e-01
7.756884813413864044e-02 7.660329788765838366e-01 1.563981729892774952e-01
7.931481374679429097e-02 7.656552554406503841e-01 1.550299308125552278e-01
4.928456917830172784e-02 7.627773074227962580e-01 1.879381233989020350e-01
4.319201083587374812e-02 7.723288776387632337e-01 1.844791115253630043e-01
7.585422341508574196e-02 7.696448564257537539e-01 1.545009201591606429e-01
1.269808228788826543e-01 7.427462070718794385e-01 1.302729700492379905e-01
3.778723202328197750e-02 8.014957264828186378e-01 1.607170414938993985e-01
6.012353427801436778e-02 7.647109862596254137e-01 1.751654794623601352e-01
5.386898423103832559e-03 8.072737796076062677e-01 1.873393219692898459e-01
1.796965713560489189e-02 8.028873121936205282e-01 1.791430306707746667e-01
3.125557165752081840e-02 7.967807444325254451e-01 1.719636839099538128e-01
3.450544428750144943e-02 7.947705666118597412e-01 1.707239891006387122e-01
5.701242205389563805e-02 7.611902149493003922e-01 1.817973629968040461e-01
5.151718770694670851e-02 7.702590352868529111e-01 1.782237770062002069e-01
1.982142077091680540e-02 7.902250754866312343e-01 1.899535037424520123e-01
1.240664447239648027e-01 7.295940233550205489e-01 1.463395319210145096e-01
3.671106027116871617e-02 7.842415328276176600e-01 1.790474069012135405e-01
5.871925236390002079e-02 7.481279346031851629e-01 1.931528130329148718e-01
5.448611970454263730e-03 7.888005361941129445e-01 2.057508518354328186e-01
1.911744613652830577e-02 8.028525429057563612e-01 1.780300109577153955e-01
3.322713052396075728e-02 7.985338613362026328e-01 1.682390081398366377e-01
1.285303225915593317e-01 7.816836846660969451e-01 8.978599274234361216e-02
5.825322935108300654e-02 8.007970510283780596e-01 1.409497196205389546e-01
8.892079254144719114e-02 7.471943057809938837e-01 1.638849016775590361e-01
8.158652168777691294e-17 8.290506286785096490e-01 1.709493713214901567e-01
9.784234645244625772e-02 7.761826903270020450e-01 1.259749632205517667e-01
1.031487014618775733e-01 7.707333100749724775e-01 1.261179884631499770e-01
9.709573840528096245e-02 7.442412988395998852e-01 1.586629627551191801e-01
7.975280292280152727e-02 7.668586160023584952e-01 1.533885810748399359e-01
5.384346409546300616e-02 7.898058029905105082e-01 1.563507329140265412e-01
9.561428835089574862e-02 7.719133099257312614e-01 1.324724017233729900e-01
1.012308496185841261e-01 7.665019145070992579e-01 1.322672358743166021e-01
9.583401935797425386e-02 7.415013477099852146e-01 1.626646329320406148e-01
7.882746581988897550e-02 7.643757978234352324e-01 1.567967363566757921e-01
5.506399516463761357e-02 7.780145833654289467e-01 1.669214214699334675e-01
9.656315967611944773e-02 7.633258886439816537e-01 1.401109516798988153e-01
1.019215125504854963e-01 7.577595224256716833e-01 1.403189650238428066e-01
9.325149191362143430e-02 7.338226595858695633e-01 1.729258485005090162e-01
7.965227400187327444e-02 7.524324113274474257e-01 1.679153146706793276e-01
5.410094820868461413e-02 7.900971168338402073e-01 1.558019349574752410e-01
9.686041153256273739e-02 7.735761422941180854e-01 1.295634461733193021e-01
1.020993083794465295e-01 7.681694186029647264e-01 1.297312730175888273e-01
9.556362268245993663e-02 7.416653242402643231e-01 1.627710530772757958e-01
1.222355669817352386e-01 7.362122257549924553e-01 1.415522072632723061e-01
3.859764270989222978e-02 7.625889285373966819e-01 1.988134287527111022e-01
8.303394117100615368e-02 7.478535295526391735e-01 1.691125292763545895e-01
8.333609684259883632e-02 7.486046992202228800e-01 1.680592039371783530e-01
7.037100135269042100e-02 7.283343871595334695e-01 2.012946114877760539e-01
6.827218414675352565e-02 7.330570067100088405e-01 1.986708091432375645e-01
3.723538184521291271e-18 7.776965953288799138e-01 2.223034046711200029e-01
8.006539138175113035e-02 7.427480944332184309e-01 1.771865141850303416e-01
8.083284518125473384e-02 7.432522646896040364e-01 1.759148901291411327e-01
6.880087767416397104e-02 7.244984805080100232e-01 2.067006418178260474e-01
6.667909837772074966e-02 7.298762310461769376e-01 2.034446705761022989e-01
3.801250247071193827e-02 7.442333379243807334e-01 2.177541596049074046e-01
8.104270514952931215e-02 7.319926008904438230e-01 1.869646939600268232e-01
8.152090674784293056e-02 7.323654808391765192e-01 1.861136124129805225e-01
6.949507041660792084e-02 7.105925575983337295e-01 2.199123719850583636e-01
6.728871042112197220e-02 7.158783506843907629e-01 2.168329388944872926e-01
0.000000000000000000e+00 7.777260810628321419e-01 2.222739189371677748e-01
8.078708139206933203e-02 7.439744365833219630e-01 1.752384820246087604e-01
8.116751862311494259e-02 7.444839545130327307e-01 1.743485268638523267e-01
6.803530823788757342e-02 7.240482868801143557e-01 2.079164048819981403e-01
6.590891736692996994e-02 7.292530355896312821e-01 2.048380470434388034e-01
0.000000000000000000e+00 7.851129020448238682e-01 2.148870979551761040e-01
7.794970650925495126e-02 7.534264977866004243e-01 1.686237957041445967e-01
7.860414790277504837e-02 7.536051467744554477e-01 1.677907053227694900e-01
7.331851777636511081e-02 7.257481698355178201e-01 2.009333123881171246e-01
7.174842510805395923e-02 7.298160795442044657e-01 1.984354953477416028e-01
4.003672075056999985e-02 7.567868481327068020e-01 2.031764311167232051e-01
7.613411758150730180e-02 7.484806772246235251e-01 1.753852051938691869e-01
7.719986043171771228e-02 7.485928574007394420e-01 1.742072821675429151e-01
7.280763560847215710e-02 7.220312484692625876e-01 2.051611159222651581e-01
7.812467740279102624e-02 7.292683888711787299e-01 1.926069337260302161e-01
4.102816333356840844e-02 7.427331708862758841e-01 2.162386657801558254e-01
7.682226307503731144e-02 7.375984518686895530e-01 1.855792850562731355e-01
7.763680687753202192e-02 7.375355487462454951e-01 1.848276443762225385e-01
7.829539178409208877e-02 7.103723253091063228e-01 2.113322829068015052e-01
7.164303611417818796e-02 7.125451309030856883e-01 2.158118329827360959e-01
1.737928823863567865e-17 7.788112636901910468e-01 2.211887363098088977e-01
1.880610312588819333e-02 7.865239622629988103e-01 1.946699346111129825e-01
7.683257081563402147e-02 7.497948422147784342e-01 1.733725869695875998e-01
7.361757523839099204e-02 7.307646251685142591e-01 1.956177995930947766e-01
6.997794512449621862e-02 7.259767986625454972e-01 2.040452562129581593e-01
6.184661174505529847e-18 8.091501546908401732e-01 1.908498453091598546e-01
3.334034801836208844e-02 7.997612977860771855e-01 1.668983541955608163e-01
9.020324943860340283e-02 7.623100353524178141e-01 1.474867152089789635e-01
7.001257966806306854e-02 7.511870781441890577e-01 1.788003421877478183e-01
6.484035739208734994e-02 7.594057929398149165e-01 1.757538496680976225e-01
0.000000000000000000e+00 8.016442445184270849e-01 1.983557554815727764e-01
8.651207527511309281e-02 7.561065467524544781e-01 1.573813779724325401e-01
8.382569376587345467e-02 7.585620867844807824e-01 1.576122194496458184e-01
6.756163256281273732e-02 7.475872199873048185e-01 1.848511474498823748e-01
6.252668021273666277e-02 7.562565552173917682e-01 1.812167645698717355e-01
3.899357295152541120e-02 7.678483138196521285e-01 1.931581132288223701e-01
8.792080520321708670e-02 7.467819439983499619e-01 1.652972507984329376e-01
8.803535107524063097e-02 7.477256937957854621e-01 1.642389551289739902e-01
6.882350896165378984e-02 7.349026940886289605e-01 1.962737969497171941e-01
6.378958932493211664e-02 7.434438212326321960e-01 1.927665894424356596e-01
1.890750246899724417e-17 8.102737690640958723e-01 1.897262309359042387e-01
8.801643064742686873e-02 7.574763205975247882e-01 1.545072487550483153e-01
8.798566258323957390e-02 7.586013233879959072e-01 1.534130140287643107e-01
6.892353472320039698e-02 7.551881594240902329e-01 1.758883058527093424e-01
6.270273535889704652e-02 7.555602349863909106e-01 1.817370296547119735e-01
3.221691346222702904e-18 8.146766816531626487e-01 1.853233183468374345e-01
4.250189552335303933e-02 7.967208904043514561e-01 1.607772140722955878e-01
1.001041287085496501e-01 7.576995837058773109e-01 1.421962875855730668e-01
7.667590688697877022e-02 7.504592798171354495e-01 1.728648132958857386e-01
7.179463128499083413e-02 7.583898787247983497e-01 1.698154899902108717e-01
0.000000000000000000e+00 8.067306203796137387e-01 1.932693796203862890e-01
1.357758665247036645e-01 7.275491211998856844e-01 1.366750122754105679e-01
9.645548399330029776e-02 7.525540346118758661e-01 1.509904813948239333e-01
7.386865831166804230e-02 7.468568598948195358e-01 1.792744817935125745e-01
1.818666946825444122e-02 7.887988792310511865e-01 1.930144513006944451e-01
3.611728554834291368e-18 7.957721402061131988e-01 2.042278597938868290e-01
1.360459937003242470e-01 7.194620404543391468e-01 1.444919658453366063e-01
9.753706237203618734e-02 7.433800980995213248e-01 1.590828395284424324e-01
7.508930749250757042e-02 7.344620484538618710e-01 1.904486440536305170e-01
1.089130816475321339e-01 7.188205771635214347e-01 1.722663411889463758e-01
0.000000000000000000e+00 8.079632272843458862e-01 1.920367727156540860e-01
9.639207076024795817e-02 7.548028298055623475e-01 1.488050994341898192e-01
9.798092517086427755e-02 7.539711720323947208e-01 1.480479027967409600e-01
7.446996813100259516e-02 7.463226382913791257e-01 1.792073935776182791e-01
6.976146622483891946e-02 7.545084052640957939e-01 1.757301285110653977e-01
