9.241077164116395792e-02 7.058807201312256030e-01 2.017085082276105501e-01
9.133354117060717148e-02 6.978118086221518634e-01 2.108546502072409234e-01
1.048942294569019107e-01 6.830543975079258479e-01 2.120513730351722415e-01
8.268546038369789519e-02 7.274201602998472405e-01 1.898943793164548366e-01
9.117305962683389109e-02 6.999505844729561055e-01 2.088763559002100589e-01
9.004056558157241819e-02 6.912660005872954816e-01 2.186934338311321557e-01
1.034566049606999716e-01 6.766903051080672693e-01 2.198530899312327314e-01
8.174817640192395818e-02 7.218165107409499903e-01 1.964353128571260931e-01
9.155057914687107778e-02 6.878086733304996647e-01 2.206407475226293269e-01
9.043075911000740541e-02 6.786755566214716096e-01 2.308936842685210544e-01
1.039362047987038989e-01 6.645911761749442315e-01 2.314726190263518280e-01
8.217276076130036744e-02 7.097814567488748283e-01 2.080457824898246932e-01
9.078994179806965104e-02 7.013237560719691732e-01 2.078863021299612313e-01
8.940103549573667763e-02 6.923288305998511749e-01 2.182701339044121058e-01
1.031108077567370884e-01 6.779717723128161344e-01 2.189174199304466939e-01
8.096720435642931757e-02 7.225196761045336036e-01 1.965131195390370233e-01
8.104384228168318161e-02 6.834679817106547040e-01 2.354881760076622810e-01
8.101395279531552196e-02 6.734703082410695707e-01 2.455157389636149212e-01
8.904557151634877321e-02 6.666740652266410772e-01 2.442803632570101080e-01
6.514291890165219145e-02 7.125037206301908510e-01 2.223533604681568188e-01
7.986086210358350757e-02 6.765802082127769790e-01 2.435589296836396245e-01
7.978622150238293131e-02 6.660186020049972955e-01 2.541951764926197455e-01
8.767361735940409906e-02 6.594959012049352864e-01 2.528304814356605035e-01
6.422665929078369418e-02 7.062591385921582754e-01 2.295142021170580304e-01
7.980713698113345300e-02 6.631595176307200079e-01 2.570333453881466501e-01
7.973941542097671975e-02 6.521953578891130920e-01 2.680652266899102298e-01
8.769734150030784881e-02 6.461004186412878658e-01 2.662022398584043548e-01
6.406146591413948432e-02 6.930344496033279400e-01 2.429040844825325896e-01
7.883238250187529772e-02 6.782338218236330096e-01 2.429337956744916094e-01
7.840091690424334792e-02 6.673927987957748442e-01 2.542062842999818217e-01
8.669727421828299363e-02 6.608988017937758030e-01 2.524039239879412033e-01
6.283242267206226583e-02 7.069676321556499499e-01 2.301999451722878121e-01
7.690995428312694115e-02 6.892112498811687749e-01 2.338787958357041452e-01
7.514872916382615842e-02 6.817838708383664459e-01 2.430673999978073263e-01
8.561419917266455126e-02 6.717116568785944652e-01 2.426741439487409557e-01
6.167791449723485780e-02 7.173451067048939311e-01 2.209769787978711486e-01
7.640817760389054247e-02 6.829323266843428941e-01 2.406594957117665634e-01
7.470994581068955698e-02 6.746114731509704754e-01 2.506785810383398982e-01
8.516482315963254390e-02 6.646771627879789479e-01 2.501580140523884666e-01
6.170692042531242261e-02 7.109721857356798846e-01 2.273208938390077760e-01
7.608310193624152895e-02 6.692774427041420227e-01 2.546394553596164623e-01
7.447077220891033800e-02 6.605670088653169403e-01 2.649622189257727634e-01
8.497392596165437295e-02 6.512913438801334332e-01 2.637347301582121384e-01
6.137472916372262860e-02 6.977060759035385029e-01 2.409191949327389171e-01
7.490475459469206343e-02 6.844802654386957785e-01 2.406149799666121858e-01
7.287069966636713914e-02 6.759125313155741610e-01 2.512167690180586166e-01
8.358824416759190468e-02 6.661625397996602249e-01 2.502492160327478565e-01
5.967144725111560993e-02 7.119881399191217985e-01 2.283404128297625291e-01
8.194403773873307206e-02 7.034341467815340421e-01 2.146218154797329414e-01
8.235595131718161099e-02 6.930344904663485739e-01 2.246095582164698012e-01
9.018870888331186053e-02 6.860461357250694503e-01 2.237651553916187586e-01
6.549151560981567033e-02 7.337611583949105176e-01 2.007473259952737010e-01
7.970229660086491918e-02 6.971205112985121577e-01 2.231771921006228399e-01
8.003658856860595971e-02 6.860241277735986687e-01 2.339392836577954271e-01
8.796704171536515182e-02 6.792972838720610085e-01 2.327356744125738952e-01
6.381585967162051176e-02 7.272506107483793780e-01 2.089335295800002490e-01
8.021713647183485729e-02 6.845398021576525327e-01 2.352430613705126516e-01
8.065398377628994753e-02 6.729706989848275311e-01 2.463753172388825352e-01
8.853492542463198278e-02 6.668423816491771960e-01 2.446226929261908212e-01
6.422016745782366254e-02 7.152463081061084527e-01 2.205335244360678570e-01
7.963234516971337551e-02 6.986150280079148622e-01 2.217526268223716790e-01
7.970262205459209548e-02 6.871868348005030214e-01 2.331105431449048415e-01
8.786302686013962304e-02 6.805845176794302898e-01 2.315524554604301566e-01
6.321253815733704484e-02 7.282874059984402182e-01 2.085000558442226259e-01
8.894314839408259954e-02 7.004968841833061344e-01 2.105599674226112383e-01
8.850794832324906936e-02 6.911989392826441980e-01 2.202931123941066216e-01
9.594120286885490789e-02 6.847424980158711705e-01 2.193162991152739494e-01
7.105804909799630364e-02 7.327623704281391870e-01 1.961795804738644122e-01
8.641805502206835465e-02 6.941322788666404175e-01 2.194496661112912139e-01
8.597095305485352723e-02 6.839537554191956747e-01 2.300752915259507425e-01
9.332135250051179498e-02 6.777862468170507970e-01 2.288924006824373525e-01
6.901870294978570963e-02 7.263883615060894305e-01 2.045929355441248598e-01
8.677140662566380780e-02 6.818446450338886411e-01 2.313839483404475650e-01
8.658262010872015690e-02 6.710448457235647091e-01 2.423725341677151479e-01
9.396815451622689275e-02 6.655289979407422729e-01 2.405028475430307788e-01
6.958718562952982689e-02 7.142463554750007049e-01 2.161664588954693988e-01
8.680038370938279735e-02 6.954226661098038553e-01 2.177769501808133334e-01
8.602913455472406545e-02 6.851026829352862002e-01 2.288681825099897482e-01
9.367311804026602629e-02 6.791134577528453731e-01 2.272134242068886423e-01
6.888431895350474732e-02 7.272043006974951984e-01 2.039113803490000820e-01
8.883868481547585461e-02 7.089490853836191153e-01 2.022122298009051133e-01
8.791352463153261076e-02 7.006845343776981760e-01 2.114019409907691160e-01
1.014707535448296782e-01 6.861607405209410038e-01 2.123685059342293180e-01
7.882818805656637007e-02 7.307452010293474798e-01 1.904266109140861085e-01
8.757441506223283267e-02 7.029386900470914190e-01 2.094868948906757899e-01
8.658885976375492455e-02 6.940577663197822211e-01 2.193533739164628682e-01
9.994866597237793415e-02 6.797558397888897597e-01 2.202954942387322923e-01
7.787535171899682973e-02 7.250557994370532278e-01 1.970688488439500119e-01
8.829517154705106285e-02 6.904929076800863097e-01 2.212119207728627523e-01
8.733371711755770483e-02 6.811373974508246887e-01 2.315288854316176204e-01
1.008466485339822721e-01 6.672986282463605479e-01 2.318547232196571661e-01
7.863064100247549315e-02 7.127085449879174694e-01 2.086608140096071484e-01
8.737026699094144200e-02 7.042554587408527134e-01 2.083742742682057614e-01
8.614021377289277082e-02 6.950465275815930211e-01 2.188132586455142914e-01
9.980397353581417497e-02 6.809354812560841630e-01 2.192605452081016482e-01
7.724825162323893657e-02 7.257128698951987866e-01 1.970388784815622907e-01
7.601005262060644974e-02 6.873746675894832903e-01 2.366152797899103433e-01
7.622629709663207576e-02 6.770980041744026900e-01 2.466756987289653591e-01
8.404577284036029994e-02 6.706980809605848082e-01 2.452561461990548364e-01
5.956089353810455761e-02 7.171399120015388151e-01 2.232991944603567314e-01
7.471999160064357604e-02 6.805685761751053553e-01 2.447114322242510132e-01
7.501699290419196198e-02 6.693945583114794262e-01 2.555884487843286812e-01
8.265434682511518805e-02 6.634334169976580098e-01 2.539122361772268577e-01
5.876798442174115122e-02 7.103310309533251710e-01 2.309009846249336917e-01
7.497715212592653833e-02 6.667555552559505383e-01 2.582672926181229234e-01
7.501198071456077754e-02 6.555451342698758177e-01 2.694428850155634603e-01
8.312847016423814683e-02 6.496766235627664532e-01 2.671949062729953583e-01
5.893695770850025661e-02 6.968857605762661667e-01 2.441772817152335351e-01
7.399168074482956325e-02 6.819686228350142487e-01 2.440396964201561880e-01
7.381390572350629564e-02 6.708344096881885266e-01 2.553516845883050945e-01
8.190434309353454567e-02 6.647389177481768385e-01 2.533567391582886019e-01
5.745572176544370968e-02 7.112716064975893593e-01 2.312726717369670837e-01
7.160746334956767656e-02 6.933396591617312366e-01 2.350528774887011008e-01
6.997540684387346110e-02 6.857708469019025976e-01 2.442537462542239690e-01
8.037742335439537755e-02 6.759179825314890477e-01 2.437045941141155470e-01
5.585978585744323655e-02 7.219308743770878056e-01 2.222093397654690827e-01
7.114124304353001971e-02 6.869175041738982967e-01 2.419412527825717807e-01
6.968856130903743062e-02 6.782704259136359548e-01 2.520410127773266007e-01
7.995809875285835033e-02 6.687492059640279818e-01 2.512926952831136540e-01
5.594011417667701935e-02 7.154102751370222668e-01 2.286496106863007416e-01
7.130405665655616121e-02 6.728461562651577577e-01 2.558497870782860950e-01
6.989068802770270761e-02 6.639145387373230900e-01 2.661947732349742024e-01
8.021804882105060264e-02 6.550035932435550601e-01 2.647783579353943373e-01
5.596362031227869460e-02 7.018050149961952977e-01 2.422313646915260354e-01
6.981415275996373515e-02 6.884072669123277866e-01 2.417785803277084922e-01
6.791955989978745722e-02 6.797265086773924825e-01 2.523539314228200325e-01
7.857881831140191287e-02 6.701657157768001749e-01 2.512554659117979261e-01
5.416107294035238384e-02 7.160443875756907772e-01 2.297945394839567002e-01
7.723047696828910791e-02 7.073977236446752359e-01 2.153717993870356284e-01
7.791547999588624429e-02 6.966045158129241521e-01 2.254800041911896868e-01
8.548278308537718417e-02 6.901272885542288904e-01 2.243899283603938977e-01
6.020003356841817366e-02 7.382694692219623489e-01 2.015304972096194913e-01
7.487675072325408743e-02 7.011327427043168026e-01 2.239905065724291655e-01
7.561142541607415724e-02 6.895163263170698276e-01 2.348722482668561262e-01
8.320386067921325957e-02 6.833420248154636889e-01 2.334541145053229960e-01
5.849276855499552230e-02 7.316925025266834970e-01 2.098147289183210362e-01
7.609363373377431294e-02 6.879071327102852518e-01 2.359992335559404630e-01
7.628874302845914390e-02 6.765154155955168669e-01 2.471958413760240725e-01
8.421803001914082709e-02 6.705269606981397734e-01 2.452550092827194272e-01
5.937332782374411810e-02 7.191868325802247552e-01 2.214398395960310850e-01
7.517441298839781794e-02 7.022178338331909186e-01 2.226077531784113051e-01
7.546865615058837018e-02 6.905794065943217097e-01 2.339519372550898646e-01
8.334843603518361788e-02 6.845467759362219295e-01 2.321047880285945497e-01
5.816913499913748536e-02 7.323329144798891299e-01 2.094979505209733084e-01
8.484716588384330627e-02 7.039199243178236864e-01 2.112329097983329518e-01
8.465361754723696452e-02 6.941659796078104572e-01 2.211804028449525505e-01
9.182075285045745994e-02 6.883647203370246714e-01 2.198145268125178964e-01
6.632818257424887010e-02 7.368276817529000322e-01 1.968441356728509728e-01
8.222522689913780436e-02 6.975320862606557704e-01 2.202426868402064253e-01
8.200921491534922392e-02 6.870200645240777115e-01 2.309707205605730507e-01
8.918221259007083623e-02 6.814177984594139703e-01 2.293999889505153045e-01
6.433063567387167780e-02 7.300472375572372163e-01 2.056221267688911614e-01
8.335722766592712496e-02 6.845410527599655737e-01 2.321017195741073014e-01
8.288061659320809793e-02 6.739188977832334393e-01 2.432004856235583934e-01
9.018978804928411142e-02 6.687366336357354335e-01 2.410735783149805245e-01
6.525720252684986955e-02 7.177890696785721447e-01 2.169537277945780274e-01
8.286277258698770964e-02 6.986924760791978217e-01 2.184447513338143854e-01
8.234843389144128056e-02 6.879705793281992721e-01 2.296809867803594751e-01
8.972866858985548144e-02 6.825806313828161054e-01 2.276907000273284132e-01
6.434897333036629363e-02 7.309387610164184146e-01 2.047122656532152363e-01
8.703291121737907754e-02 7.086304792266964192e-01 2.043366095559244755e-01
8.626748916441402681e-02 7.002049768245303119e-01 2.135275340110556475e-01
9.579611384097709570e-02 6.891566635914434524e-01 2.150472225675793547e-01
7.242947985896608376e-02 7.346054743701130318e-01 1.929650457709209121e-01
8.491124573899719308e-02 7.033038704390115470e-01 2.117848838219912599e-01
8.405224434771922659e-02 6.943355559843763514e-01 2.216121996679043804e-01
9.348240057700404892e-02 6.833141807305214144e-01 2.232034186924744812e-01
7.065569082492567654e-02 7.295926075031247127e-01 1.997517016719495830e-01
8.601513387585113524e-02 6.902633490540890371e-01 2.237215170700597167e-01
8.527509943812930371e-02 6.809461391332749525e-01 2.337787614285956328e-01
9.478753353900601364e-02 6.704917901056719476e-01 2.347206763553219000e-01
7.188677952438395080e-02 7.166631415118795978e-01 2.114500789637364375e-01
8.526024720871049067e-02 7.042432890840071291e-01 2.104964637072823663e-01
8.421016204418158013e-02 6.949018995066688076e-01 2.208879384491496123e-01
9.391721525089448408e-02 6.841715446279240664e-01 2.219112401211814078e-01
7.061571877546302112e-02 7.298506753518307910e-01 1.995336058727062434e-01
7.657671618933534208e-02 6.854598565206437843e-01 2.379634272900208736e-01
7.693598312618243895e-02 6.751075902396411754e-01 2.479564266341764134e-01
7.968685373171766062e-02 6.729907786908431166e-01 2.473223675774392227e-01
5.464856033995783846e-02 7.202116542301911783e-01 2.251397854298508860e-01
7.427817023163969801e-02 6.795128945652224584e-01 2.462089352031379685e-01
7.451934149455194389e-02 6.686352863097264621e-01 2.568453721957215663e-01
7.727027335102583383e-02 6.664752588139786216e-01 2.562544678349955030e-01
5.290749607894628531e-02 7.139911445435263015e-01 2.331013593775274062e-01
7.503477308282173464e-02 6.651870537168288466e-01 2.597781732003495714e-01
7.517624412866166783e-02 6.540196335939716388e-01 2.708041222773667211e-01
7.827409470517565637e-02 6.523457490809447812e-01 2.693801562138795624e-01
5.374310376405024708e-02 6.998668335664058882e-01 2.463900626695439133e-01
7.418590518516648968e-02 6.805316565340422397e-01 2.452824382807912984e-01
7.420413526821738326e-02 6.692706691797601914e-01 2.565251955520224669e-01
7.722531626155086648e-02 6.673186413303334730e-01 2.554560424081157022e-01
5.230275776188100106e-02 7.145463148803882225e-01 2.331509273577307695e-01
6.875349417735361623e-02 6.944506043860506628e-01 2.367959014365956794e-01
6.734517501251797988e-02 6.865444221592430507e-01 2.461104028282390110e-01
7.292475170172788013e-02 6.809085699707264627e-01 2.461666783275456571e-01
4.757778616938417721e-02 7.279374440825396864e-01 2.244847697480760462e-01
6.741650356106183850e-02 6.887886106884447690e-01 2.437948857504933509e-01
6.587629471425242300e-02 6.801309532811292691e-01 2.539927520046184051e-01
7.156635064773408939e-02 6.745741868234558236e-01 2.538594625288101425e-01
4.656515158822074896e-02 7.222806139258208802e-01 2.311542344859583986e-01
6.796670403992695342e-02 6.742112673495177511e-01 2.578220286105554204e-01
6.653402095056799859e-02 6.652868209243042452e-01 2.681791581251276035e-01
7.238204140866147385e-02 6.601303725051438365e-01 2.674875860861946064e-01
4.739378865174657257e-02 7.077148826306082219e-01 2.448913287176452125e-01
6.673333613798712594e-02 6.896484030800329457e-01 2.436182607819799284e-01
6.497553217789184266e-02 6.809038354923282466e-01 2.541206323297799941e-01
7.090133495410320952e-02 6.755624750530598854e-01 2.535361899928368912e-01
4.541838883612134975e-02 7.226846820025450979e-01 2.318969291613335315e-01
8.090563284182400450e-02 7.027360035338332533e-01 2.163583636243426589e-01
8.169358366208202826e-02 6.918767880911349533e-01 2.264296282467830324e-01
8.454704278822061658e-02 6.896142376799552220e-01 2.258387195318241336e-01
5.896072540414727670e-02 7.381026718879698523e-01 2.029366027078828849e-01
7.780899496860813058e-02 6.970422206740030102e-01 2.251487843573888870e-01
7.838846667858044570e-02 6.857414224324364094e-01 2.358701108889831588e-01
8.123884989626382891e-02 6.835776801695286897e-01 2.351834699342073842e-01
5.627762660648527593e-02 7.324748315546476540e-01 2.112475418388670978e-01
7.887668425277491457e-02 6.839370904624577641e-01 2.371862252847672936e-01
7.954692668325949456e-02 6.721109203705276647e-01 2.483421529462128130e-01
8.267053697143372792e-02 6.704040575992915585e-01 2.469254054292747969e-01
5.758709260351185799e-02 7.193608898138459384e-01 2.230520175826421481e-01
7.850064180246683898e-02 6.980333813082738592e-01 2.234659768892593712e-01
7.885116815769913079e-02 6.863765065446492120e-01 2.347723252976516572e-01
8.205732523170856940e-02 6.843441141076477274e-01 2.335985606606438003e-01
5.652765219702920313e-02 7.328160027067947002e-01 2.106563450961761175e-01
8.923983608712794668e-02 6.984795165472522660e-01 2.122806473656198289e-01
8.911335091746382109e-02 6.886904682476965300e-01 2.221961808348396072e-01
9.158467402707043403e-02 6.870144262749459108e-01 2.214008996979837107e-01
6.591990693096645704e-02 7.357796841947662481e-01 1.983004088742673643e-01
8.585302921454777969e-02 6.927248768692613190e-01 2.214220939161908597e-01
8.551103011235869356e-02 6.825080670084469059e-01 2.319809028791944006e-01
8.802115030737631129e-02 6.807760680356320648e-01 2.312027816569915128e-01
6.296309377101652616e-02 7.300030609335327325e-01 2.070338452954506858e-01
8.688416496571929604e-02 6.797663418295825100e-01 2.333494932046981662e-01
8.667317215610487180e-02 6.689601275747795173e-01 2.443667002691155277e-01
8.949788919239726193e-02 6.677851355041342085e-01 2.427169753034685573e-01
6.426902984045733402e-02 7.170521355396625163e-01 2.186788346198801636e-01
8.694476259160560661e-02 6.936781529046177619e-01 2.193770845037766037e-01
8.648147644291716285e-02 6.830054741437618926e-01 2.305130494133209307e-01
8.920354854578640968e-02 6.814591531720519679e-01 2.293372982821616224e-01
6.360177721421396424e-02 7.303429001378578533e-01 2.060553226479281685e-01
8.093517591772761421e-02 7.144904869807798820e-01 2.045743371014925871e-01
8.348172810561109436e-02 7.029335894674006990e-01 2.135846824269881650e-01
9.700894937290814590e-02 6.884771256508445125e-01 2.145139249762474110e-01
6.877273444293299787e-02 7.384928988469227074e-01 1.927343667101443225e-01
7.895136978373916425e-02 7.090447538881021750e-01 2.120038763281586469e-01
8.139085955538954975e-02 6.969708362890788544e-01 2.216383041555315958e-01
9.476576237094817834e-02 6.827637521497139650e-01 2.224704854793378150e-01
6.713005361018328787e-02 7.333232436087709916e-01 1.995467027810457483e-01
8.008625927145640588e-02 6.960094698062323504e-01 2.239042709223111327e-01
8.253153323324889656e-02 6.834463342673777753e-01 2.340221324993733143e-01
9.603380847157606814e-02 6.696820995316037362e-01 2.342840919968200708e-01
6.833166970869217205e-02 7.203752674104618725e-01 2.112930628808459554e-01
7.939087365443484035e-02 7.098567040540929574e-01 2.107524222914721190e-01
8.165357681214219232e-02 6.973760397206276718e-01 2.209703834672300526e-01
9.532231940546025128e-02 6.833442753269928227e-01 2.213334052675469676e-01
6.716055130174836130e-02 7.334881394941442645e-01 1.993513092041074020e-01
6.591703690414862926e-02 6.949589547317148730e-01 2.391240083641365533e-01
7.015309477814836436e-02 6.810023921567514016e-01 2.488445130651001369e-01
7.797178513239606812e-02 6.746865286808807483e-01 2.473416861867232530e-01
4.680612819417265258e-02 7.273840448431861949e-01 2.258098269626412080e-01
6.380947693777619389e-02 6.887105377915599957e-01 2.474799852706638104e-01
6.790142806857077384e-02 6.742891947006909303e-01 2.578093772307383236e-01
7.571596334260856376e-02 6.680909898734530561e-01 2.561930467839385051e-01
4.522394121191695981e-02 7.210394918058602443e-01 2.337365669822228653e-01
6.472783654637510875e-02 6.740892457568077312e-01 2.611829176968171184e-01
6.856618407245745894e-02 6.595245424530103984e-01 2.719092734745321982e-01
7.669589589743894265e-02 6.536474748420715297e-01 2.696566292604894444e-01
4.606883778149177544e-02 7.068440460469477271e-01 2.470871161715605946e-01
6.387834800291430914e-02 6.895596704510412733e-01 2.465619815460443898e-01
6.772010316621206172e-02 6.747945015817544689e-01 2.574853952520334555e-01
7.581014683601869364e-02 6.687646404303155823e-01 2.554252127336656408e-01
4.472972059915209658e-02 7.214763593272368603e-01 2.337939200736109668e-01
5.898175707308667137e-02 7.032223560832085996e-01 2.377958868437046736e-01
6.141454965967664548e-02 6.917999557696332680e-01 2.467854945706899894e-01
7.183566798153410982e-02 6.821212507233539446e-01 2.460430812951119595e-01
4.046333908522391914e-02 7.346188879246871029e-01 2.249177729900889433e-01
5.772850227919724964e-02 6.973037220662618996e-01 2.449677756545409202e-01
6.018080675113448436e-02 6.851165768022885461e-01 2.547026164465770459e-01
7.057931363565773941e-02 6.755383005964741283e-01 2.538823857678681462e-01
3.978413849932070645e-02 7.285194176882436867e-01 2.316964438124356762e-01
5.852485767994992927e-02 6.825065462998093357e-01 2.589685960202408044e-01
6.087501523958042254e-02 6.701591958449378827e-01 2.689657889154817849e-01
7.143017763656686614e-02 6.611427338111796059e-01 2.674270885522534447e-01
4.062556606429716666e-02 7.140715094480197811e-01 2.453029244876832049e-01
5.715773413873449088e-02 6.983293099748313359e-01 2.445129558864341801e-01
5.935472864780855923e-02 6.857861346791196411e-01 2.548591366730717511e-01
7.002116404520146442e-02 6.763730104555123468e-01 2.536058254992861749e-01
3.878412708859656222e-02 7.286760867088366567e-01 2.325397862025667672e-01
7.070922334348274385e-02 7.120519718960619526e-01 2.172388047604552341e-01
7.510034265670766096e-02 6.977614380457544119e-01 2.271382192975378300e-01
8.257534319188265803e-02 6.914582542702699675e-01 2.259664025378472774e-01
5.148001523322291023e-02 7.451259020226145280e-01 2.033940827441625687e-01
6.776434575339945754e-02 7.061079873920080852e-01 2.261276668545924295e-01
7.198622829156099689e-02 6.914042598268218542e-01 2.366095118816171072e-01
7.952085437360213727e-02 6.853747617269095871e-01 2.351043838994882618e-01
4.901224112933361826e-02 7.392338831091213036e-01 2.117538757615451128e-01
6.910391435562743268e-02 6.927253529793071518e-01 2.381707326650653878e-01
7.319268041327574303e-02 6.776432870096924521e-01 2.491640325770318742e-01
8.094104493894328789e-02 6.720249677179244152e-01 2.470339873431323385e-01
5.037225369116913459e-02 7.262156847977033758e-01 2.234120615111274688e-01
6.859782084858906392e-02 7.069615739412353772e-01 2.244406052101754756e-01
7.261640769773232418e-02 6.918379791902875553e-01 2.355456131119802454e-01
8.043028967718474087e-02 6.859626969503193061e-01 2.336070133724958975e-01
4.939565272016412101e-02 7.393566803320250624e-01 2.112476669478107749e-01
7.980141971678587909e-02 7.070439591933519452e-01 2.131546210898622729e-01
8.317672536900533320e-02 6.939323112230777468e-01 2.228909634079169755e-01
9.026563567830636625e-02 6.883002508594885382e-01 2.214341134622051510e-01
5.926703102701296605e-02 7.419345659657889946e-01 1.987984030071980046e-01
7.656836345819817424e-02 7.010461625433375144e-01 2.223854739984642837e-01
7.976508932775554228e-02 6.875101108989698506e-01 2.327247997732746765e-01
8.685611180104756135e-02 6.820682785068777898e-01 2.310756096920746905e-01
5.654839620578710341e-02 7.357595577443998280e-01 2.076920460498130894e-01
7.784344851001424870e-02 6.878057979842766567e-01 2.343507535057090807e-01
8.096907058685225145e-02 6.738796535707076707e-01 2.451512758424400085e-01
8.817664742343284123e-02 6.688428616315984510e-01 2.429804909449686523e-01
5.787989880503487117e-02 7.229244745710029507e-01 2.191956266239622197e-01
7.777175153543113006e-02 7.018837421807202492e-01 2.203445062838485791e-01
8.084268300333025126e-02 6.878093108076432927e-01 2.313480061890264561e-01
8.812221841291358049e-02 6.826180510767214660e-01 2.292597305103649119e-01
5.724276024886296860e-02 7.362450461905237775e-01 2.065121935606132608e-01
8.859602737444374765e-02 7.077936663147954555e-01 2.036103063107608246e-01
9.034262096318418367e-02 6.969718600214132032e-01 2.126855190154026409e-01
1.034324905552325424e-01 6.829635370672055839e-01 2.136039723775619847e-01
8.034416922304891961e-02 7.278055393605871171e-01 1.918502914163639772e-01
8.705298070975131530e-02 7.019324501185080223e-01 2.110145691717407179e-01
8.869978104045235512e-02 6.905753152040865483e-01 2.207249037554612214e-01
1.016085041153676899e-01 6.766776400325208440e-01 2.217138558521114244e-01
7.907802229473519240e-02 7.223206440173665088e-01 1.986013336878983959e-01
8.767782571110439849e-02 6.894916224151254047e-01 2.228305518737702662e-01
8.930328026802490660e-02 6.776988825728184063e-01 2.329978371591566733e-01
1.022606772639264305e-01 6.642668378868280543e-01 2.334724848492455429e-01
7.971793649900978107e-02 7.099780866902961618e-01 2.103039768106939877e-01
8.698248541624498120e-02 7.032650316609061480e-01 2.097524829228488152e-01
8.840145940987813311e-02 6.915676743725360787e-01 2.200308662175856633e-01
1.015966332498462882e-01 6.778323786165355580e-01 2.205709881336181399e-01
7.861114167765048677e-02 7.229642274467936724e-01 1.984246308755558130e-01
7.511418101524873492e-02 6.872532521538885497e-01 2.376325668308627570e-01
7.840596768977994846e-02 6.741594521814646690e-01 2.474345801287552993e-01
8.550737097179074431e-02 6.684784531381554595e-01 2.460141758900537823e-01
6.047970636365378183e-02 7.153165774389301790e-01 2.242037161974159698e-01
7.348857414629059170e-02 6.806429615648411646e-01 2.458684642888682437e-01
7.666228788044553155e-02 6.670408983965451233e-01 2.562968137230093868e-01
8.377239335026255562e-02 6.614390181750804398e-01 2.547885884746570739e-01
5.934789904822234535e-02 7.086752652112351392e-01 2.319768357405425641e-01
7.378136983207057853e-02 6.666712069879192626e-01 2.595474231800102283e-01
7.662425333944397621e-02 6.530016966888577690e-01 2.703740499716982826e-01
8.412770319736756486e-02 6.476608799998400112e-01 2.682114168027924239e-01
5.934751371727324532e-02 6.953832155306254315e-01 2.452692707521013371e-01
7.292264556410767151e-02 6.820605239099601924e-01 2.450168305259321500e-01
7.578820258390323028e-02 6.681847781162846278e-01 2.560270192998121419e-01
8.320673539613204772e-02 6.627301005734590467e-01 2.540631640304087946e-01
5.819624648011365031e-02 7.096790545911729753e-01 2.321246989287133189e-01
7.120710730714638337e-02 6.928692724434716288e-01 2.359236202493819878e-01
7.259328057194132378e-02 6.823963696799965062e-01 2.450103497480621839e-01
8.226470212116811231e-02 6.734134508304946420e-01 2.443218470483372595e-01
5.721708552964940159e-02 7.198171712505648800e-01 2.229657432197856559e-01
7.038659981003275723e-02 6.866758607273073522e-01 2.429375394626600293e-01
7.183002167696364570e-02 6.753858097559568563e-01 2.527841685670796368e-01
8.150762013284805485e-02 6.664345044649829797e-01 2.520578754021689516e-01
5.696421942578569486e-02 7.134452967828923686e-01 2.295904837913219365e-01
7.065687810884517528e-02 6.724133874070127304e-01 2.569297344841421360e-01
7.198364328608113094e-02 6.610587638230952523e-01 2.669575928908236029e-01
8.164787287655020376e-02 6.527206544952072198e-01 2.656314726282425487e-01
5.679245896211378153e-02 7.000507169117071715e-01 2.431568241261791163e-01
6.920685809348048334e-02 6.882249574733998454e-01 2.425681844331197268e-01
7.034059368875079932e-02 6.766390884053570254e-01 2.530203179058920782e-01
8.030432010277957500e-02 6.678594097383033779e-01 2.518362701589170749e-01
5.524124838482093180e-02 7.144688162455482550e-01 2.302899353696307161e-01
7.626159799818416074e-02 7.074583505800648986e-01 2.162800514217509962e-01
7.982180322008902706e-02 6.939763089940276242e-01 2.262018877858833210e-01
8.672088430424648720e-02 6.881815643653781400e-01 2.250975513303753173e-01
6.083388690822090494e-02 7.368362052055037470e-01 2.023299078862752232e-01
7.373493958184446084e-02 7.011625751412970953e-01 2.251024852768584161e-01
7.717492019742902554e-02 6.871795106367450945e-01 2.356455691658259077e-01
8.413048574223566667e-02 6.815650356120501741e-01 2.343044786457141593e-01
5.884412824178763407e-02 7.304049683034867790e-01 2.107509034547255244e-01
7.448188935104024799e-02 6.884293773045560005e-01 2.370887333444037515e-01
7.786073118013388250e-02 6.740170766652522349e-01 2.481221921546139242e-01
8.506781505335936355e-02 6.688235333300200924e-01 2.461086516166206273e-01
5.960623408561095682e-02 7.180403417276427502e-01 2.223534241867462513e-01
7.402492850041657302e-02 7.025340826560186880e-01 2.234409888435647251e-01
7.718305622718166226e-02 6.882401172532260913e-01 2.345768265195922186e-01
8.443423001901348424e-02 6.828206234092755178e-01 2.327451465717110257e-01
5.868963886872570479e-02 7.309748704050188506e-01 2.103354907262553475e-01
8.408372618141525534e-02 7.035454941057104339e-01 2.123707797128743247e-01
8.667159045434313924e-02 6.911962367934557649e-01 2.221321727522011513e-01
9.316334403190168478e-02 6.860377219628965850e-01 2.207989340052017024e-01
6.708232834743026174e-02 7.350284691944333204e-01 1.978892024581363485e-01
8.125072171156048906e-02 6.971860816262654970e-01 2.215631966621740279e-01
8.371662432143030241e-02 6.843255990238390485e-01 2.319577766547305797e-01
9.020982543282046739e-02 6.793608492982641245e-01 2.304293252689155469e-01
6.482137046160689475e-02 7.283561135674617715e-01 2.068225159709313754e-01
8.198414282068648695e-02 6.846048033492433404e-01 2.334110538300701032e-01
8.443344467576603674e-02 6.712718456886560547e-01 2.442947096355780612e-01
9.115222762734034867e-02 6.666966827705781418e-01 2.421510896020814541e-01
6.562369464299858124e-02 7.160558876957460184e-01 2.183204176612553726e-01
8.191943681399681265e-02 6.985733998186670624e-01 2.195071633673360556e-01
8.418827391420993789e-02 6.852722927402340458e-01 2.305394333455559053e-01
9.093476252745916200e-02 6.805044248766461967e-01 2.285608125958945858e-01
6.495711980496841897e-02 7.293413204104646219e-01 2.057015597845669175e-01
