1.663827661954403458e-01 2.317024569262607636e-01 6.019147768782988628e-01
1.608995953815123281e-01 2.354726931434515946e-01 6.036277114750361328e-01
1.703662508083038929e-01 2.134140942294369403e-01 6.162196549622591668e-01
1.638083663104678012e-01 2.290854504894642429e-01 6.071061832000679281e-01
1.554514561426013630e-01 2.380658665520155870e-01 6.064826773053829667e-01
1.608806750472754621e-01 2.250362020272623775e-01 6.140831229254621881e-01
1.552690995245827599e-01 2.280449711081784514e-01 6.166859293672387610e-01
1.642081054797768225e-01 2.061707834891415847e-01 6.296211110310816483e-01
1.575730805231232712e-01 2.209480606971074013e-01 6.214788587797693831e-01
1.491955477279333919e-01 2.295107471456542536e-01 6.212937051264123545e-01
1.593511733930036145e-01 2.070480021754723121e-01 6.336008244315241011e-01
1.538802473497925816e-01 2.102541114093231522e-01 6.358656412408842939e-01
1.628105212917438371e-01 1.891439633977378409e-01 6.480455153105183497e-01
1.563365730030421563e-01 2.037625303724958092e-01 6.399008966244620344e-01
1.483740187189627191e-01 2.125322065901731339e-01 6.390937746908640360e-01
1.607680312690439872e-01 2.266655248591297744e-01 6.125664438718262383e-01
1.551837111946019476e-01 2.299965720730451357e-01 6.148197167323529166e-01
1.645650263785494449e-01 2.086378162859695851e-01 6.267971573354809145e-01
1.578965872588095065e-01 2.236061143558401298e-01 6.184972983853503914e-01
1.497523509863521451e-01 2.327094357709959538e-01 6.175382132426519011e-01
1.639081625429778533e-01 2.122477290681858419e-01 6.238441083888363048e-01
1.572636169175695708e-01 2.169980101772515380e-01 6.257383729051788634e-01
1.670984461385783271e-01 1.963166132715306877e-01 6.365849405898910129e-01
1.621407503878585787e-01 2.087788938272200634e-01 6.290803557849213856e-01
1.525948417946633162e-01 2.186186818372323204e-01 6.287864763681044744e-01
1.584310383372005138e-01 2.053545744976896237e-01 6.362143871651099181e-01
1.515804525304058903e-01 2.094342466127961100e-01 6.389853008567979442e-01
1.610216665530262714e-01 1.889693144321701601e-01 6.500090190148034575e-01
1.559466578900860212e-01 2.006661841398846291e-01 6.433871579700293220e-01
1.463351937578244999e-01 2.101288103917655636e-01 6.435359958504098810e-01
1.556282792828154737e-01 1.900166061729758882e-01 6.543551145442085826e-01
1.490615817658531295e-01 1.941788430475377414e-01 6.567595751866091014e-01
1.583020832299275871e-01 1.745462635056956036e-01 6.671516532643768649e-01
1.533294150272508927e-01 1.860668249418647169e-01 6.606037600308843905e-01
1.442843790894110245e-01 1.955399139642438888e-01 6.601757069463450867e-01
1.572996473794745498e-01 2.080703725320224018e-01 6.346299800885030207e-01
1.505363329091755353e-01 2.124479892904585776e-01 6.370156778003658316e-01
1.603212868236864042e-01 1.924059319520585731e-01 6.472727812242550227e-01
1.552503659768897093e-01 2.042577469829249814e-01 6.404918870401852260e-01
1.459191411815695394e-01 2.141843115944796760e-01 6.398965472239508401e-01
1.629090157023257712e-01 2.171030806571402350e-01 6.199879036405340216e-01
1.547818735161543835e-01 2.238885785044102406e-01 6.213295479794354037e-01
1.648633406297709270e-01 2.025486028196293864e-01 6.325880565505996866e-01
1.591839535096214453e-01 2.161940485441823379e-01 6.246219979461962168e-01
1.492261177141415429e-01 2.266042345677014846e-01 6.241696477181568614e-01
1.589142307435110757e-01 2.087248555827531937e-01 6.323609136737357028e-01
1.505986613959049980e-01 2.147993748403425884e-01 6.346019637637523303e-01
1.603040438566651904e-01 1.936241733736899229e-01 6.460717827696448312e-01
1.544717246525739995e-01 2.065467872565744101e-01 6.389814880908516459e-01
1.445120206257688722e-01 2.165441882444024690e-01 6.389437911298286865e-01
1.556863874547183835e-01 1.937258541250143906e-01 6.505877584202672814e-01
1.476457291308486408e-01 1.998569325577908840e-01 6.524973383113604752e-01
1.571589376701456597e-01 1.795090619652473518e-01 6.633320003646069329e-01
1.514937663153340386e-01 1.922157618923788225e-01 6.562904717922870557e-01
1.420386307054066211e-01 2.022475551519090642e-01 6.557138141426843703e-01
1.568656291613274301e-01 2.124743779634660767e-01 6.306599928752065765e-01
1.486301011660748350e-01 2.188346624382931926e-01 6.325352363956319168e-01
1.586722007985223726e-01 1.981340951122070870e-01 6.431937040892705681e-01
1.528043429176987045e-01 2.111845035153723238e-01 6.360111535669289440e-01
1.431406513121810942e-01 2.216180126092826275e-01 6.352413360785362784e-01
1.589511832292585802e-01 2.285875760837153547e-01 6.124612406870260095e-01
1.535147302123696933e-01 2.320362768402278730e-01 6.144489929474024059e-01
1.639620364919853746e-01 2.096708648495597405e-01 6.263670986584548572e-01
1.595115064818618256e-01 2.218845325751304109e-01 6.186039609430077357e-01
1.507860924680018422e-01 2.309074947871408712e-01 6.183064127448573144e-01
1.519678649052061403e-01 2.233525257858927082e-01 6.246796093089012070e-01
1.462856343625000555e-01 2.260673518896410272e-01 6.276470137478589173e-01
1.563158660697722691e-01 2.040002313240611986e-01 6.396839026061664768e-01
1.517360286315461992e-01 2.153654215377202585e-01 6.328985498307335700e-01
1.430087729596854762e-01 2.239505125046795109e-01 6.330407145356350407e-01
1.506625296164383065e-01 2.060118759921857057e-01 6.433255943913759323e-01
1.452212605327552475e-01 2.089119222286720812e-01 6.458668172385727546e-01
1.550212545658085361e-01 1.876412406602899208e-01 6.573375047739015153e-01
1.505907169136264656e-01 1.988792331416462389e-01 6.505300499447272955e-01
1.422814446490747731e-01 2.076133780446697830e-01 6.501051773062554995e-01
1.523378745995607741e-01 2.244807334388351783e-01 6.231813919616040476e-01
1.468077399061241683e-01 2.275110130544416576e-01 6.256812470394341741e-01
1.571360757025594690e-01 2.058699150522592947e-01 6.369940092451811253e-01
1.525094627385703561e-01 2.174427826043772161e-01 6.300477546570524279e-01
1.440303791290719615e-01 2.265460723573709534e-01 6.294235485135570851e-01
1.578620480253542790e-01 2.320753508736773663e-01 6.100626011009683269e-01
1.527546330012316822e-01 2.350717065310006793e-01 6.121736604677676663e-01
1.627923210372480833e-01 2.129713706170110188e-01 6.242363083457409534e-01
1.578961019568063950e-01 2.259690110649318351e-01 6.161348869782617976e-01
1.493172884711888582e-01 2.347786296349440027e-01 6.159040818938672501e-01
1.504363009353556768e-01 2.272836927832024845e-01 6.222800062814418665e-01
1.450700500388117931e-01 2.295586670045080824e-01 6.253712829566802078e-01
1.547140387127464989e-01 2.077596687919986973e-01 6.375262924952548316e-01
1.496838577055279729e-01 2.198848124721591579e-01 6.304313298223128692e-01
1.411189542632327598e-01 2.282349725800732199e-01 6.306460731566939648e-01
1.493722541417556171e-01 2.095585458359150166e-01 6.410692000223293663e-01
1.442334883596427808e-01 2.120289482426253591e-01 6.437375633977318046e-01
1.536534485065765288e-01 1.910030823364329555e-01 6.553434691569904880e-01
1.488196200657307400e-01 2.030284520969824202e-01 6.481519278372868120e-01
1.406279994246446285e-01 2.115243140654213816e-01 6.478476865099339621e-01
1.514376378883167951e-01 2.277082390220900310e-01 6.208541230895932017e-01
1.462031404446538230e-01 2.302915681693807060e-01 6.235052913859654433e-01
1.561591945588212960e-01 2.089274895975436197e-01 6.349133158436350843e-01
1.510877504220826673e-01 2.212647042825778010e-01 6.276475452953396150e-01
1.427634987154359492e-01 2.301513117779680206e-01 6.270851895065959747e-01
1.654039724826321667e-01 2.338230586690634993e-01 6.007729688483043340e-01
1.602723425520806710e-01 2.371510790515647393e-01 6.025765783963545896e-01
1.697251590681420341e-01 2.153832591503530847e-01 6.148915817815048257e-01
1.634209183939134558e-01 2.308706744220438145e-01 6.057084071840426187e-01
1.552920730951977968e-01 2.396494788843098189e-01 6.050584480204923565e-01
1.598580808563379030e-01 2.270327688843034597e-01 6.131091502593586373e-01
1.544367539509243492e-01 2.296282872228213034e-01 6.159349588262543751e-01
1.635251515396016209e-01 2.080092654464747171e-01 6.284655830139236343e-01
1.571321176074956250e-01 2.226079106257559392e-01 6.202599717667485191e-01
1.490137019595715873e-01 2.309676889293671431e-01 6.200186091110613251e-01
1.592110768529659548e-01 2.083455202637913561e-01 6.324434028832428556e-01
1.540603409915306810e-01 2.111617756329741136e-01 6.347778833754951222e-01
1.630135964530800563e-01 1.902711491165579027e-01 6.467152544303620409e-01
1.567829859004382098e-01 2.047210800403138631e-01 6.384959340592478716e-01
1.490574892157174869e-01 2.132894319468719990e-01 6.376530788374105141e-01
1.602635974971721444e-01 2.283632057668718573e-01 6.113731967359560260e-01
1.550230566052276937e-01 2.312787297098032879e-01 6.136982136849690184e-01
1.644097638239289672e-01 2.101726880634710859e-01 6.254175481125999747e-01
1.579808366513208995e-01 2.249478751165403245e-01 6.170712882321387482e-01
1.500842306113953362e-01 2.338565112684338476e-01 6.160592581201709272e-01
1.624103469963980306e-01 2.144677472511963556e-01 6.231219057524055582e-01
1.561117494390799887e-01 2.188316514939998569e-01 6.250565990669201266e-01
1.659537715829384197e-01 1.983879965703899129e-01 6.356582318466716952e-01
1.613150562532999488e-01 2.106240002689400148e-01 6.280609434777600919e-01
1.520577736463756546e-01 2.202426134319331874e-01 6.276996129216911857e-01
1.569209915590808468e-01 2.074489981281422979e-01 6.356300103127768830e-01
1.503781687323605676e-01 2.111690058568369832e-01 6.384528254108023937e-01
1.598496836880485827e-01 1.909114675613603762e-01 6.492388487505910133e-01
1.550490032925633255e-01 2.024110154053104516e-01 6.425399813021263062e-01
1.457836554355282088e-01 2.116216194005765550e-01 6.425947251638951530e-01
1.550251923894186423e-01 1.914519119329379793e-01 6.535228956776433229e-01
1.487617140659654447e-01 1.952660098642287068e-01 6.559722760698057931e-01
1.580516944551805802e-01 1.758183425656960897e-01 6.661299629791233023e-01
1.534010616339651079e-01 1.871234409876527394e-01 6.594754973783821805e-01
1.446283246517174326e-01 1.963846928646255374e-01 6.589869824836570578e-01
1.563233190510896209e-01 2.099145191566414159e-01 6.337621617922689632e-01
1.498677285953654847e-01 2.138787483858347327e-01 6.362535230187997826e-01
1.596818062004790040e-01 1.940658322862909013e-01 6.462523615132300669e-01
1.549266210479719186e-01 2.056825361869718816e-01 6.393908427650560888e-01
1.458635032347557481e-01 2.153596199700128500e-01 6.387768767952314297e-01
1.614202159737532227e-01 2.193070090816129358e-01 6.192727749446338414e-01
1.535625070536113801e-01 2.257544381785060450e-01 6.206830547678826582e-01
1.636818571893620400e-01 2.046387875756864039e-01 6.316793552349516672e-01
1.582834661017625544e-01 2.180724215636417884e-01 6.236441123345956017e-01
1.485544008571589303e-01 2.283017321891676610e-01 6.231438669536734087e-01
1.574616213996587188e-01 2.107655544580169515e-01 6.317728241423242741e-01
1.493967957464648888e-01 2.165179799785751646e-01 6.340852242749599466e-01
1.591443648315014614e-01 1.955406179536772482e-01 6.453150172148213182e-01
1.536060177542570293e-01 2.082601533685926321e-01 6.381338288771503109e-01
1.438966324259982332e-01 2.180658141665004490e-01 6.380375534075012345e-01
1.551387346587433658e-01 1.950999770458815008e-01 6.497612882953751612e-01
1.473283384332970958e-01 2.009241592018423672e-01 6.517475023648605648e-01
1.569047803868456603e-01 1.807528248902155743e-01 6.623423947229387654e-01
1.515372369661788510e-01 1.932631556823222463e-01 6.551996073514989583e-01
1.423109355115768637e-01 2.031129108836318697e-01 6.545761536047913776e-01
1.558966770766636867e-01 2.142619236829830520e-01 6.298413992403533168e-01
1.479274337292201535e-01 2.202757504379300457e-01 6.317968158328498562e-01
1.580081740975023130e-01 1.997877423425288290e-01 6.422040835599689412e-01
1.524410716566584889e-01 2.126177420746183377e-01 6.349411862687232011e-01
1.430079859210413584e-01 2.228807823857825721e-01 6.341112316931760695e-01
1.575468463342943881e-01 2.308785861413616136e-01 6.115745675243439150e-01
1.524674913967189460e-01 2.339178560165612875e-01 6.136146525867197665e-01
1.629407199860550270e-01 2.117655762030695998e-01 6.252937038108753454e-01
1.588280981351875842e-01 2.237404562356800075e-01 6.174314456291324360e-01
1.503490041615335726e-01 2.325718476992593986e-01 6.170791481392069455e-01
1.504790032849957215e-01 2.254722236451521811e-01 6.240487730698520696e-01
1.451391504497535623e-01 2.278832154269060384e-01 6.269776341233403993e-01
1.552356787924473736e-01 2.060203645864692734e-01 6.387439566210834085e-01
1.509711770842738499e-01 2.171350086224925757e-01 6.318938142932335467e-01
1.425012016713111673e-01 2.255255013337172376e-01 6.319732969949716228e-01
1.501175512717321803e-01 2.074968185253640851e-01 6.423856302029038456e-01
1.449813127530690249e-01 2.100380050147797051e-01 6.449806822321512145e-01
1.548643085220320625e-01 1.889289136788619705e-01 6.562067777991059669e-01
1.507815516878199813e-01 1.999318189955696656e-01 6.492866293166102976e-01
1.426875670168944732e-01 2.084937234930590577e-01 6.488187094900463858e-01
1.514008983883664838e-01 2.263590022633621135e-01 6.222400993482714027e-01
1.462026655554356236e-01 2.289871324744447434e-01 6.248102019701196053e-01
1.565976187280155585e-01 2.075603700444726141e-01 6.358420112275119385e-01
1.523060500330183642e-01 2.188847158641630819e-01 6.288092341028185261e-01
1.440721772753369989e-01 2.278030812120977189e-01 6.281247415125652545e-01
1.566119733500500044e-01 2.341397804373438196e-01 6.092482462126062037e-01
1.518423930143930067e-01 2.368314029122597641e-01 6.113262040733472569e-01
1.618942096614365833e-01 2.149469380037505872e-01 6.231588523348128295e-01
1.573273079843161004e-01 2.277453412875034833e-01 6.149273507281803886e-01
1.489641669349319741e-01 2.363602815270241797e-01 6.146755515380438739e-01
1.490611778801153309e-01 2.293798642752194750e-01 6.215589578446651942e-01
1.440403000210030149e-01 2.312690335394258223e-01 6.246906664395711628e-01
1.537046621302902427e-01 2.096910887367696430e-01 6.366042491329401143e-01
1.490006524040419222e-01 2.215746151406275954e-01 6.294247324553304823e-01
1.406740511348560929e-01 2.297540534498559162e-01 6.295718954152880187e-01
1.488972958498655519e-01 2.109700424802433416e-01 6.401326616698911343e-01
1.440864395464437342e-01 2.130659956828255541e-01 6.428475647707306839e-01
1.535750377000531797e-01 1.922061148317437407e-01 6.542188474682031352e-01
1.490367462392257758e-01 2.040302067855502277e-01 6.469330469752240242e-01
1.410750440590491372e-01 2.123530499466289578e-01 6.465719059943219049e-01
1.506434973891755125e-01 2.293031633683663972e-01 6.200533392424580903e-01
1.457448516225801349e-01 2.316660374600980066e-01 6.225891109173219418e-01
1.557276794319201740e-01 2.105101090570037359e-01 6.337622115110761456e-01
1.509738468694440672e-01 2.226202802829689020e-01 6.264058728475870863e-01
1.428765795607286893e-01 2.313421976462655405e-01 6.257812227930057425e-01
1.641302052191514205e-01 2.372195902779656307e-01 5.986502045028828656e-01
1.602050459710608332e-01 2.396806068985410654e-01 6.001143471303981292e-01
1.702952684138530626e-01 2.173273438796351209e-01 6.123773877065117333e-01
1.657895160023004355e-01 2.311831112583780656e-01 6.030273727393216099e-01
1.587366356276686541e-01 2.389096876209139686e-01 6.023536767514173773e-01
1.562355900907656525e-01 2.325492701973187748e-01 6.112151397119155449e-01
1.520031908548125088e-01 2.342566117005128457e-01 6.137401974446746733e-01
1.617441869336803950e-01 2.121468416449286132e-01 6.261089714213909918e-01
1.572513291156915072e-01 2.250953855708878459e-01 6.176532853134206746e-01
1.501961791600404661e-01 2.324051939084062768e-01 6.173986269315532294e-01
1.567551164378824524e-01 2.129658898115324162e-01 6.302789937505850482e-01
1.526820051115074517e-01 2.148499040021915329e-01 6.324680908863009599e-01
1.622585639426428750e-01 1.935653401007839114e-01 6.441760959565732136e-01
1.578622802367713185e-01 2.064021476141949252e-01 6.357355721490337563e-01
1.511369221166201926e-01 2.139338189323363448e-01 6.349292589510434626e-01
1.582553213066092979e-01 2.326008216367458081e-01 6.091438570566448663e-01
1.541138217949181433e-01 2.345581100429733334e-01 6.113280681621084955e-01
1.641872441314991549e-01 2.130218882444760986e-01 6.227908676240248020e-01
1.596188182933064026e-01 2.261718129686809964e-01 6.142093687380126843e-01
1.527435446606926484e-01 2.340537687287338742e-01 6.132026866105735330e-01
1.609846841637911641e-01 2.178516438242351916e-01 6.211636720119736443e-01
1.559093204188195247e-01 2.212289022749328871e-01 6.228617773062475882e-01
1.663685639113477721e-01 2.004543443047247797e-01 6.331770917839273372e-01
1.638727284868849998e-01 2.110050540757437421e-01 6.251222174373712859e-01
1.557488183523116354e-01 2.195676272584398681e-01 6.246835543892484965e-01
1.531799487847295416e-01 2.129315701789303017e-01 6.338884810363401012e-01
1.477542230311423566e-01 2.155670643985137247e-01 6.366787125703439187e-01
1.577817322045821091e-01 1.950327080928122847e-01 6.471855597026056062e-01
1.552026090532856173e-01 2.048411097879924703e-01 6.399562811587219402e-01
1.470925730553681032e-01 2.130693646229373517e-01 6.398380623216946006e-01
1.522724124064666062e-01 1.960094863688122691e-01 6.517181012247210692e-01
1.471199983944484480e-01 1.989033618800851166e-01 6.539766397254664909e-01
1.569340877428074543e-01 1.791945504064716421e-01 6.638713618507209313e-01
1.544462673103038086e-01 1.888643157684686547e-01 6.566894169212276200e-01
1.467377217016472002e-01 1.971210038956089650e-01 6.561412744027438348e-01
1.541534759326004811e-01 2.140070377650793998e-01 6.318394863023201191e-01
1.488976126471853456e-01 2.170195142414959311e-01 6.340828731113187233e-01
1.592417378742480016e-01 1.969433244539121330e-01 6.438149376718399486e-01
1.566037709166890057e-01 2.069071952786209201e-01 6.364890338046901297e-01
1.487070224142333086e-01 2.155448920781234956e-01 6.357480855076431681e-01
1.595185848971794329e-01 2.229567894977233233e-01 6.175246256050972438e-01
1.527576300438239221e-01 2.284723733801068135e-01 6.187699965760693477e-01
1.636448941456867812e-01 2.068566459984342576e-01 6.294984598558789335e-01
1.603157124808461953e-01 2.186317430512901006e-01 6.210525444678636209e-01
1.516323993567963713e-01 2.278553665714477816e-01 6.205122340717558194e-01
1.532428768466250202e-01 2.164341119846462658e-01 6.303230111687286863e-01
1.462312492709771372e-01 2.212756770690244845e-01 6.324930736599984060e-01
1.566966405885247271e-01 1.998607966300939565e-01 6.434425627813813442e-01
1.532927307184498711e-01 2.109018914059627992e-01 6.358053778755873298e-01
1.446423950410513359e-01 2.197030025161756106e-01 6.356546024427730535e-01
1.519726126457315307e-01 1.999090000733005079e-01 6.481183872809679336e-01
1.452105020414881098e-01 2.048230709847482511e-01 6.499664269737637223e-01
1.554625530968768987e-01 1.842541653231702381e-01 6.602832815799528632e-01
1.521649359125602785e-01 1.951400992958674252e-01 6.526949647915722963e-01
1.439014622949131572e-01 2.040736332112812190e-01 6.520249044938056793e-01
1.532722296532091910e-01 2.186683687790861308e-01 6.280594015677046782e-01
1.463534496640488125e-01 2.237861345642503386e-01 6.298604157717008212e-01
1.571419820158133640e-01 2.028649826874075468e-01 6.399930352967790892e-01
1.537011743815195342e-01 2.140354015342383065e-01 6.322634240842420761e-01
1.452381059729269674e-01 2.233298849192699997e-01 6.314320091078029495e-01
1.567242168029990557e-01 2.340580285988057008e-01 6.092177545981952713e-01
1.528036070682833314e-01 2.360983260804409012e-01 6.110980668512757674e-01
1.638021705410235840e-01 2.137050169292119828e-01 6.224928125297644055e-01
1.618171201146448301e-01 2.239493601906476505e-01 6.142335196947075193e-01
1.544980474958103089e-01 2.316466969560726230e-01 6.138552555481171513e-01
1.472677693881942196e-01 2.307594795886522276e-01 6.219727510231536360e-01
1.431191720181189397e-01 2.321077852481250037e-01 6.247730427337560011e-01
1.536495561496689644e-01 2.100288806831154265e-01 6.363215631672156647e-01
1.516206051413918621e-01 2.194270658901076865e-01 6.289523289685005070e-01
1.443055385282226433e-01 2.266912816282079246e-01 6.290031798435694599e-01
1.478955079289722419e-01 2.119922974552036210e-01 6.401121946158241371e-01
1.438785755028774982e-01 2.135386934052148633e-01 6.425827310919076663e-01
1.542494230673449873e-01 1.923043306854335943e-01 6.534462462472214739e-01
1.521964255143942735e-01 2.016079702110243344e-01 6.461956042745814477e-01
1.452177673040573602e-01 2.090999918322437590e-01 6.456822408636988531e-01
1.498120611612301922e-01 2.303225423747657929e-01 6.198653964640039593e-01
1.457914286239287704e-01 2.319582800004435508e-01 6.222502913756277065e-01
1.566217747560457174e-01 2.103480836518168418e-01 6.330301415921374408e-01
1.546078296466021351e-01 2.199169167158336879e-01 6.254752536375640659e-01
1.473997085770506199e-01 2.277546211224499295e-01 6.248456703004994228e-01
1.559219834434790453e-01 2.372895786802379781e-01 6.067884378762830044e-01
1.522882793720851391e-01 2.389258249787322430e-01 6.087858956491826179e-01
1.628277621300329991e-01 2.168253065870517360e-01 6.203469312829152926e-01
1.602969077840253609e-01 2.279240794732004805e-01 6.117790127427741309e-01
1.530713646501924707e-01 2.354652762527849885e-01 6.114633590970226518e-01
1.460447983111734516e-01 2.344082554299248833e-01 6.195469462589017207e-01
1.421728909788337325e-01 2.353550321124195932e-01 6.224720769087466188e-01
1.522576339157263037e-01 2.135683180916650992e-01 6.341740479926085694e-01
1.496980571587646081e-01 2.237814752906917837e-01 6.265204675505436915e-01
1.424794767428911590e-01 2.308970259952241311e-01 6.266234972618847099e-01
1.468660686275743421e-01 2.153031622216190766e-01 6.378307691508066091e-01
1.431079774877346278e-01 2.164531977060737966e-01 6.404388248061915201e-01
1.530807119949773865e-01 1.954897564314131420e-01 6.514295315736094993e-01
1.505156454464375848e-01 2.055982191882936849e-01 6.438861353652687303e-01
1.435795066811512422e-01 2.129351583562164862e-01 6.434853349626322716e-01
1.489894699810553336e-01 2.333739857118495298e-01 6.176365443070951367e-01
1.454646264474618311e-01 2.345339033679719187e-01 6.200014701845663057e-01
1.558478869162299441e-01 2.132077912266040209e-01 6.309443218571659795e-01
1.532154821596211913e-01 2.236241669273964228e-01 6.231603509129823859e-01
1.461869955829008250e-01 2.312972006029727357e-01 6.225158038141264116e-01
1.568533742037119261e-01 2.401926728266803313e-01 6.029539529696077427e-01
1.536750862147442664e-01 2.418422924713673483e-01 6.044826213138884130e-01
1.623694273903946717e-01 2.204865045597797502e-01 6.171440680498255782e-01
1.576939771037309257e-01 2.350246117235007259e-01 6.072814111727683484e-01
1.498769789010991615e-01 2.438530222117828716e-01 6.062699988871179668e-01
1.493932971972881663e-01 2.351348140675624532e-01 6.154718887351494638e-01
1.459756496875292964e-01 2.360685941674494082e-01 6.179557561450212955e-01
1.542606367859755412e-01 2.149229467856935416e-01 6.308164164283308617e-01
1.495955848464928239e-01 2.285321163683001477e-01 6.218722987852070005e-01
1.417923530640102237e-01 2.369309840629348352e-01 6.212766628730550522e-01
1.500143932743602804e-01 2.152143201761489155e-01 6.347712865494907764e-01
1.467603473943855652e-01 2.164055586913279927e-01 6.368340939142863588e-01
1.549218288749169004e-01 1.959582993164346587e-01 6.491198718086484964e-01
1.503814479296766704e-01 2.094409254082669758e-01 6.401776266620563538e-01
1.429467000158055889e-01 2.180263666568462988e-01 6.390269333273480568e-01
1.515547233254438408e-01 2.350024627783338094e-01 6.134428138962223498e-01
1.482661827441531799e-01 2.362189831397965289e-01 6.155148341160503467e-01
1.568655989003482631e-01 2.155771035097179822e-01 6.275572975899338379e-01
1.521274788393684740e-01 2.293739612775538561e-01 6.184985598830776699e-01
1.445177623776363884e-01 2.383426202234356361e-01 6.171396173989279754e-01
1.532604324613716928e-01 2.207152162271058815e-01 6.260243513115224534e-01
1.490281687744727246e-01 2.234457436446924405e-01 6.275260875808348349e-01
1.581237969345856975e-01 2.033572189968011201e-01 6.385189840686131824e-01
1.552681835559113210e-01 2.146216750777705518e-01 6.301101413663181550e-01
1.463027236053049407e-01 2.243038309122729335e-01 6.293934454824220426e-01
1.457577421263592243e-01 2.153793894016698962e-01 6.388628684719708239e-01
1.412888106087699935e-01 2.174793064939694875e-01 6.412318828972605189e-01
1.499806150471585386e-01 1.976379830730974341e-01 6.523814018797440273e-01
1.470170324911241055e-01 2.081175781369128674e-01 6.448653893719630270e-01
1.381078427964241018e-01 2.173528710803521447e-01 6.445392861232237536e-01
1.452273415526746936e-01 1.981087464587562574e-01 6.566639119885691045e-01
1.409401823098957174e-01 2.003762031586290016e-01 6.586836145314752811e-01
1.494672440604203623e-01 1.812879822497980020e-01 6.692447736897816357e-01
1.466807245030190554e-01 1.915990808977632021e-01 6.617201945992177148e-01
1.381809305449585024e-01 2.009340278679595249e-01 6.608850415870819450e-01
1.470058320968285481e-01 2.163523876159713921e-01 6.366417802872000875e-01
1.426711834875085405e-01 2.187052195044471292e-01 6.386235970080443858e-01
1.516909753283708362e-01 1.992691761788391025e-01 6.490398484927900613e-01
1.486702173650923664e-01 2.099267077424611661e-01 6.414030748924464120e-01
1.399937412413926885e-01 2.196481223815551220e-01 6.403581363770521895e-01
1.519452311854195548e-01 2.258360711961727163e-01 6.222186976184076457e-01
1.461276433789290286e-01 2.306562692626476230e-01 6.232160873584233762e-01
1.556036376284466172e-01 2.097728509432531807e-01 6.346235114283002021e-01
1.519316709560759315e-01 2.222916526989631714e-01 6.257766763449610359e-01
1.424038871897345959e-01 2.326786554921918826e-01 6.249174573180734660e-01
1.460108830872408059e-01 2.189966971194766410e-01 6.349924197932825809e-01
1.399645709949527694e-01 2.231459347635541546e-01 6.368894942414931037e-01
1.490391626762664623e-01 2.024735090255801173e-01 6.484873282981533649e-01
1.452854697793895533e-01 2.142195842991463373e-01 6.404949459214641649e-01
1.358269488902641431e-01 2.241608884288512071e-01 6.400121626808846775e-01
1.451142129059057317e-01 2.020115936187643901e-01 6.528741934753299336e-01
1.392289133388164846e-01 2.062663998297301349e-01 6.545046868314534638e-01
1.481510443191000337e-01 1.863601818679181399e-01 6.654887738129817709e-01
1.445664174382775558e-01 1.979220532782216546e-01 6.575115292835007619e-01
1.354722020417380157e-01 2.079644219237898883e-01 6.565633760344720127e-01
1.462929564007239835e-01 2.210059388318538764e-01 6.327011047674221400e-01
1.403551972449408880e-01 2.254127243712926443e-01 6.342320783837664955e-01
1.497421365854137987e-01 2.052255513230963613e-01 6.450323120914898123e-01
1.459574002272321924e-01 2.170753437173296996e-01 6.369672560554381358e-01
1.367108047571352070e-01 2.275341343118793547e-01 6.357550609309854384e-01
1.490288200227906923e-01 2.371276530854626308e-01 6.138435268917465937e-01
1.459963293297258657e-01 2.384844681205307015e-01 6.155192025497434605e-01
1.555984787992995833e-01 2.168015264945728493e-01 6.275999947061275952e-01
1.532516700991167213e-01 2.277845323591045079e-01 6.189637975417787707e-01
1.451226398050692590e-01 2.366113755198875901e-01 6.182659846750431232e-01
1.400702259519913118e-01 2.334594671102900587e-01 6.264703069377186573e-01
1.367631384465186895e-01 2.341565248356277940e-01 6.290803367178534611e-01
1.459134620320344522e-01 2.127900428215855622e-01 6.412964951463799856e-01
1.435231090965443934e-01 2.228851663890804025e-01 6.335917245143751764e-01
1.354335657256724168e-01 2.312780927990171764e-01 6.332883414753104345e-01
1.409180617373901601e-01 2.142540372515701341e-01 6.448279010110397058e-01
1.377362615017353187e-01 2.152147289189338397e-01 6.470490095793307583e-01
1.467393216578019577e-01 1.945528159851493966e-01 6.587078623570487013e-01
1.444558711980840626e-01 2.045644504376117334e-01 6.509796783643041485e-01
1.366670752379471609e-01 2.131225691959548751e-01 6.502103555660980749e-01
1.427568261225234669e-01 2.328252423895166290e-01 6.244179314879598763e-01
1.396085036390128931e-01 2.337855978766209541e-01 6.266058984843662083e-01
1.490588040055568775e-01 2.128817184627100068e-01 6.380594775317330880e-01
1.466091214431589629e-01 2.231548259660947053e-01 6.302360525907463318e-01
1.387238789691192242e-01 2.320924520238950850e-01 6.291836690069857463e-01
1.485195485209060140e-01 2.402948819944800973e-01 6.111855694846138887e-01
1.457261623765733483e-01 2.411371687304361411e-01 6.131366688929904551e-01
1.548718431300785958e-01 2.197616179745068843e-01 6.253665388954144921e-01
1.520364731586624496e-01 2.315805262384738883e-01 6.163830006028636621e-01
1.440603553437608819e-01 2.401791423403560333e-01 6.157605023158829738e-01
1.391311358711390389e-01 2.369048320525756757e-01 6.239640320762853687e-01
1.360967000613365618e-01 2.372146441683677387e-01 6.266886557702957550e-01
1.447920870181172714e-01 2.161529723440072381e-01 6.390549406378754904e-01
1.419481385926926742e-01 2.270446174520192595e-01 6.310072439552880663e-01
1.339693798935794045e-01 2.352191114481973211e-01 6.308115086582232189e-01
1.401329989983396418e-01 2.174040048396882752e-01 6.424629961619722218e-01
1.371805308291071390e-01 2.179738642859869735e-01 6.448456048849058320e-01
1.457666474536430112e-01 1.976058941690155835e-01 6.566274583773413775e-01
1.430297591103713850e-01 2.084271238452682362e-01 6.485431170443602955e-01
1.353712078722339174e-01 2.167343890413626073e-01 6.478944030864034476e-01
1.425147536172864937e-01 2.357079781638302118e-01 6.217772682188833500e-01
1.395192831889067175e-01 2.361931397650707254e-01 6.242875770460225571e-01
1.485110591039505712e-01 2.155890044690348673e-01 6.358999364270145893e-01
1.456040883914116735e-01 2.266680345430412968e-01 6.277278770655470019e-01
1.378513310005556047e-01 2.354154800154359128e-01 6.267331889840084269e-01
1.676590715631841866e-01 2.300003464019858834e-01 6.023405820348298745e-01
1.624053351950127400e-01 2.335042578025974258e-01 6.040904070023899175e-01
1.718580703781206476e-01 2.115337733585445912e-01 6.166081562633347612e-01
1.669784583582804294e-01 2.262325728248197054e-01 6.067889688168998097e-01
1.589302681932386052e-01 2.351846616245588661e-01 6.058850701822025009e-01
1.614303736676810930e-01 2.237727821920516280e-01 6.147968441402672513e-01
1.558669803026246914e-01 2.265956540232720307e-01 6.175373656741032224e-01
1.649471063367554668e-01 2.047421207101778884e-01 6.303107729530665893e-01
1.600410996311225076e-01 2.185578185323153733e-01 6.214010818365620636e-01
1.520019773346494019e-01 2.271517490477577561e-01 6.208462736175929253e-01
1.604777608340980377e-01 2.054312520038434342e-01 6.340909871620584726e-01
1.552055241889815917e-01 2.084667580433676448e-01 6.363277177676507357e-01
1.641232958191664315e-01 1.873730100508655405e-01 6.485036941299680002e-01
1.593652390457182266e-01 2.010359851334495851e-01 6.395987758208321328e-01
1.517093363759299540e-01 2.097283123892013379e-01 6.385623512348687081e-01
1.621334066234503823e-01 2.250327793511095464e-01 6.128338140254401267e-01
1.567608311302704505e-01 2.281787819067896961e-01 6.150603869629398535e-01
1.661386246786278054e-01 2.068370320133272600e-01 6.270243433080449069e-01
1.611773548062120642e-01 2.208416639445167362e-01 6.179809812492711441e-01
1.533411313596721726e-01 2.299056266684964822e-01 6.167532419718312342e-01
1.645972095104580035e-01 2.111791809285329113e-01 6.242236095610090851e-01
1.581339437197865905e-01 2.157823571129254825e-01 6.260836991672878993e-01
1.679884418946163138e-01 1.950953966552351759e-01 6.369161614501485102e-01
1.650029639934824099e-01 2.064598535530379197e-01 6.285371824534796703e-01
1.558247075168210649e-01 2.162255986527767959e-01 6.279496938304021114e-01
1.583474846382209866e-01 2.047166995690012092e-01 6.369358157927779152e-01
1.516675138314600990e-01 2.086693910829871268e-01 6.396630950855527464e-01
1.611211969265278765e-01 1.881897198807106208e-01 6.506890831927615304e-01
1.580251968042304944e-01 1.988255233199323901e-01 6.431492798758371432e-01
1.488446422190616292e-01 2.081761922373415730e-01 6.429791655435967979e-01
1.561394998857199845e-01 1.890538721756492846e-01 6.548066279386307587e-01
1.497329765658085010e-01 1.930875702214755740e-01 6.571794532127159805e-01
1.589842602293629059e-01 1.734462912473758445e-01 6.675694485232612774e-01
1.560042396701952494e-01 1.839044485722431677e-01 6.600913117575616385e-01
1.473159129201152828e-01 1.932964935387765648e-01 6.593875935411080969e-01
1.580727734802374329e-01 2.070769204355609738e-01 6.348503060842016765e-01
1.514868109528791085e-01 2.113116383421454469e-01 6.372015507049754168e-01
1.612821202377427710e-01 1.912696035242937298e-01 6.474482762379635270e-01
1.581970883589745858e-01 2.020279999660949954e-01 6.397749116749303910e-01
1.492032093839837092e-01 2.118640477365966168e-01 6.389327428794197017e-01
1.638381967361054181e-01 2.157697635964639371e-01 6.203920396674307280e-01
1.558218492989844328e-01 2.224909323383334470e-01 6.216872183626820370e-01
1.659086003863848302e-01 2.011249862454986548e-01 6.329664133681164317e-01
1.621422808971391960e-01 2.136928173369487538e-01 6.241649017659119947e-01
1.524810111440982885e-01 2.240873185038155246e-01 6.234316703520861314e-01
1.591458003674782740e-01 2.077469571856838115e-01 6.331072424468379145e-01
1.509005900720987725e-01 2.137911138340890527e-01 6.353082960938122303e-01
1.606404889305617090e-01 1.925789999365978833e-01 6.467805111328404077e-01
1.567680016266569665e-01 2.044386653011661670e-01 6.387933330721768943e-01
1.471323559252842028e-01 2.144039706236703091e-01 6.384636734510454881e-01
1.564514293281705493e-01 1.924960330456852164e-01 6.510525376261442343e-01
1.484958800480547514e-01 1.985532704888987587e-01 6.529508494630464899e-01
1.580395353951659088e-01 1.781795949779114707e-01 6.637808696269226205e-01
1.543162506082813856e-01 1.898357172537426252e-01 6.558480321379759337e-01
1.451860039448787110e-01 1.998147498460175198e-01 6.549992462091038803e-01
1.578128770628958455e-01 2.112204369046484231e-01 6.309666860324557591e-01
1.497374631949987545e-01 2.175032973855094698e-01 6.327592394194917480e-01
1.598141908466424455e-01 1.967758174694943518e-01 6.434099916838631472e-01
1.558893675155581249e-01 2.087609484996659492e-01 6.353496839847758704e-01
1.465040636160887255e-01 2.191801555279794533e-01 6.343157808559317656e-01
1.596639997988377468e-01 2.275827403893293244e-01 6.127532598118329288e-01
1.544419430357359679e-01 2.308486712436322585e-01 6.147093857206317180e-01
1.649939418256036183e-01 2.083886054585812053e-01 6.266174527158151486e-01
1.624213192046008170e-01 2.195342580510853681e-01 6.180444227443138150e-01
1.539906095421902377e-01 2.285455294714865415e-01 6.174638609863232208e-01
1.518413115767869581e-01 2.228544505566807665e-01 6.253042378665322198e-01
1.463739838302532403e-01 2.254115925093259920e-01 6.282144236604207954e-01
1.564915135752473208e-01 2.032461670906521578e-01 6.402623193341004937e-01
1.538393437444031120e-01 2.135582463570270817e-01 6.326024098985697508e-01
1.454478151310890088e-01 2.221336338819402956e-01 6.324185509869706401e-01
1.512114324821639266e-01 2.051188012267959881e-01 6.436697662910401130e-01
1.459534272684555045e-01 2.078460712707737579e-01 6.462005014607707931e-01
1.558441269848464261e-01 1.864882064381074289e-01 6.576676665770461172e-01
1.533158296474213256e-01 1.966915671732944182e-01 6.499926031792843117e-01
1.453301805699927784e-01 2.053737524884330923e-01 6.492960669415741570e-01
1.531118628738322995e-01 2.235681274935475693e-01 6.233200096326201312e-01
1.477701667209863345e-01 2.264169160149682725e-01 6.258129172640454208e-01
1.582029451923129826e-01 2.047036140057129638e-01 6.370934408019740536e-01
1.554880986766195017e-01 2.152184032329997332e-01 6.292934980903808206e-01
1.472969825560618007e-01 2.243041772638670883e-01 6.283988401800710832e-01
1.586582754941422146e-01 2.309408034238243090e-01 6.104009210820334763e-01
1.537597501202541961e-01 2.337610459676855712e-01 6.124792039120601217e-01
1.638746638810737732e-01 2.115875949468498662e-01 6.245377411720763883e-01
1.607760027276928794e-01 2.235898713370175761e-01 6.156341259352895445e-01
1.524757631610622888e-01 2.324019299474220923e-01 6.151223068915157022e-01
1.503744907723236213e-01 2.266819969314281535e-01 6.229435122962482252e-01
1.452324409919811266e-01 2.287879711564444751e-01 6.259795878515743706e-01
1.549414523557732515e-01 2.069390915206085479e-01 6.381194561236182006e-01
1.517537169228767580e-01 2.180534910099064250e-01 6.301927920672169003e-01
1.434776415238922243e-01 2.264013440271724908e-01 6.301210144489353127e-01
1.499820441244200109e-01 2.085651276130509324e-01 6.414528282625291400e-01
1.450266053854223358e-01 2.108532589449533812e-01 6.441201356696243385e-01
1.545098750820011468e-01 1.897589539123719915e-01 6.557311710056269449e-01
1.514986626388729885e-01 2.008077529463186128e-01 6.476935844148083987e-01
1.436218776287513099e-01 2.092773398060178702e-01 6.471007825652308476e-01
1.522860117618836107e-01 2.266826869968594782e-01 6.210313012412569389e-01
1.472711703584057841e-01 2.290807029133913042e-01 6.236481267282029117e-01
1.572795629206148182e-01 2.076517320796600063e-01 6.350687049997252309e-01
1.540421300694244933e-01 2.190043570938541850e-01 6.269535128367212939e-01
1.459789821879205474e-01 2.278917061851306325e-01 6.261293116269488479e-01
