1.945764279461152102e-01 4.061900888850280000e-01 4.118832530000757219e-01
2.172772725950139761e-01 4.481801712038916974e-01 4.191144620547079813e-01
2.128340063736571530e-01 4.139207531483791169e-01 4.041266023258266449e-01
1.960607621721539018e-01 3.877419105947033096e-01 4.183695691048838761e-01
2.011975881073929662e-01 3.823266822769559314e-01 4.107297876192188002e-01
1.923184738119100012e-01 4.025726688455531499e-01 4.296887780322367067e-01
2.145001677310795218e-01 4.436554187886093681e-01 4.394225053872320985e-01
2.104338802430490707e-01 4.098662100503490668e-01 4.228631533175614132e-01
1.934877919807380386e-01 3.838687408471267992e-01 4.373828904404610252e-01
1.987622052407644890e-01 3.786239016892950504e-01 4.290501723006959200e-01
1.955193508933496804e-01 3.959043876718771893e-01 4.590110043842310916e-01
2.175919003017798836e-01 4.375371927046550757e-01 4.683924310121374002e-01
2.135836486115662292e-01 4.037155227656855083e-01 4.508756253047428442e-01
1.966812547632213193e-01 3.773427850848219411e-01 4.667895331243410162e-01
2.018931122859412564e-01 3.721155991336299595e-01 4.580682565263330952e-01
1.920437830746910268e-01 4.042090042802194416e-01 4.268916211828870377e-01
2.144361225705361529e-01 4.460047635462770499e-01 4.349869785479148487e-01
2.102970131783311880e-01 4.118767580556417229e-01 4.191540783058030351e-01
1.934575719089083323e-01 3.858704168799272360e-01 4.334807881389261541e-01
1.986380980655040873e-01 3.803812515579552689e-01 4.257438494727580625e-01
1.799407360121281496e-01 3.621947940696845225e-01 4.176316973646702624e-01
1.946580658213717119e-01 4.067110246641366667e-01 4.234821882778150304e-01
1.932936348684089478e-01 3.739800884520303459e-01 4.089019868817945214e-01
1.784541642527475713e-01 3.494044827210977533e-01 4.232943881435445865e-01
1.844497104509577878e-01 3.441368018131761297e-01 4.152633719650111188e-01
1.778051120204078572e-01 3.588069769973952772e-01 4.359636134539035535e-01
1.921889331729529915e-01 4.025201350840716952e-01 4.440326087371798680e-01
1.910589486938753523e-01 3.701962168504636663e-01 4.279487415318782295e-01
1.760625082614430126e-01 3.457359043933523335e-01 4.426855825884751239e-01
1.821908588300438780e-01 3.406317477140284322e-01 4.339331515144796980e-01
1.801145576434651507e-01 3.537079839626339206e-01 4.658128842335172437e-01
1.944138554426072807e-01 3.979904752849104943e-01 4.732422872085062515e-01
1.933297739004903593e-01 3.655632611138781018e-01 4.564336529336424642e-01
1.783827774031753188e-01 3.408933194130362443e-01 4.724627050198770828e-01
1.844656612346183278e-01 3.357346258797339611e-01 4.632780138940357229e-01
1.767508095680553615e-01 3.608902044951342036e-01 4.332088909562550882e-01
1.912504625410373360e-01 4.051880701071962632e-01 4.397964623677677043e-01
1.901176703370391075e-01 3.725524958450067703e-01 4.244369265470884223e-01
1.752180653767467233e-01 3.481297207460452570e-01 4.389125628100863930e-01
1.812632242863698728e-01 3.428138429814725496e-01 4.307327732908075579e-01
1.785957628074280878e-01 3.780951791067022061e-01 4.214710123088227234e-01
1.912508473695338496e-01 4.267395155885348457e-01 4.272408161552381234e-01
1.903931882126448927e-01 3.921058271634373371e-01 4.124470814375287842e-01
1.753165331866168852e-01 3.668498547293658207e-01 4.265737312857864616e-01
1.828376439967859812e-01 3.595087964365753508e-01 4.188817375545839661e-01
1.775400857390715403e-01 3.737566386652839134e-01 4.394224486629280668e-01
1.899057345558414767e-01 4.215879990423303525e-01 4.473336257650069037e-01
1.892514988542862153e-01 3.873926062314502761e-01 4.310596058728883295e-01
1.740367313422717110e-01 3.621755887361105541e-01 4.455645604304110385e-01
1.816526635533651512e-01 3.551372995000017241e-01 4.372665181879125118e-01
1.794871615977255697e-01 3.687190970486489139e-01 4.694925038162943709e-01
1.917574443798412409e-01 4.171095950170204403e-01 4.769171288517878304e-01
1.911327154988926302e-01 3.828373204590969081e-01 4.598640620716463179e-01
1.759394433265248081e-01 3.573375216209268568e-01 4.756166513739931156e-01
1.835509091137231263e-01 3.503343221341520541e-01 4.668741933979534964e-01
1.757552169172802436e-01 3.765074615580374373e-01 4.368537696136895465e-01
1.881984645090657438e-01 4.249391680061462839e-01 4.434794303940903792e-01
1.875649519650209318e-01 3.904213324317347134e-01 4.277903498652626535e-01
1.724449824407229548e-01 3.652768683264432936e-01 4.420061482475159953e-01
1.799880130091250918e-01 3.580194888640353401e-01 4.342638641546315292e-01
1.795399353016974564e-01 3.886419951709680909e-01 4.110337968709021350e-01
1.990035253301393192e-01 4.309099768952999177e-01 4.174060706337079374e-01
1.962386883193734111e-01 3.974831300368505405e-01 4.029101533372732025e-01
1.799650778791122563e-01 3.728708596702512423e-01 4.172838045945944097e-01
1.850587861969204551e-01 3.681007060068438586e-01 4.093734316693575792e-01
1.761350412084877470e-01 3.860624931036162888e-01 4.295254379215459051e-01
1.952001813687802012e-01 4.274728943904807510e-01 4.383117965048278775e-01
1.927434181207824393e-01 3.944671571499309692e-01 4.222245036062338142e-01
1.763074175040107716e-01 3.700334509491420842e-01 4.368262802154170843e-01
1.815471143000621235e-01 3.654050787794263511e-01 4.281906575297704798e-01
1.793100458214200721e-01 3.801139257755739020e-01 4.584254190267751383e-01
1.983415482029187438e-01 4.220619003623315435e-01 4.667314636916984338e-01
1.958490154713304066e-01 3.889992920280955224e-01 4.499375947914164842e-01
1.794543524841165083e-01 3.641930071419732240e-01 4.659210262307063033e-01
1.846706632603215548e-01 3.595846727876018667e-01 4.568397485450998441e-01
1.762249202012190208e-01 3.873292248143914707e-01 4.265039417127356458e-01
1.954894261467618188e-01 4.293786759201962955e-01 4.337353645657944790e-01
1.929703686001354168e-01 3.960607072558154362e-01 4.182871680738797782e-01
1.766018993161382888e-01 3.716424530913839397e-01 4.327982766511028201e-01
1.817473454265529920e-01 3.667905593626810679e-01 4.247588382132528317e-01
1.786125398046884138e-01 3.930168509771560514e-01 4.069857916467627956e-01
2.008973366943660743e-01 4.322329592882218630e-01 4.140218508734692660e-01
1.968671404039601947e-01 3.999963506669677038e-01 3.994261876017983215e-01
1.811183760499873729e-01 3.746408169446059366e-01 4.140663119642191137e-01
1.839421843123131839e-01 3.724933939014715700e-01 4.054860853030495260e-01
1.748487354851203379e-01 3.906835422801855917e-01 4.255576562437373145e-01
1.967128726212082623e-01 4.290472894377874158e-01 4.350586490170012532e-01
1.930349416780751393e-01 3.972078984751784558e-01 4.188559249627225034e-01
1.770904923445604795e-01 3.720746752675734292e-01 4.336851904947026659e-01
1.800761396987953789e-01 3.700486662008508620e-01 4.243695974305085050e-01
1.781543684718682741e-01 3.845841265772863560e-01 4.542510349262435243e-01
2.000095741502379287e-01 4.234708875689374707e-01 4.633075056622928956e-01
1.962496012127405987e-01 3.916114289251073077e-01 4.464030167690898887e-01
1.803776512795607634e-01 3.660678761539730153e-01 4.626377298424287909e-01
1.833256203376910087e-01 3.640873421628524342e-01 4.528245826196825585e-01
1.754390997444061351e-01 3.915280154995537387e-01 4.224433501891023401e-01
1.975286633408132597e-01 4.305317300829375471e-01 4.303437485222268433e-01
1.936985408315154700e-01 3.984419059267876317e-01 4.148952598967009520e-01
1.778874104579566129e-01 3.732559948866889799e-01 4.295720175078080461e-01
1.807661950949054908e-01 3.710128824358477906e-01 4.208633355719326730e-01
1.945795003382165267e-01 4.100117943424834710e-01 4.122652666469165950e-01
2.177727987456459791e-01 4.519205816017077826e-01 4.194007267629229485e-01
2.149058582745264345e-01 4.161873824876712868e-01 4.041051078943535546e-01
1.969860727416082313e-01 3.908384787925583415e-01 4.184072144420546979e-01
2.025935382584640732e-01 3.850931465351453697e-01 4.106524794901562636e-01
1.922741694257853740e-01 4.063204333645726862e-01 4.303361879380812050e-01
2.150407229159688183e-01 4.473268936790738559e-01 4.399097483623866656e-01
2.124733930868779042e-01 4.120153265900214912e-01 4.229995758504311310e-01
1.944022813368254110e-01 3.868299975987807837e-01 4.375586582310713735e-01
2.001534601391689594e-01 3.812628686703985470e-01 4.291058118178980862e-01
1.961670808993389581e-01 3.990029292705110087e-01 4.595389580332113755e-01
2.187747959015700627e-01 4.406274919882941510e-01 4.687221706011145961e-01
2.162877185053774243e-01 4.052803626977514728e-01 4.509009674541424872e-01
1.982689404309891934e-01 3.797391946903990734e-01 4.668049873631122670e-01
2.039885633427875600e-01 3.741530442951310209e-01 4.579616831555054501e-01
1.924007870380196605e-01 4.076812419848717672e-01 4.272357343818123931e-01
2.153445755685239604e-01 4.494010500841116307e-01 4.352713235479147569e-01
2.126859543002235509e-01 4.137523262158844806e-01 4.191108362723710012e-01
1.947284865051421565e-01 3.885640276228080614e-01 4.334678008620923562e-01
2.003854204784142612e-01 3.827419574178588246e-01 4.256167902262216751e-01
1.791721240208810628e-01 3.658232079216105492e-01 4.183542448699936189e-01
1.940813963238330331e-01 4.104713617096796829e-01 4.240846679410620323e-01
1.944685493218247518e-01 3.762671561164363521e-01 4.091693896565135047e-01
1.785304445915492366e-01 3.524196356961690757e-01 4.236046734211653675e-01
1.850695624549531515e-01 3.468175237929443933e-01 4.154476615901397385e-01
1.770332041673466916e-01 3.623024640554732834e-01 4.368307974556003836e-01
1.915734211005579168e-01 4.061936641283783178e-01 4.447914646466806232e-01
1.922218421133531641e-01 3.723870147432040145e-01 4.283481398941914597e-01
1.761349596333204315e-01 3.486376990641852913e-01 4.431428732860291930e-01
1.828418584243650946e-01 3.430234968777824411e-01 4.342306941929964803e-01
1.800301386094022293e-01 3.566725372183993659e-01 4.664842989115625116e-01
1.945086860831155562e-01 4.011067853765179492e-01 4.739534781707586686e-01
1.951861232468858620e-01 3.672192713310114542e-01 4.567162107046789932e-01
1.791240918985566866e-01 3.432131959681612998e-01 4.728204834950027191e-01
1.857891255898063698e-01 3.377910980419601139e-01 4.634569925777026200e-01
1.763301995253895027e-01 3.641397038844713108e-01 4.338575090661688227e-01
1.910337639167563606e-01 4.085910383259486744e-01 4.403694933527708133e-01
1.916301555587566485e-01 3.744971922810406695e-01 4.246466014901503216e-01
1.756507829324554237e-01 3.507878529653973843e-01 4.391599307666262386e-01
1.822434527035227125e-01 3.451337788146249808e-01 4.308543482774948030e-01
1.776491170082886151e-01 3.819576972275363635e-01 4.222875108812650380e-01
1.903888377030075463e-01 4.308195544535740606e-01 4.279758117234610526e-01
1.913129394781439008e-01 3.946285708230879430e-01 4.128282291710805851e-01
1.751320906793393251e-01 3.701263942120441852e-01 4.269888398727629819e-01
1.832596314197684761e-01 3.624906807480705040e-01 4.192495197147577124e-01
1.766337173906616098e-01 3.774716739614047967e-01 4.404140870068611879e-01
1.890726623993107536e-01 4.255330493068675835e-01 4.482295357002377134e-01
1.902236824594832343e-01 3.897807096210392230e-01 4.315628055165960375e-01
1.739113002068978786e-01 3.653487055228434865e-01 4.461399173133583917e-01
1.821474182487028692e-01 3.578826424928797101e-01 4.376951724118788856e-01
1.792467021562141327e-01 3.719105724364856203e-01 4.703653561980227771e-01
1.915913432565757024e-01 4.205209364151289986e-01 4.777103443143866368e-01
1.927630953440312156e-01 3.846945338579902951e-01 4.602569917047009684e-01
1.764960655584640048e-01 3.599369662186446273e-01 4.760336947987949263e-01
1.847314443766431280e-01 3.524878706229815362e-01 4.671488898446545246e-01
1.751725061238298964e-01 3.799945509590443304e-01 4.376188163261542918e-01
1.877067827544684209e-01 4.286510865020471961e-01 4.441325182893611223e-01
1.888629712205778244e-01 3.925640151372191688e-01 4.280555386696647813e-01
1.726467682799449899e-01 3.682094928216504415e-01 4.423587892418234802e-01
1.808076630368584403e-01 3.605161725609600243e-01 4.344870481669019791e-01
1.788586181496130412e-01 3.925110016599230311e-01 4.115238767147205157e-01
1.987237464817136479e-01 4.348224200253910099e-01 4.178026607926776936e-01
1.976079641352474769e-01 3.998801893560090526e-01 4.029613484371877830e-01
1.801893893594908869e-01 3.760537430564745986e-01 4.173856882374879507e-01
1.857667024623465835e-01 3.709912313394930217e-01 4.093857402715094795e-01
1.755273203603117671e-01 3.898278894443582554e-01 4.301477767288096610e-01
1.948431838315490550e-01 4.313051792699913456e-01 4.388662116443057815e-01
1.940382055962006080e-01 3.967982569494385436e-01 4.224630109979321535e-01
1.764641907777554086e-01 3.731205056232405615e-01 4.370976261278116670e-01
1.822160478635164171e-01 3.682420396459381018e-01 4.283448190341095918e-01
1.792620290742832356e-01 3.833629688491401177e-01 4.589284708550534497e-01
1.987048882455925147e-01 4.253217785997374656e-01 4.671454039796557600e-01
1.978226298233808078e-01 3.907872561550493895e-01 4.500523169697601689e-01
1.803261648145149387e-01 3.667637330417617969e-01 4.660315964450383874e-01
1.860438321484899904e-01 3.618005646237498207e-01 4.568481296286532878e-01
1.758590953189035910e-01 3.908438634319963967e-01 4.269587994969383238e-01
1.955239696619387457e-01 4.329355695500492485e-01 4.340917867511563943e-01
1.946068828852878241e-01 3.981426781045656615e-01 4.184352619966842934e-01
1.771498700508142565e-01 3.744594726581050304e-01 4.328589318067100344e-01
1.827978121056230421e-01 3.693482370174230311e-01 4.247254191239152044e-01
1.781176524054560728e-01 3.967178463902525376e-01 4.074507920194785915e-01
2.009591290755530779e-01 4.358748078866809816e-01 4.144081343022983921e-01
1.984861929559333660e-01 4.021819598455380618e-01 3.994005148395519678e-01
1.815962133309594329e-01 3.776211219830669652e-01 4.141544324354309303e-01
1.847911665398071501e-01 3.752498462519396338e-01 4.054818049068291685e-01
1.742740662149530328e-01 3.942983733509592414e-01 4.261980884109873857e-01
1.966802774012146038e-01 4.326071732762732935e-01 4.355987927277075178e-01
1.945040840639059854e-01 3.993885395083833223e-01 4.190831560472054740e-01
1.774846180975618026e-01 3.749615091140812706e-01 4.339465909290511347e-01
1.808630826828286353e-01 3.726937859343105730e-01 4.244937405408937825e-01
1.782691340712162786e-01 3.876904470606952757e-01 4.547138800698217742e-01
2.006080345896311123e-01 4.264638256215396717e-01 4.638411576621658261e-01
1.984068598242258730e-01 3.932344786431976602e-01 4.465204839329272590e-01
1.814670473922051219e-01 3.684517513154600410e-01 4.627497881232871535e-01
1.848051597386955458e-01 3.661907359772477166e-01 4.528225149146732353e-01
1.752534847790419292e-01 3.948805401896791634e-01 4.228750019682242511e-01
1.978823929198345322e-01 4.338582656878778310e-01 4.306990242878244168e-01
1.955723292504282784e-01 4.003295876129433495e-01 4.149474342210840994e-01
1.786807635671633365e-01 3.758726411524369038e-01 4.296242407856403211e-01
1.819451290851928638e-01 3.733814319465063036e-01 4.207951615659158984e-01
1.968572246831054029e-01 4.179766913402789830e-01 4.192017492784758659e-01
2.221785380664828280e-01 4.589845882746484973e-01 4.271302565991177413e-01
2.199635265694452058e-01 4.224597613906659888e-01 4.117453896702077398e-01
2.015001561430949384e-01 3.968828192760625040e-01 4.251107187736200554e-01
2.056258007313448433e-01 3.927823170266039887e-01 4.176997564412084918e-01
1.928691500656307400e-01 4.157312201142731034e-01 4.374926202318141222e-01
2.178411621317590807e-01 4.558447774003658859e-01 4.476667447560994106e-01
2.159090865128996117e-01 4.197895733877228808e-01 4.306571718206208543e-01
1.972566095366741212e-01 3.943646014009163925e-01 4.444105935373633409e-01
2.015392303645600902e-01 3.903438371306536259e-01 4.363516756904436411e-01
1.976898966283229253e-01 4.077119315798907739e-01 4.672019216094079885e-01
2.223381808927175352e-01 4.486984569343600016e-01 4.770062748881687131e-01
2.206828899571339209e-01 4.122684023501207995e-01 4.592715388282448963e-01
2.020229062772896378e-01 3.865233670155447943e-01 4.742632375155068081e-01
2.063493167678301377e-01 3.825634398356719812e-01 4.656764717261314690e-01
1.940622023132121121e-01 4.161901935626167726e-01 4.341063349819040407e-01
2.191898749565991400e-01 4.569489931980245667e-01 4.428978177300782471e-01
2.172282989990866053e-01 4.205319176912051815e-01 4.265965006075800314e-01
1.986376548422400523e-01 3.951828979340579751e-01 4.400833392504293617e-01
2.028453782754798818e-01 3.909839416852770033e-01 4.325620761327620412e-01
1.814131448902441268e-01 3.720909288710015916e-01 4.244950291893588301e-01
1.980756410188243277e-01 4.160229107807345006e-01 4.305931852689425243e-01
1.990987685719708689e-01 3.812298334452121629e-01 4.157467312247839497e-01
1.827528169692338167e-01 3.571735647427153881e-01 4.293794982450236941e-01
1.877912744361629194e-01 3.530336458643262842e-01 4.215099532665743665e-01
1.775906830712587481e-01 3.699366921793900143e-01 4.430379388704099308e-01
1.938974416821580837e-01 4.130688984017237830e-01 4.513894374007336174e-01
1.952489830688685646e-01 3.787094280687152703e-01 4.349208760070835122e-01
1.786740262466855189e-01 3.547242697562093539e-01 4.490150205736225253e-01
1.838659589573260755e-01 3.507899882540916892e-01 4.404750737425046636e-01
1.814091574760428871e-01 3.637762030959836301e-01 4.731175003063565754e-01
1.976168833991780449e-01 4.073872402887045996e-01 4.811544464676550947e-01
1.989224727135396331e-01 3.730036399470111896e-01 4.638309403285105770e-01
1.825340865334277585e-01 3.487263519247439381e-01 4.792148967400323145e-01
1.877479507344212151e-01 3.447983115448383096e-01 4.700177723730059043e-01
1.779490946179007049e-01 3.709164020770298609e-01 4.398236377644272888e-01
1.944381338387960456e-01 4.145837880737933134e-01 4.468173628960981913e-01
1.956714445310120121e-01 3.799068359658485661e-01 4.310266639882240902e-01
1.792431111896726215e-01 3.560361779291476569e-01 4.447977998339364136e-01
1.843441274497500115e-01 3.518819537475207926e-01 4.368478512864262808e-01
1.785403215947505284e-01 3.893330921649368892e-01 4.290804718967342613e-01
1.927407177850820330e-01 4.376452183852813094e-01 4.349507721776799674e-01
1.945768442533858666e-01 4.007369302037642744e-01 4.197424811456400007e-01
1.780392180210045028e-01 3.758953488861431769e-01 4.330495889730492376e-01
1.847950125061496862e-01 3.697806857154111726e-01 4.257479492506784924e-01
1.758981564992813940e-01 3.863320032839205886e-01 4.472239724688608087e-01
1.898606885272249578e-01 4.336240166209315849e-01 4.553687225710709163e-01
1.918695840629711380e-01 3.972489952257100554e-01 4.387095982906961122e-01
1.751016314038075505e-01 3.724712776197764974e-01 4.525327698235846463e-01
1.820285603315162926e-01 3.665374334153929659e-01 4.444676536102920017e-01
1.793849097709250551e-01 3.801568886754875254e-01 4.775649288091008970e-01
1.930817129980083313e-01 4.280576902800119488e-01 4.854866786736664608e-01
1.952309384931744107e-01 3.915280980192066274e-01 4.678832750889251879e-01
1.785505979393617881e-01 3.664978160756774961e-01 4.827696213911145118e-01
1.854848368268568193e-01 3.605235691012155241e-01 4.743585993550942237e-01
1.754429166725055000e-01 3.879317933233014104e-01 4.442296494863143264e-01
1.895502402066064074e-01 4.358336237961527582e-01 4.509835988525540129e-01
1.915051799170134350e-01 3.991871136403973841e-01 4.349494824981815499e-01
1.748372919285583749e-01 3.743809801580108010e-01 4.486363505034228760e-01
1.816936113109534345e-01 3.682602138299317929e-01 4.410542211838953119e-01
1.822455513703562791e-01 3.983399171450995313e-01 4.171990346877974543e-01
2.043662384126277431e-01 4.397588124752904726e-01 4.238513091618285045e-01
2.036153124894310440e-01 4.044377960897628799e-01 4.090034803709047262e-01
1.855725359893207194e-01 3.802672628928592813e-01 4.228744744675762002e-01
1.896119597824628966e-01 3.768457623776481635e-01 4.150190334888834709e-01
1.771334574609477186e-01 3.970663654558556632e-01 4.357334832606680197e-01
1.987988465766671597e-01 4.376005971363801095e-01 4.448697478937140848e-01
1.984211138099360172e-01 4.026867380937949048e-01 4.284346315548849260e-01
1.801937286475397415e-01 3.787860724069749274e-01 4.423972951989160185e-01
1.844145071586291151e-01 3.754541290293669786e-01 4.339140567042296115e-01
1.817988290430410381e-01 3.900286984989325689e-01 4.650737162376517575e-01
2.033132961154472673e-01 4.310421458717150212e-01 4.738848465617497840e-01
2.029498215774993841e-01 3.961401780502215031e-01 4.565557676684450783e-01
1.848300300138896179e-01 3.718971487400226095e-01 4.717771796147687824e-01
1.890478503522375620e-01 3.685375186058383323e-01 4.628695837147948633e-01
1.786410681925302002e-01 3.971954081785533663e-01 4.324035391370362191e-01
2.005565627932245631e-01 4.383356829126074383e-01 4.399725626767550524e-01
2.000288809038241189e-01 4.031759898558119337e-01 4.242635708798882521e-01
1.819200000150261454e-01 3.792261816342871739e-01 4.380968477164524644e-01
1.860476167576195217e-01 3.756860405790349855e-01 4.301682376099185134e-01
1.817315565818348744e-01 4.025075098030478915e-01 4.128134312272692674e-01
2.068582732803606328e-01 4.407078080934348496e-01 4.203782603074399660e-01
2.046388546566483835e-01 4.067163115851861743e-01 4.054609669031565278e-01
1.872668569209030021e-01 3.818576707029086581e-01 4.193400998091124654e-01
1.887439652406210089e-01 3.809840238721708405e-01 4.110683630260525967e-01
1.762448155743273626e-01 4.013911920638025266e-01 4.316150271460893473e-01
2.009806677548336418e-01 4.387685182323406430e-01 4.415626344285689675e-01
1.991097625308246577e-01 4.051634206652079961e-01 4.249793225178329359e-01
1.814603115935614630e-01 3.804918177179993366e-01 4.392221386442702324e-01
1.832240872433835432e-01 3.798181764037333319e-01 4.299750272026702236e-01
1.809692320343103955e-01 3.942101787316604766e-01 4.607768900403118595e-01
2.055925527909441275e-01 4.320659496137186917e-01 4.704333772665527102e-01
2.036969117248586814e-01 3.985181653548547365e-01 4.529369996027823864e-01
1.862192568344199495e-01 3.734760830302044643e-01 4.684491278981172124e-01
1.879655403363633126e-01 3.727925759686117613e-01 4.586676774800960144e-01
1.782880901512746419e-01 4.011543559106883761e-01 4.280864256611210950e-01
2.032708544868339906e-01 4.391045516618141131e-01 4.365505111997733390e-01
2.012127684278532391e-01 4.052725950323396442e-01 4.207203879108986078e-01
1.836831827344492518e-01 3.804929469628112737e-01 4.349321183285128067e-01
1.853408612870543204e-01 3.796417945083123135e-01 4.262079466458893462e-01
1.846314092759439307e-01 4.199356004904271078e-01 4.164543916550109137e-01
2.137492028512376907e-01 4.560194361279129582e-01 4.232554868714095142e-01
2.093437529047008638e-01 4.216832991342746029e-01 4.082379883352212357e-01
1.909256351718027211e-01 3.968887171190133567e-01 4.222253639544104598e-01
1.946387729700389813e-01 3.932200200848114946e-01 4.144246656669562379e-01
1.810729954251566187e-01 4.175549580737237809e-01 4.344781794667800789e-01
2.096265514722952805e-01 4.529772973366168465e-01 4.436937003466721041e-01
2.056717833270831630e-01 4.189071161939508237e-01 4.270960123995752866e-01
1.870671091848951084e-01 3.943404540814449688e-01 4.412912292985927132e-01
1.909503840390215368e-01 3.907747758380900049e-01 4.328627112452244075e-01
1.857149600524506949e-01 4.094532901720380202e-01 4.641182690954415158e-01
2.142035786853886126e-01 4.452743718399774231e-01 4.729586970385786793e-01
2.102398788243826089e-01 4.112485954895239715e-01 4.554882149421979332e-01
1.917392085268871949e-01 3.863210146638326181e-01 4.709469160722093983e-01
1.956099941825704402e-01 3.827391163089903792e-01 4.620777018186312257e-01
1.823139307391706265e-01 4.177505358034337979e-01 4.313587798020123154e-01
2.111226230416276828e-01 4.537795623113914933e-01 4.390181817054186753e-01
2.070474154558921143e-01 4.194410351038468376e-01 4.230957636488098528e-01
1.885530350422439660e-01 3.948365094804560660e-01 4.371518775442158056e-01
1.923346688780619429e-01 3.910502752956312444e-01 4.292916149654908420e-01
1.685857604274935140e-01 3.750037674996338777e-01 4.224117862959037017e-01
1.895685702747647861e-01 4.143997601294518440e-01 4.277130369067602689e-01
1.885082036769007985e-01 3.813524487943990571e-01 4.131155743259086188e-01
1.720995924517317033e-01 3.580296485431250786e-01 4.271354613973639691e-01
1.766739554636356513e-01 3.541020418420932625e-01 4.190260470806230209e-01
1.650682846781714452e-01 3.726459243873195826e-01 4.410540383793149499e-01
1.856788561285081796e-01 4.114099078472787663e-01 4.484573212849503610e-01
1.849220217391001342e-01 3.787054071693243262e-01 4.323734599882749774e-01
1.683242464021890705e-01 3.554945577039762550e-01 4.467906361764174550e-01
1.730474518079818669e-01 3.517788538132866072e-01 4.379671702325466098e-01
1.689012641177605190e-01 3.662374194734974719e-01 4.710599798571563634e-01
1.894650486276749646e-01 4.054567457991019030e-01 4.780289253191817855e-01
1.886581752725887129e-01 3.727960601762447257e-01 4.610371062471326220e-01
1.721583551580720128e-01 3.492525176703256129e-01 4.768133627940506769e-01
1.768799556817444996e-01 3.455979236929532794e-01 4.675231142897362524e-01
1.656564434157368204e-01 3.733927708190950545e-01 4.378339654194184916e-01
1.864442783391462855e-01 4.126469489102382315e-01 4.439558263546759531e-01
1.855827836485547666e-01 3.797154783529513855e-01 4.285185242980273368e-01
1.691205283772854451e-01 3.565402313176923577e-01 4.426128991729437190e-01
1.737522658852883040e-01 3.525934401681424246e-01 4.343711127897590396e-01
1.660391918934921440e-01 3.922935505690089419e-01 4.267817325166365361e-01
1.847565215880969947e-01 4.357940643519580548e-01 4.319981673832737901e-01
1.843684404321769832e-01 4.006696645526262035e-01 4.171981061076227570e-01
1.677923313631743685e-01 3.766003911631959356e-01 4.307617510227249036e-01
1.739200592823517966e-01 3.709633988480919853e-01 4.233012265344979208e-01
1.636484512049507511e-01 3.890826782621106816e-01 4.451107097724392725e-01
1.820517751547471585e-01 4.318367965733492797e-01 4.523545376415537000e-01
1.819530165036453151e-01 3.970861435204004475e-01 4.360053517288518532e-01
1.651438244828644930e-01 3.731777252279439572e-01 4.501878209272267006e-01
1.714778778569220341e-01 3.674966938593793864e-01 4.418421949452849273e-01
1.671350629262277898e-01 3.826512035151963809e-01 4.754037524727297570e-01
1.854467143608891089e-01 4.259121242104989546e-01 4.821986294708218157e-01
1.853363589960441149e-01 3.911650928617413370e-01 4.650597842573214735e-01
1.686207214652846731e-01 3.669215671103833176e-01 4.804332889981614563e-01
1.749748272932008242e-01 3.612794746329700546e-01 4.716599193863212913e-01
1.634606237468835821e-01 3.904834723404862484e-01 4.420549391700593356e-01
1.819934744280362615e-01 4.337724184104836955e-01 4.480671173142511954e-01
1.818043018855214077e-01 3.987578745128009805e-01 4.324044235699001093e-01
1.651553288424383592e-01 3.749079908603463185e-01 4.461593931649102673e-01
1.714097635841007605e-01 3.690046249403444167e-01 4.383797649730931667e-01
1.694741567757571954e-01 4.013692578103559838e-01 4.149271003998853957e-01
1.953036293683933777e-01 4.382152870295217273e-01 4.208951835068659442e-01
1.926073837812080358e-01 4.046005910770871239e-01 4.064056525926009189e-01
1.747219017231038674e-01 3.813465889655687779e-01 4.203611101905291303e-01
1.783230950645380564e-01 3.781913583683724212e-01 4.123739564794238199e-01
1.646930165284726799e-01 3.999562494124285772e-01 4.336897557131446090e-01
1.901053406526045098e-01 4.360489303337915512e-01 4.418835106988203698e-01
1.877912686163178413e-01 4.028128326314543983e-01 4.258230223140866411e-01
1.696846588907243714e-01 3.797046627821727971e-01 4.400992309850091933e-01
1.734847617147894094e-01 3.766706112358514935e-01 4.313763510509763810e-01
1.692395575045169964e-01 3.926710187395361928e-01 4.629396447430340622e-01
1.947175546571967564e-01 4.292144509492805682e-01 4.706221496629999779e-01
1.923045308620347782e-01 3.959929824498237827e-01 4.538320533691185266e-01
1.742420250251180969e-01 3.725408564946553480e-01 4.695444876624960684e-01
1.781032437805771529e-01 3.694777535420349368e-01 4.602929393300833061e-01
1.663843181701519236e-01 3.998420927369052968e-01 4.302851383244243877e-01
1.920252213545890763e-01 4.364809238785081202e-01 4.370554872161158677e-01
1.895539931838269299e-01 4.030217868319887486e-01 4.217057632120783661e-01
1.715874289996899560e-01 3.799069614640815939e-01 4.357314805657554468e-01
1.752733399255736180e-01 3.766538530854010580e-01 4.276235325046310320e-01
1.694469444445650674e-01 4.049451727971728476e-01 4.107451873199824965e-01
1.979412958053441696e-01 4.389631198912006260e-01 4.173539949733708343e-01
1.939981315386553884e-01 4.064153604517689033e-01 4.028063878514674956e-01
1.766697985538513982e-01 3.824479590593793388e-01 4.170325986767779436e-01
1.779475705764945737e-01 3.819417118233377484e-01 4.083271561527201388e-01
1.643622491082837311e-01 4.037392217029689423e-01 4.295504777726158463e-01
1.925481552557478937e-01 4.368390547226636556e-01 4.384995540139069448e-01
1.888600106667540635e-01 4.048896145930612200e-01 4.223116450631703711e-01
1.713070223688156479e-01 3.810316806949205493e-01 4.368323131149322580e-01
1.728011899545336127e-01 3.806251434250040866e-01 4.273868450959447673e-01
1.689484176335469545e-01 3.963593363971410488e-01 4.586616972838892248e-01
1.973480742365339990e-01 4.298652496807920942e-01 4.671137212179121145e-01
1.934374472741086926e-01 3.979720378271024983e-01 4.501726745426703480e-01
1.759043417386690900e-01 3.737681280892413693e-01 4.662228081696337956e-01
1.774676768409715055e-01 3.733623836273958774e-01 4.561313671983157625e-01
1.665064535422911274e-01 4.032398846195050512e-01 4.260832824436614485e-01
1.949509013307276495e-01 4.368875719747454256e-01 4.335573369298758584e-01
1.910733135492094503e-01 4.047328188788021919e-01 4.181042910944960944e-01
1.736709272424998562e-01 3.808438229103449646e-01 4.323997111607748023e-01
1.750363614105149013e-01 3.802294457675109429e-01 4.235738646491656323e-01
1.999945546815364850e-01 4.037851604040618714e-01 4.134276474026226111e-01
2.214862933289847013e-01 4.474011903821366598e-01 4.208316242010765040e-01
2.196040054147588572e-01 4.106622365476990666e-01 4.054172500562956416e-01
2.021725484712648957e-01 3.849240606806810794e-01 4.194624045006699609e-01
2.078204903507282486e-01 3.792652051428843651e-01 4.115184536947582017e-01
1.973061376134379041e-01 4.005375376021251821e-01 4.314766657148552675e-01
2.183903367951939012e-01 4.431618922073818356e-01 4.414046554211310536e-01
2.168160786609040214e-01 4.068817657793525333e-01 4.243384009690156500e-01
1.992076013614990371e-01 3.813590886128265245e-01 4.385921826902207665e-01
2.050144364477374803e-01 3.758457004387640299e-01 4.299651702840443512e-01
2.011040018439227972e-01 3.933377170709833059e-01 4.607121852327492606e-01
2.220474068143252211e-01 4.365930314803810330e-01 4.702581921017038868e-01
2.205657108600413974e-01 4.002316076666148081e-01 4.523091736955521802e-01
2.029581879341009754e-01 3.743512746577183359e-01 4.680025323000762127e-01
2.088354030625163837e-01 3.688068726273430187e-01 4.588091910340733048e-01
1.975915699351312727e-01 4.017399018663913024e-01 4.282003183395359236e-01
2.188749848985473145e-01 4.451624100191294287e-01 4.365543101612939236e-01
2.172208312595167445e-01 4.085399991365807892e-01 4.202291849319726436e-01
1.997182853872919439e-01 3.829942671963991185e-01 4.343171203516271173e-01
2.054325024004051148e-01 3.772338997503159597e-01 4.262848807651004046e-01
1.845978419558026440e-01 3.606935865675310326e-01 4.190069322130533513e-01
1.974975208055226861e-01 4.070493363739474679e-01 4.250408505612772170e-01
1.990460448824430684e-01 3.718504297900236399e-01 4.099831029855369180e-01
1.836946031585167116e-01 3.475987876292898626e-01 4.241140905889434487e-01
1.902998058890545408e-01 3.420217043039082139e-01 4.158176383084191685e-01
1.820331717524849846e-01 3.575490486188565020e-01 4.375362210827811182e-01
1.945426251221615832e-01 4.031466819703226068e-01 4.458086725572486531e-01
1.963994311102705004e-01 3.683206369781279466e-01 4.292230643630358111e-01
1.808833711300755209e-01 3.441876932969775149e-01 4.436961916930434735e-01
1.876743417526712532e-01 3.385929126132254940e-01 4.346256751861430900e-01
1.849528864622906610e-01 3.520101901721168214e-01 4.671948377369158911e-01
1.974208089154584900e-01 3.981071445523929886e-01 4.750827453328796968e-01
1.992662968709926485e-01 3.633453469675527736e-01 4.574319672404590920e-01
1.837986401135284498e-01 3.388529468077787210e-01 4.733853129794785008e-01
1.905794640940755291e-01 3.334245579855357189e-01 4.638394858731078041e-01
1.815344606896563406e-01 3.593191664817895203e-01 4.343203067116572225e-01
1.942549082250579762e-01 4.054344422595818620e-01 4.412274093203245040e-01
1.960108717868375428e-01 3.703576392280256147e-01 4.252917474076450266e-01
1.806002175916844033e-01 3.462637130989087986e-01 4.394888025694380640e-01
1.872801284676067213e-01 3.406202957234630291e-01 4.310318829714069322e-01
1.833637341744348281e-01 3.763907380129806746e-01 4.227829047643851812e-01
1.940668484040608543e-01 4.270659526285346397e-01 4.287820247407657659e-01
1.961383199101843222e-01 3.898402447379091806e-01 4.135061405748493568e-01
1.805033690034973937e-01 3.649590458664447312e-01 4.273776152866658462e-01
1.887447046845222853e-01 3.573022460744951223e-01 4.194988434610008587e-01
1.819366971518464049e-01 3.722674094370513331e-01 4.409943957628486566e-01
1.923452487399480715e-01 4.221350468393409439e-01 4.491211249745086231e-01
1.946726842600021434e-01 3.853281622578517140e-01 4.322685372199469023e-01
1.788875757928338195e-01 3.604821336685686828e-01 4.465520810800368556e-01
1.872525709421123674e-01 3.530440748852275989e-01 4.379898923258261911e-01
1.843591475261548429e-01 3.668449641528673810e-01 4.710831277095659519e-01
1.947783023078680509e-01 4.172167746112299125e-01 4.786606553554770827e-01
1.971356038083507678e-01 3.804285542154384747e-01 4.608359902810852948e-01
1.813925881326212686e-01 3.552333164188022363e-01 4.764506943277369566e-01
1.897863842962353997e-01 3.477372366319886332e-01 4.673911500407008646e-01
1.806646780482179526e-01 3.747435464657156157e-01 4.379361523358897279e-01
1.911977354424968523e-01 4.251755281090471850e-01 4.447837704023533956e-01
1.934772884161732043e-01 3.880640503672791453e-01 4.286037856668750146e-01
1.778231697696689151e-01 3.632809056570526218e-01 4.425139374534274861e-01
1.861030254057204625e-01 3.556174669698468627e-01 4.345467361195866074e-01
1.840446628050954880e-01 3.873068432309327846e-01 4.121589953919836957e-01
2.020768100864304695e-01 4.312742519310260314e-01 4.187426638101671150e-01
2.020454183320344599e-01 3.953237121216163219e-01 4.038160091446182376e-01
1.851630409845312630e-01 3.711307783018196194e-01 4.178943934800560811e-01
1.907798763183557456e-01 3.661250334225911174e-01 4.097625916332980900e-01
1.801476629798069995e-01 3.850606917275527508e-01 4.308312720350157554e-01
1.977872645238117344e-01 4.281574768041497281e-01 4.398310669276756513e-01
1.981003640226297324e-01 3.926326980253918575e-01 4.232873737048302720e-01
1.810232712296964974e-01 3.686132684123503700e-01 4.376066861913210926e-01
1.868312750894841334e-01 3.637080316216453335e-01 4.286782331839134597e-01
1.839604606112466567e-01 3.785815621888780624e-01 4.597627370050176854e-01
2.015739569946244647e-01 4.222523099505147148e-01 4.681844294617804048e-01
2.018339305742195000e-01 3.866831356962714406e-01 4.509237325575031763e-01
1.848097764202661086e-01 3.623138553377301951e-01 4.666287894589726259e-01
1.906443857702054268e-01 3.573786678608261713e-01 4.571917992688138699e-01
1.808254381457625182e-01 3.859741669005904985e-01 4.273874616491298295e-01
1.986747609861959363e-01 4.296881448772243428e-01 4.348565534847259606e-01
1.988736340840770445e-01 3.938855309932808302e-01 4.190564062755137709e-01
1.819103188057548670e-01 3.698571324067622679e-01 4.331746057601011946e-01
1.876191202065534969e-01 3.647181213414951162e-01 4.248624349926707899e-01
1.831444072445079785e-01 3.915707411485978007e-01 4.082226411254065712e-01
2.042874125034799260e-01 4.322543752616846979e-01 4.154999776742460682e-01
2.027976440803561098e-01 3.976347476699446659e-01 4.004517093953867124e-01
1.864727213013239737e-01 3.726976553586345275e-01 4.148019844554992064e-01
1.896438612170525673e-01 3.704533064601217007e-01 4.059790982020176076e-01
1.788907112734478000e-01 3.895718455154744131e-01 4.269610441053834915e-01
1.996022220589625251e-01 4.293929241176243639e-01 4.367169709499328922e-01
1.984844103420870531e-01 3.952113642993215770e-01 4.200444346593137368e-01
1.819575846808043629e-01 3.704483297567626177e-01 4.345893685137680040e-01
1.853388222521726580e-01 3.682843453228262787e-01 4.249587762412039837e-01
1.828068842909326697e-01 3.829684844560743984e-01 4.557052619125444015e-01
2.035235106923095061e-01 4.233235599665848281e-01 4.649508744557567796e-01
2.023357369721241195e-01 3.891193300493053786e-01 4.475369924600208216e-01
1.858520107079137118e-01 3.639981767422440506e-01 4.635236525760432214e-01
1.892573415180163476e-01 3.618266167482110940e-01 4.532963005811382895e-01
1.800726215898455496e-01 3.900581877372530926e-01 4.234413332701486010e-01
2.010233699220174142e-01 4.304951223220539469e-01 4.316224159205406252e-01
1.997561799593186860e-01 3.960573435140505305e-01 4.157139181618585422e-01
1.833542427246119266e-01 3.712600410851516486e-01 4.300830878384943046e-01
1.866218543285447784e-01 3.688705637993806019e-01 4.210786460099835149e-01
