4.626286740094854300e-01 5.404035540241550750e-01 5.626478663436770833e-02
3.594267845385144544e-01 6.221466300997318122e-01 1.006061807943730985e-01
5.500395280621547256e-01 4.978058086192514997e-01 4.431071029176888998e-02
4.816464000771684129e-01 5.910030809174717792e-01 8.565137125129831941e-02
5.894996450170010283e-01 5.589126033684329586e-01 7.787080012002368934e-02
5.650608953122965294e-01 4.413806589894400667e-01 3.488129252382423523e-02
3.587704527975313362e-01 6.213407678709276238e-01 1.048894040169398578e-01
5.870133571385567350e-01 5.045012856219167618e-01 1.672170888325060986e-02
5.032109120345551467e-01 5.673124747060954709e-01 8.572960037714796866e-02
5.962151703092484212e-01 5.607341527852602869e-01 7.705688763922867446e-02
3.707732330711892010e-01 5.946373119407832863e-01 1.011156659450557355e-01
3.994817250785910323e-01 5.951766027768602418e-01 9.709523819854778970e-02
5.357185209457904218e-01 5.365629001704561585e-01 3.763613860845017867e-02
3.308728247661355537e-01 6.676202395594741379e-01 1.777564070365016402e-01
5.902426727072357382e-01 5.576854628403945524e-01 8.449065017623241802e-02
3.691725469330201514e-01 5.963885952332078633e-01 9.554168168941029604e-02
3.584773357366414226e-01 6.211784304208773921e-01 1.053849508288589448e-01
5.484380296169981683e-01 4.974261266069216481e-01 4.806857523228992568e-02
3.627217183984563498e-01 6.394320734460161582e-01 1.456852026327646044e-01
5.890696524428068459e-01 5.587894036999252467e-01 8.018475875041729262e-02
4.153936256643515623e-01 4.711578049449378081e-01 8.874761932115626806e-02
3.496182040948460634e-01 5.240830032701481178e-01 1.177805362424574481e-01
5.284624449715902283e-01 4.443278540685976497e-01 5.491966231141062749e-02
3.565722212739055874e-01 5.510491678035804863e-01 1.566259899274734801e-01
5.650153756145167572e-01 4.754937432351682425e-01 1.042852146247763567e-01
4.039597625337879583e-01 4.760996530800440940e-01 9.599804240794276855e-02
3.487479602924911104e-01 5.234410063179218975e-01 1.226633435119167115e-01
5.271389280241183251e-01 4.447478572614284031e-01 5.693052989341673698e-02
2.818358750242598298e-01 5.901461736598742069e-01 1.772186405742296467e-01
5.939643086637510505e-01 4.719623857122389188e-01 9.043318189407274776e-02
3.621331040674826696e-01 4.989560995115673303e-01 1.203832403424833081e-01
3.479468678130462345e-01 5.217762962778582647e-01 1.325873217126260217e-01
3.528192778757401338e-01 5.525231647956194703e-01 1.018108843565132815e-01
2.937553533730469235e-01 5.720647383961571242e-01 1.831306311438771761e-01
5.804641964305021773e-01 4.611879285906946291e-01 1.094547005267738904e-01
3.553939422763479627e-01 5.041174587017002162e-01 1.054553850222293004e-01
3.479269800879191132e-01 5.231457139718896920e-01 1.242683286283167571e-01
5.025380740684883829e-01 4.612825888290274512e-01 6.102825238913062167e-02
3.192828096601161847e-01 5.686602833874508933e-01 1.588467872412416548e-01
5.817046215842273105e-01 4.501325364089903136e-01 1.077441485599507087e-01
5.483840423447435830e-01 4.070584880473119838e-01 4.866531892590937602e-02
3.494258188305417456e-01 5.458206366715973035e-01 1.226445810409734910e-01
4.365372625419443597e-01 5.204156961917467683e-01 8.061032945550007656e-02
2.067796521655238251e-01 6.790576553598280940e-01 1.741678235898000970e-01
6.020924728440131268e-01 4.806122919925641113e-01 9.791596110589075030e-02
5.490319881788522371e-01 4.076246392123213935e-01 4.772730601681137580e-02
3.491297208611156555e-01 5.451229181862983220e-01 1.267642162668832229e-01
4.361562021253387322e-01 5.204671728581624635e-01 8.005155612222465689e-02
4.940079158766272349e-01 4.917161851658179983e-01 1.125265388471742845e-01
6.044351061748083342e-01 4.814957001898226285e-01 9.492545695623501312e-02
3.604771378886819644e-01 5.201940830530592530e-01 1.163919542900251208e-01
3.496640920066113045e-01 5.432860184909691359e-01 1.359890461856864685e-01
5.175669795977180243e-01 4.691181111728140452e-01 5.658158661771821307e-02
2.404759803005523944e-01 6.475187363146247543e-01 2.022011162883886326e-01
5.977248335808268420e-01 4.813705427442317997e-01 9.954648882636887852e-02
3.608350482731623732e-01 5.189417838159264829e-01 1.183795580865545233e-01
3.478961119622803189e-01 5.448948360566036042e-01 1.288741270790073890e-01
4.362694546769170789e-01 5.202332629683681375e-01 8.299626253585508373e-02
4.887611080266909824e-01 4.927780978617761765e-01 1.176375102093339120e-01
6.171269741225150485e-01 4.777159964830601790e-01 8.942988177299868169e-02
3.589182781150273005e-01 5.415488351511502652e-01 9.748476259047289538e-02
3.493342039610330407e-01 5.627064785493666177e-01 1.076952137848989494e-01
3.894917462900722160e-01 5.640372023658400957e-01 9.402389905937051651e-02
3.461645323857397427e-01 6.190240579810455390e-01 1.377472015550139928e-01
5.705526192487843096e-01 5.244639991724637795e-01 8.537039931969092610e-02
4.512007470272918486e-01 4.865109085160259084e-01 6.725066041381563831e-02
3.479172233641071865e-01 5.619913383965179365e-01 1.132799114741364771e-01
3.803200135713774577e-01 5.692146052096934694e-01 8.906988293737032325e-02
3.434248615814579075e-01 6.043566339855949154e-01 1.387388926048500615e-01
5.654126844817202180e-01 5.094495337403657231e-01 9.277869006869900181e-02
3.971241500332328145e-01 5.172687141788989695e-01 9.502292255195086967e-02
3.488755917326172296e-01 5.604835782304552483e-01 1.204563721859859965e-01
4.444988681007736586e-01 5.291419487699233759e-01 8.317177200437521345e-02
3.500352914198952559e-01 5.964793335882503378e-01 1.594066576906999211e-01
5.555913599071515829e-01 5.143781936592333182e-01 9.461445926396981621e-02
3.572186538961954483e-01 5.402434412404097941e-01 1.041370651198634534e-01
3.476415555660031242e-01 5.616076712334178156e-01 1.141734430105560694e-01
3.547969980782604282e-01 5.907638429470520869e-01 8.605169908339843632e-02
3.874032129156856907e-01 5.763032552679410170e-01 1.255446480845783808e-01
5.620029382215728786e-01 5.086748338011557458e-01 9.825711438668408015e-02
3.610673062893525187e-01 5.441029787214737290e-01 9.291084666876138487e-02
3.903372364134504724e-01 5.436976175829209001e-01 8.921757067206402547e-02
3.896955008237872331e-01 5.689963802387688618e-01 8.884890302145885543e-02
3.505420149235770610e-01 6.039742239642394983e-01 1.386061454064195508e-01
4.778504868542192141e-01 5.729192446444242304e-01 1.139311616280384992e-01
3.597982288092280712e-01 5.436860602669271181e-01 9.749253781074716796e-02
3.891871371305011262e-01 5.429841283072540659e-01 9.402142643772287700e-02
3.875784761356934616e-01 5.684245933648803817e-01 9.491280826508126378e-02
3.495437389306921827e-01 6.045497801861309251e-01 1.420146553191258820e-01
5.577170007055721745e-01 5.202397120694727262e-01 8.926218471980709723e-02
3.949756077141111654e-01 5.233530815581968199e-01 9.068022883514784138e-02
3.896156667483161584e-01 5.416821146803666442e-01 1.006667996813619820e-01
4.431030661938670789e-01 5.350160309372559153e-01 7.832851591583919748e-02
3.507564343761194192e-01 6.011382153710250753e-01 1.537233544580861311e-01
4.726997382065575293e-01 5.750258182507347327e-01 1.170018168414605347e-01
3.594810962617010497e-01 5.426732430068383906e-01 9.949916413427620232e-02
3.891299495539728981e-01 5.424365029013566986e-01 9.488558590108792101e-02
3.851726276916454528e-01 5.670674315992889625e-01 8.479205808179769710e-02
3.489366012866692013e-01 6.030488873804284999e-01 1.452437311568682832e-01
4.761635154673400927e-01 5.723485858036191365e-01 1.195401665893393722e-01
4.798329237660832192e-01 5.338368528630267340e-01 5.438418905937823788e-02
4.673944297537249715e-01 5.596045126883092413e-01 6.476519777143710521e-02
5.968298446502022792e-01 5.054954049553844753e-01 1.715620425705448662e-02
5.082774415723052552e-01 5.689463321044830879e-01 8.831107658555717443e-02
5.953453485968603909e-01 5.632996499209473873e-01 7.937641424435072646e-02
4.500247467431714998e-01 5.240617124651327785e-01 7.968919587722657349e-02
4.235019906065333739e-01 5.857690683290881495e-01 8.223417982072277199e-02
5.481011154862849288e-01 5.047779105137814026e-01 4.119822105576775167e-02
5.090369095920476150e-01 5.680635540581007170e-01 8.688684656425950392e-02
5.972786274552727148e-01 5.643776487360110394e-01 7.654325992716458360e-02
5.662575859882686968e-01 4.466102083590179905e-01 4.296239999999576509e-02
3.698541222714108456e-01 6.170713591997190051e-01 1.111507667173606967e-01
5.439416431693788745e-01 5.379538221081862082e-01 3.863831120503692651e-02
5.091969818864997555e-01 5.666280702671888658e-01 9.714345717569405902e-02
5.962578817389514452e-01 5.616199835439932286e-01 8.656729809640205386e-02
4.794612638271755212e-01 5.327489033431389576e-01 5.755150311148199416e-02
4.100759300282403319e-01 5.940134119890929654e-01 8.971263790980900377e-02
4.685098975660186293e-01 5.876817249152664902e-01 6.436361566568910009e-02
5.095218143734108196e-01 5.636337333823646656e-01 9.194756513401430853e-02
5.947788829658778864e-01 5.629976021891609506e-01 8.206156718344134737e-02
3.661810434268338299e-01 5.038661548749762131e-01 1.081446747776862310e-01
3.536501936622871156e-01 5.264718405665734791e-01 1.179936200694072790e-01
5.279769199638479904e-01 4.512125830266854321e-01 5.784188227401609872e-02
4.896215474433613379e-01 4.786099597475656497e-01 1.125648909264548442e-01
5.765819230534870998e-01 4.722592437340182303e-01 1.041931620955179605e-01
3.656825969889714867e-01 5.032997992612450178e-01 1.120683505982434797e-01
3.527757784148146114e-01 5.257656772900018982e-01 1.229759075722942491e-01
4.547248853578135797e-01 4.934131635893627132e-01 8.612872669933660519e-02
3.263868519406857849e-01 5.698932913329927130e-01 1.543568615145142486e-01
5.780360270261483135e-01 4.728498266131708205e-01 1.029250956960386792e-01
4.250523594091716872e-01 4.682243565643711136e-01 9.852321432737173867e-02
3.536442176836001594e-01 5.239055706732680395e-01 1.316451205090853893e-01
3.889641783361832417e-01 5.303295319079798231e-01 1.028584067296678395e-01
3.366003433794615973e-01 5.516163864752497981e-01 1.615823863360655033e-01
5.736064832281341230e-01 4.904121902508612463e-01 9.832512930459791356e-02
3.646680301286140402e-01 5.023631490714207670e-01 1.150616408397144019e-01
3.520460108636517260e-01 5.253536203128610360e-01 1.246000705137192549e-01
4.486184614262700987e-01 4.966157180356129408e-01 7.706767779070175517e-02
4.879110591356877191e-01 4.769862899544753954e-01 1.168255881866200191e-01
5.964913006869879686e-01 4.748243051143452020e-01 9.844503824869911546e-02
4.272167833966049044e-01 4.875926916828425273e-01 9.260673536404533113e-02
3.533404851290048443e-01 5.483618262464493576e-01 1.229864844972366894e-01
4.547480457544670340e-01 5.151526195393141272e-01 8.677971962821037777e-02
5.015447553403741265e-01 4.765604708994189975e-01 1.251986769463631077e-01
6.300530745735187788e-01 4.787854707619410011e-01 8.580857967251967477e-02
4.275602627102363940e-01 4.875394743153745880e-01 9.399971962252083590e-02
3.530607339813203183e-01 5.475846291299875102e-01 1.272139452447306474e-01
3.877253936144091639e-01 5.536694324492196229e-01 1.023505701209229540e-01
4.946619899878517690e-01 5.155014050402769721e-01 1.085098273883598474e-01
6.102403830097682391e-01 4.852481667987346148e-01 9.738818446030607368e-02
4.719993319650449548e-01 4.598082845883445513e-01 8.726317795546130462e-02
3.538289678100290936e-01 5.454905363672738483e-01 1.365240880113159916e-01
4.013302813486726572e-01 5.519142527826640388e-01 9.961728399591331107e-02
5.099389979187560762e-01 4.894573144749904126e-01 1.194131056354094805e-01
6.085159903436847539e-01 4.828644358809842108e-01 1.094308543352110613e-01
3.643007271090512589e-01 5.227138057197506793e-01 1.105119641528426594e-01
4.038841223411530623e-01 5.169532409501381709e-01 1.103256236945872187e-01
4.531112984679910860e-01 5.144103931122484541e-01 9.204310010038856127e-02
4.062689145446665706e-01 5.599324084781848176e-01 1.365930251400965245e-01
6.019222764850330476e-01 4.874160229677618195e-01 9.625728388880613884e-02
3.633772657406237894e-01 5.438790134647001340e-01 9.763836889811240705e-02
3.535029906718332726e-01 5.652354199422031655e-01 1.077125130082041693e-01
3.887763182529271888e-01 5.696673716489417671e-01 8.436199637983077260e-02
3.486096645631278634e-01 6.051113268177590321e-01 1.364920320739287929e-01
5.668630735378289431e-01 5.339036476674312581e-01 8.128403047037836837e-02
3.622041490574691158e-01 5.434973332782556676e-01 1.020740687681772063e-01
3.520654134279158076e-01 5.644582417179450085e-01 1.133933952382349258e-01
4.477505829824131589e-01 5.333739648456508053e-01 6.729911569015745165e-02
3.366570994390575833e-01 6.120081083555721779e-01 1.492910071836791586e-01
4.898124159943322842e-01 5.664494979657586082e-01 1.197744002415857961e-01
3.635363534510719363e-01 5.410833304963932333e-01 1.096134920061128393e-01
3.532493174292171689e-01 5.626936613917946639e-01 1.206584564484206035e-01
4.554900382273158188e-01 5.275052139951771357e-01 8.245883486619347280e-02
3.540274822737743965e-01 5.990011432798710844e-01 1.597107978948357210e-01
4.850249324373283044e-01 5.674309196008181511e-01 1.209253109392352810e-01
3.617414724566670459e-01 5.423875323390786596e-01 1.044367819886489329e-01
3.518872244589135723e-01 5.639479624283322279e-01 1.143177851861311156e-01
4.543921593288356986e-01 5.277313484118498765e-01 7.950593545030848475e-02
3.516997831291315824e-01 6.012472638421788584e-01 1.511087718755954601e-01
5.581473540452510651e-01 5.192358903341977028e-01 1.027369056738550723e-01
4.012959420901392460e-01 5.272050822959430949e-01 8.021219738813509248e-02
3.963169066632551418e-01 5.453027754470982646e-01 8.916090649615601715e-02
3.953075136693512404e-01 5.709296596104307397e-01 8.875736351801455370e-02
3.545227351073345634e-01 6.066671938653046547e-01 1.386804588757691581e-01
4.868554230096201474e-01 5.735551690709519423e-01 1.136121549805736847e-01
4.003470972644754267e-01 5.268074801548240371e-01 8.398906724455744433e-02
3.951495849205449162e-01 5.445205043559402380e-01 9.407256044302785003e-02
4.531818628192091913e-01 5.342127670548008078e-01 7.367743800727602488e-02
3.535243453285653037e-01 6.071546199676174371e-01 1.422104452127995744e-01
4.825030196905703561e-01 5.771543965363979956e-01 1.060428784898855004e-01
3.658537810772207188e-01 5.433660251178585865e-01 1.049669751768362858e-01
3.570576252064939782e-01 5.634881701596994308e-01 1.162344396447188843e-01
3.913152507214853193e-01 5.716538142886675722e-01 8.708323753313129689e-02
3.550341915828026940e-01 6.034263993980593099e-01 1.540018328050341556e-01
4.870714786228671489e-01 5.713640771269390406e-01 1.255723522316046226e-01
4.000972127825137004e-01 5.255533710218052157e-01 8.631049888938792380e-02
3.559881078125142762e-01 5.646221539507462195e-01 1.098656204072862019e-01
3.936919586855480713e-01 5.694708878572319888e-01 9.527780567955121405e-02
3.530471360508911638e-01 6.055030763346170852e-01 1.454463329252306536e-01
4.852364194333479430e-01 5.727734725423501150e-01 1.193908800041628415e-01
4.683444208066779302e-01 5.293794213014266781e-01 9.398612074128416538e-02
4.544993175752201631e-01 5.785909625881345830e-01 9.290138719436392967e-02
6.470215543514118428e-01 4.924041372506319236e-01 3.360335167242275295e-02
5.339429945979481396e-01 5.709941949411665441e-01 1.056926710863482222e-01
6.254543529416275449e-01 5.658149352687481537e-01 9.942615189131651099e-02
4.680119953934027688e-01 5.300000800818367441e-01 9.543009918709069450e-02
3.812388797730857926e-01 6.250230248096394492e-01 1.130930946247101221e-01
5.864127797722816782e-01 5.008567569780505435e-01 6.522108313583505068e-02
5.351962744497842372e-01 5.724930451503013051e-01 1.039999807265707260e-01
6.273708397938220216e-01 5.674755159314704978e-01 9.642804408664004678e-02
5.473009948596956331e-01 4.767097636738900635e-01 7.881301908398564982e-02
4.566945311904337390e-01 5.506612934282429928e-01 1.150678259987096413e-01
6.464731435618475963e-01 4.924408263398206698e-01 3.685426058276974198e-02
5.379120694047999640e-01 5.634296542930903318e-01 1.153740705033092090e-01
6.593654601830036821e-01 5.487567060352877002e-01 9.358951787816714718e-02
5.958311477533770883e-01 4.757554481923272904e-01 4.608703627379382578e-02
4.522197226243080403e-01 5.810473615507268930e-01 9.626345470531610937e-02
5.888278167542340125e-01 5.260685953101230661e-01 5.266217221422991174e-02
5.331102912141962857e-01 5.710452392411854428e-01 1.086569418564392042e-01
6.247118107661217001e-01 5.658316328221445479e-01 1.021778876127037300e-01
4.419904472236123039e-01 4.753488033593287199e-01 1.022755224174397154e-01
4.276250637092333107e-01 4.975040466233532910e-01 1.127272402183529393e-01
5.636780890417415479e-01 4.469095559830359443e-01 7.304044565750690554e-02
4.905896678985400272e-01 4.820912458487240371e-01 1.370225893083714397e-01
6.310206498724255653e-01 4.729707963332301368e-01 9.992146533339885117e-02
5.746341767253799748e-01 4.026213249647154768e-01 6.351205608607818354e-02
3.618070138852093054e-01 5.337107092300217293e-01 1.351477031408077345e-01
4.700535514367592538e-01 5.003386730283585493e-01 9.142613713355247917e-02
4.899818629718709628e-01 4.979634823197661708e-01 1.347806000941964566e-01
6.310110763665180977e-01 4.779584889680827953e-01 1.114528494551353527e-01
5.190996082958544422e-01 4.302972918842529193e-01 8.884847308672426391e-02
3.632786143826977621e-01 5.313024723065802313e-01 1.446634063594848807e-01
5.941475986248645480e-01 4.417571508871946384e-01 6.956133647913526064e-02
4.897017190745666659e-01 4.945312977997394221e-01 1.506634038530984265e-01
6.300817515310734862e-01 4.749115050231044743e-01 1.243120865605979730e-01
4.399724224144873075e-01 4.745642315409778211e-01 1.083035547551957772e-01
4.258200038929629838e-01 4.969112760151842001e-01 1.183414697465361015e-01
4.815854236593036242e-01 4.916028352420506731e-01 1.014119331016098274e-01
2.220013486154853166e-01 6.460621564094654046e-01 1.663235518682771863e-01
6.277890426370577037e-01 4.768555502353865050e-01 1.173664386691584960e-01
5.390537218374544803e-01 4.487977523552379999e-01 7.126720650985091110e-02
4.267627552994885387e-01 5.185985395626793171e-01 1.180105178659579673e-01
5.931377955999047602e-01 4.611087589220815852e-01 6.836745511042892354e-02
5.063222400355825714e-01 5.251466633953498775e-01 1.363514284393217424e-01
7.050467870133700909e-01 4.747863241935869616e-01 8.812204698045984774e-02
4.287932058079945707e-01 5.064005408682440423e-01 1.028212958844617470e-01
3.606869437521059707e-01 5.567476570242253509e-01 1.402023881622574131e-01
4.808558262981051379e-01 5.141974253107983728e-01 1.036680444155126807e-01
4.989467019958401250e-01 5.230706960222382129e-01 1.465612163532386547e-01
7.257282616131320863e-01 4.756533709370828755e-01 7.992100380883589150e-02
5.205773645113430659e-01 4.449735145829656346e-01 9.331887749247304298e-02
3.567323145060982137e-01 5.578889471963027757e-01 1.441998569120025719e-01
4.816654524045403396e-01 5.126738525575651462e-01 1.107466255076161310e-01
1.613519907455113755e-01 7.066990865460605065e-01 2.031437154976968307e-01
6.704880984146954770e-01 4.642587231526540403e-01 1.165573605785535094e-01
4.337396426355563661e-01 4.979199889510432242e-01 1.067490982068968475e-01
3.601876190833642188e-01 5.542513275026748065e-01 1.403200763565749798e-01
4.826237303823704972e-01 5.079005941710269534e-01 1.066405796114325982e-01
5.366514520810835576e-01 5.352321790926267697e-01 1.195404260281804909e-01
6.993201572653081621e-01 4.825288415895603866e-01 8.000073071902964739e-02
4.376146334705921515e-01 5.144892337600692755e-01 9.189279718928403118e-02
3.642453983187330380e-01 5.723432400781195417e-01 1.192213838868955711e-01
4.842439370190518844e-01 5.271695533502858133e-01 8.675612804948991397e-02
3.005706195334369446e-01 6.479656656341454823e-01 1.573311456601617642e-01
6.049143681502728853e-01 5.318868492195560904e-01 1.046155111578052216e-01
3.666909076132347511e-01 5.561798188223301409e-01 1.148311299866106305e-01
3.625142612198550829e-01 5.720191865643410312e-01 1.246974214556666599e-01
4.696446316864543724e-01 5.366700647118556322e-01 8.192464892449545510e-02
2.897206447478298252e-01 6.533365001112215742e-01 1.734012069295001734e-01
5.932907209725793996e-01 5.419621015363811356e-01 9.793739408421153758e-02
3.601440646372894294e-01 5.600072680216102716e-01 1.141998413724376465e-01
3.642460273043204855e-01 5.697117334707246794e-01 1.328203460663792967e-01
4.839199134772606548e-01 5.258850808239096120e-01 9.587513932583768828e-02
3.241316157576326629e-01 6.580372122805400181e-01 1.744048706803659199e-01
6.053686149132840866e-01 5.302995858607369994e-01 1.146712953180435146e-01
3.581581860182654342e-01 5.615413141100792371e-01 1.084119946200454987e-01
3.625140449531915610e-01 5.712305726600038769e-01 1.257388304337438978e-01
4.822408820744354396e-01 5.265675252980073218e-01 9.210808534406030035e-02
3.897963379214742785e-01 5.883647205157168658e-01 1.526516364005836568e-01
5.914516614951123019e-01 5.405489638863023583e-01 1.025512072834774552e-01
3.636110860292116609e-01 5.628146962321791680e-01 9.977622146051205732e-02
4.083107107142759373e-01 5.539335649036095655e-01 1.016846326001591277e-01
4.826446679296592657e-01 5.332535909613755898e-01 8.197911514966133018e-02
3.401787199546558171e-01 6.290367315826057570e-01 1.528573019127001942e-01
5.008306176064919457e-01 5.844758342250286898e-01 1.294944111563180733e-01
4.378919345762254389e-01 5.178809908484831581e-01 9.044703318257919789e-02
3.667748265852465717e-01 5.726066399924967243e-01 1.206371223819722865e-01
4.807373747185738067e-01 5.334601891307964028e-01 8.595333005416397332e-02
3.388077532274513248e-01 6.302433969372605027e-01 1.560674637054780545e-01
5.000099390690893042e-01 5.862393721589028717e-01 1.303436414318625836e-01
3.714071755256978524e-01 5.552167286374185551e-01 1.187224363583604808e-01
4.079927624067273273e-01 5.514726157225852132e-01 1.141529598202723761e-01
4.821227005184933190e-01 5.319760911111763857e-01 9.103875858435224455e-02
3.559492864562808778e-01 6.186678398641587417e-01 1.678061252908907008e-01
5.275993751325955827e-01 5.674899505986482628e-01 1.367726892047421705e-01
4.373451966495145449e-01 5.164415559243156206e-01 9.340429464638547175e-02
3.670341158970018558e-01 5.717782468515696381e-01 1.213738156128039425e-01
4.824282006646740117e-01 5.289271636700704216e-01 8.555595462521907446e-02
3.537596283365332939e-01 6.208890276518457263e-01 1.583079285639359124e-01
4.910190643902916929e-01 5.898345711035344330e-01 1.281796177011867433e-01
4.722075913190665886e-01 5.409521146457277885e-01 6.433057277160375564e-02
3.587280150894315289e-01 6.293949526394088112e-01 1.077800409299428941e-01
5.414418101895789315e-01 5.124383929808766780e-01 5.887982894627892538e-02
4.886708657587688909e-01 5.851776713710219457e-01 1.016428855151932931e-01
5.734859390995981077e-01 5.813240120641841591e-01 9.467410943526399780e-02
4.394462726497092575e-01 5.332238556706497823e-01 8.961846379050128486e-02
4.622359902898838246e-01 5.649791964556123425e-01 7.480877065432900430e-02
4.698297035593309579e-01 5.607148148657257192e-01 8.412506699875782479e-02
4.896781242838184056e-01 5.801442629861587319e-01 1.021167300395812438e-01
5.569061736750964275e-01 5.987610339721821662e-01 9.442962734687725124e-02
4.340367957067337024e-01 5.598562574289129845e-01 7.940542430251765205e-02
5.375247236394786743e-01 5.122901704348337137e-01 5.503783767493210244e-02
5.918016188498760322e-01 5.094355465572794062e-01 3.185394551409594099e-02
4.901211714923451868e-01 5.824643850928425959e-01 1.114581129968198747e-01
5.750783819043048251e-01 5.789885749930729908e-01 1.030827194849343736e-01
4.719002078453038429e-01 5.398420604610916218e-01 6.760321989736568782e-02
3.666919383473969951e-01 5.950942961464603664e-01 1.238350952436268471e-01
4.633956538864845709e-01 5.919990271171079455e-01 7.378236689181598418e-02
4.880600710379837115e-01 5.848742879336550349e-01 1.047990475845591990e-01
5.444776030312545867e-01 6.047789346794640863e-01 9.768031385508170461e-02
4.279569816662083248e-01 4.823199581000977010e-01 9.229494085750340748e-02
3.401978995399019268e-01 5.367204531613790630e-01 1.263332582979478369e-01
5.191241677174139868e-01 4.570165802573796232e-01 6.955990528497213443e-02
4.747296556955751257e-01 4.786612806452445468e-01 1.344754108500305911e-01
5.759831731852729231e-01 4.903788543163086766e-01 1.102401648256120387e-01
5.366588656908072297e-01 4.084112447825803405e-01 5.900069569183294393e-02
3.274826509561227783e-01 5.428706209196363375e-01 1.321405065109005628e-01
4.470357153330893341e-01 4.993560964521774892e-01 9.520788942944458100e-02
4.510945810170415293e-01 5.073437095918656992e-01 1.376677172625993262e-01
6.160831918875735447e-01 4.696269360731676890e-01 8.934379291566235670e-02
3.418893139165892214e-01 5.165269022404682664e-01 1.222757293186132327e-01
3.406268366081877663e-01 5.338344217281051352e-01 1.405355065597725661e-01
4.424324841756372417e-01 5.013243698133553750e-01 9.052331941279978533e-02
3.012562209035828387e-01 5.900205992966304214e-01 1.859202293696594899e-01
6.483084866581378947e-01 4.623283439093804903e-01 8.337181253315634200e-02
3.483384907599436087e-01 5.147514274309208382e-01 1.245167890399112576e-01
3.387536336272995441e-01 5.354990287910612601e-01 1.329958365932265851e-01
4.464213340465580382e-01 4.983649824427370811e-01 9.764986969086046631e-02
3.926651380006567216e-01 5.291446623452873421e-01 1.450389660585894303e-01
4.415223054577497308e-01 5.576026425576537937e-01 1.451288790933325801e-01
4.109148357466851365e-01 4.979159442510540656e-01 9.713392879164906013e-02
3.959220035304526486e-01 5.246557418042868681e-01 1.143489093357847181e-01
4.109813197635296955e-01 5.406904648082464515e-01 9.220943055761342266e-02
2.206545366282770260e-01 6.720142962162269917e-01 1.610260616824952251e-01
6.320283039615658405e-01 4.842404154041737296e-01 9.335785292150719505e-02
4.119060425410911441e-01 4.986524365006430037e-01 9.657252167622137895e-02
3.383640601802561654e-01 5.593537836989714851e-01 1.360989992892433498e-01
4.408125450760263520e-01 5.242199952146651132e-01 8.983656049562814550e-02
4.836238377623289231e-01 5.239975895677397855e-01 1.305472912593790835e-01
6.003817516338868510e-01 4.942359510828056024e-01 1.139662372680360081e-01
4.130619548665473428e-01 4.954752165451513646e-01 1.057338060876935049e-01
3.965605500004628081e-01 5.220713129714620315e-01 1.265043675608207019e-01
4.422835309985598262e-01 5.223269790196721774e-01 9.573223034604402826e-02
3.726689625705542075e-01 5.750917910651722753e-01 1.838260296920621040e-01
3.204330605947169341e-01 6.787996042478953163e-01 1.734621722654652309e-01
3.481229157398451624e-01 5.343237927027424394e-01 1.290848530675239025e-01
3.374640254146673013e-01 5.586262938014331381e-01 1.383796541693522453e-01
4.446256839751335233e-01 5.206836950632386385e-01 1.023825820627463495e-01
4.951662058121668597e-01 5.005621433596801895e-01 1.252636941793240088e-01
5.880023034021227835e-01 5.082944978849636142e-01 1.030545027093037469e-01
3.869983519404340266e-01 5.352472651102253565e-01 9.335449319839575488e-02
3.412604242008516753e-01 5.753847769773825505e-01 1.152008889147709547e-01
4.407780198350970124e-01 5.394087650282259894e-01 7.389752622727539799e-02
3.256965263643390451e-01 6.254296151207295873e-01 1.407104548942517686e-01
4.452986033776702435e-01 6.185732253343656506e-01 1.130430880010504097e-01
3.822929201473851402e-01 5.382847523810055934e-01 8.695129707050613943e-02
3.397731021793140571e-01 5.749229719405283268e-01 1.206104423329700387e-01
4.471635609958821700e-01 5.349774391333311785e-01 8.624404631450352521e-02
3.300255524240240934e-01 6.220816663368098354e-01 1.562502223221172992e-01
4.310088417829230356e-01 6.139152385669205403e-01 1.194275630764270874e-01
3.487298699020648374e-01 5.531956750574021919e-01 1.187133271263237644e-01
3.831705231849295568e-01 5.501163802668398439e-01 1.135017177343514427e-01
4.418800745873252556e-01 5.385119715308099853e-01 7.938507925190854686e-02
2.906894544925502366e-01 6.410272531156470111e-01 1.784356040466676119e-01
5.864570288091133232e-01 5.289509540978484248e-01 9.615911677908829669e-02
3.467753270764601381e-01 5.546398687714410025e-01 1.129996750504406178e-01
3.398070763398297611e-01 5.739947634999520432e-01 1.218305096179156527e-01
4.469428618525537744e-01 5.339364435375164586e-01 8.813539232711020688e-02
3.296606181902796417e-01 6.200040021156005832e-01 1.599327905119796722e-01
4.412778446227238471e-01 5.976959430746653368e-01 1.300538005593223079e-01
3.515749968693132055e-01 5.578318283072816186e-01 1.014517304650773416e-01
3.830858793996972933e-01 5.570144841798998492e-01 9.700608806413368868e-02
3.829355807508611487e-01 5.812025727942576880e-01 9.676823569543580028e-02
3.336174003122288068e-01 6.244608797119221011e-01 1.472672615296702625e-01
4.615905769016156457e-01 5.927343429912479422e-01 1.178467058481598301e-01
3.847791325176805888e-01 5.406081801475858262e-01 9.237970499508878219e-02
3.819209866302774037e-01 5.565266140622823210e-01 1.016103052960585507e-01
4.461859733258643490e-01 5.404329683501710724e-01 8.162858082032323215e-02
3.323299777177543546e-01 6.253512608670319661e-01 1.507970409416076463e-01
4.660814013418604906e-01 5.919023325391064017e-01 1.254641765014670451e-01
3.859003785860803393e-01 5.378553608276640530e-01 1.003205060365773005e-01
3.829250472671498762e-01 5.543656857248714376e-01 1.092105056536640667e-01
4.876020524534527278e-01 5.186140859851635643e-01 5.842252492802350872e-02
3.289992980580888626e-01 6.214843284823932112e-01 1.649741693699486866e-01
4.670451915811544286e-01 5.879911881971975340e-01 1.375167305678708929e-01
3.846232211295405046e-01 5.390192406433214067e-01 9.504312326084678186e-02
3.820044587855984108e-01 5.555273345307378818e-01 1.029264672059401892e-01
3.778289777965486151e-01 5.824179933401226750e-01 9.160113907484211671e-02
3.322210054169580928e-01 6.232227839848951678e-01 1.541641717914064569e-01
4.399475158074820924e-01 6.093027783595224012e-01 1.288540259398171517e-01
4.963632472837927190e-01 5.153647797378656525e-01 5.814501630915198949e-02
4.207360719185101461e-01 5.829399776595475258e-01 8.893031150503699633e-02
4.877443149856400262e-01 5.692840352284602723e-01 6.312897215612839341e-02
4.442588457583021011e-01 6.051234957773307110e-01 1.190007522194509032e-01
5.998757204475461124e-01 5.537122362833188927e-01 8.730884849551207028e-02
3.902732751574928827e-01 5.828086368174845155e-01 9.594145382407524847e-02
4.392008542164304585e-01 5.693549070158293590e-01 8.432348669173203581e-02
5.339598978870531143e-01 5.398843393345664765e-01 5.004596442643185344e-02
4.416271896759752513e-01 6.144174437581422232e-01 1.187504172234665478e-01
6.016890248530220031e-01 5.548978145127362316e-01 8.469756785982335279e-02
4.967970282091349610e-01 5.131748553739615692e-01 6.535736920354313917e-02
4.831744041058732564e-01 5.402842275815330497e-01 7.616266885505414141e-02
4.989086386837590092e-01 5.319990700744761103e-01 8.088364683721531445e-02
4.433483827497875507e-01 6.030147073217083653e-01 1.262507808830402589e-01
6.011425222293960147e-01 5.517329029892953374e-01 9.508144532829980455e-02
4.567800712803453678e-01 5.389945677486281950e-01 7.398553963041676340e-02
4.202448116925776023e-01 5.816381597879884957e-01 9.323288381591866847e-02
5.339226681552321496e-01 5.390729559892154521e-01 5.127468437455703909e-02
4.436321609842699965e-01 6.047251358906554630e-01 1.226514473160579405e-01
5.324499707612975197e-01 5.972972889399875696e-01 1.138819151742486019e-01
4.896398065946994116e-01 4.273989979457102351e-01 7.634805787237643193e-02
3.651474231529735492e-01 5.157025633093169636e-01 1.196770462355839226e-01
4.772937293298284978e-01 4.750826583710835438e-01 8.364012860752420564e-02
3.652153564147651021e-01 5.468277467360402877e-01 1.530788012583220725e-01
6.037655126197283284e-01 4.658170306947908568e-01 1.019561891953038174e-01
3.774885831354317656e-01 4.920011431306403615e-01 1.143369267239615905e-01
3.642653020820060261e-01 5.150877428351408049e-01 1.245618567708046132e-01
4.761073433255896825e-01 4.752005937177450900e-01 8.689400699617362556e-02
4.229624296778306536e-01 5.151799025772725305e-01 1.297936378968546911e-01
5.872840779306298664e-01 4.597518862284280527e-01 1.081207193262652411e-01
3.787261225678877352e-01 4.894143433060657578e-01 1.232914333658580025e-01
3.653693677684113350e-01 5.130679471736979691e-01 1.332357370121961815e-01
4.770627752457313742e-01 4.738427078983314389e-01 9.246325053597141685e-02
4.324399122129526374e-01 5.043767706753192748e-01 1.550147316013826548e-01
6.040710169474929891e-01 4.642653186314846248e-01 1.118663234103779852e-01
4.421289430716483504e-01 4.528797308374739039e-01 9.531664592446659201e-02
3.594814855069026760e-01 5.165863880490907389e-01 1.181556560148043916e-01
4.652741894790267674e-01 4.818904323791912692e-01 8.003058414686045619e-02
4.405186993825335739e-01 5.143383762853697139e-01 1.398679065626323437e-01
6.025109111918556248e-01 4.658436282261062544e-01 1.055674658193442444e-01
4.911498006678517436e-01 4.434182632556613601e-01 8.048805180900094058e-02
3.653110724101087392e-01 5.367918092156046539e-01 1.244136327359034733e-01
4.763406510157170426e-01 4.958992768136181728e-01 8.751109028518157251e-02
4.052871695556326537e-01 5.376757059041140652e-01 1.404419529659374222e-01
6.060783415488233405e-01 4.779028132910970172e-01 1.035156883971913300e-01
4.915944761777128469e-01 4.437434824315391046e-01 8.088832486248731524e-02
3.650083323661824086e-01 5.361009620205119397e-01 1.285818702671302494e-01
4.757245608307516527e-01 4.959801927114281805e-01 9.005511057082471460e-02
5.251428730088418817e-01 4.840674617370048227e-01 1.141369461841520022e-01
6.370466657792275278e-01 4.698672853109357450e-01 9.015909194031562768e-02
4.914221349471580846e-01 4.414247138975126994e-01 8.956233667471473481e-02
3.660167781833020828e-01 5.338537364424416065e-01 1.378521536653469493e-01
4.766239302904355379e-01 4.943928456523815074e-01 9.617639757748551455e-02
5.076502170879886311e-01 4.765345556669251526e-01 1.353461520737206103e-01
6.149916309101428613e-01 4.728833183014203301e-01 1.171011947959900157e-01
4.450662943614530631e-01 4.691179973086611055e-01 9.917733546689458390e-02
3.639152573706648242e-01 5.357866768482775210e-01 1.305301951537289895e-01
4.747448215858678933e-01 4.953283589673477816e-01 9.242733171382011559e-02
4.154399367874674898e-01 5.331565773609986403e-01 1.553389968056708703e-01
6.054795337407181677e-01 4.776285365617140566e-01 1.051168901335639977e-01
4.147688385725755711e-01 5.087854256779711370e-01 8.761114544606997401e-02
3.645959449540858710e-01 5.541413857115922159e-01 1.094898500501513133e-01
4.644537129738945391e-01 5.181516213271292193e-01 6.830782868113412232e-02
4.211413587030591876e-01 5.550311442327681144e-01 1.292351881666688740e-01
5.096933913246346481e-01 5.467132281805878735e-01 1.212668476929665146e-01
4.805696347065447349e-01 4.670573038514238551e-01 6.925453797175548654e-02
3.631690321100896068e-01 5.534814704146342468e-01 1.150083845148350131e-01
4.753344089064287514e-01 5.095624091123712729e-01 7.903902533441060918e-02
3.638732836806314319e-01 5.913913245011953590e-01 1.494405168588277544e-01
5.095408460276239504e-01 5.480151937213534330e-01 1.217349704322940734e-01
4.081490076788460986e-01 5.121698294426132447e-01 8.958060992209318507e-02
3.645721135267588897e-01 5.515486066190233849e-01 1.223084293465791367e-01
5.303840987787336037e-01 4.934768953648024925e-01 6.030024703603209524e-02
3.656852321116143556e-01 5.873761017885512636e-01 1.616466345521449521e-01
4.987871831785240517e-01 5.681790599827241106e-01 1.283384030734986414e-01
3.732160291923865558e-01 5.307717164730071380e-01 1.065825067414621075e-01
4.071792892293878419e-01 5.274042410117441015e-01 1.015651265176479023e-01
4.641379840815247904e-01 5.177815478647784797e-01 7.078691489687523319e-02
3.563487870820002956e-01 5.958224038376596088e-01 1.445057561260976731e-01
5.079995517431090679e-01 5.462397331579876836e-01 1.267808631943565523e-01
4.125372386256989654e-01 5.149387388650784603e-01 8.359709525647440742e-02
4.072965371042380212e-01 5.335695807581822825e-01 9.202951847753615411e-02
5.201458405384009609e-01 4.901937815178388780e-01 5.592938603718301815e-02
3.656795493253432450e-01 5.951918923581572818e-01 1.409222286454589190e-01
5.057994480558891670e-01 5.554632585879604179e-01 1.160343310963271174e-01
4.115151075213983045e-01 5.147096002363241718e-01 8.729604840512528163e-02
4.061188299046680217e-01 5.329141881269969794e-01 9.682262836407952433e-02
3.981751321125902576e-01 5.633727209789367585e-01 8.765734240125636068e-02
3.645272636250221909e-01 5.959032420319863022e-01 1.443907880597624094e-01
5.054585279666352626e-01 5.567110216538548872e-01 1.167890883786755624e-01
4.124696148539748752e-01 5.123804233306963329e-01 9.450143002555214111e-02
4.069105505571211645e-01 5.312183144873864338e-01 1.037083312591157297e-01
4.652128566013677413e-01 5.216450903293854413e-01 6.962593693578603138e-02
3.662639429879039898e-01 5.919971600676373624e-01 1.562501233699157832e-01
5.062228403551400913e-01 5.532522911676378552e-01 1.279244547533900933e-01
4.112951457779799869e-01 5.134786564726556701e-01 8.950572788037154670e-02
4.061139357134661010e-01 5.322955318152975401e-01 9.768167067372740542e-02
5.188771425558323935e-01 4.892970234589077982e-01 6.033171570178426368e-02
3.641817397883110319e-01 5.942011941234799366e-01 1.474708470104435232e-01
5.042160746279978900e-01 5.548573926032404069e-01 1.215084572529492590e-01
