9.262960414411171683e+00
9.038591613833130367e+00
8.332447972219966914e+00
9.156190579427537557e+00
8.291895973845250012e+00
8.153499645654539663e+00
8.819555740017028356e+00
1.632119699142838387e+00
8.288677233701656988e+00
1.151708840498579578e+00
9.174092688372338600e+00
8.793651334465414138e+00
9.702085444289760829e+00
8.960785195051315100e+00
3.647922658933163698e-01
6.524762163909735291e-01
9.116819026865023545e+00
9.262960414411171683e+00
2.949234429710801741e+00
8.514344002636514475e+00
8.617697376785113050e+00
8.952512999401051275e+00
9.262960414411171683e+00
8.999541475096755505e+00
9.262960414411171683e+00
8.525731488668707669e+00
8.853311267817462138e+00
1.086492947756663163e+00
9.267399061595908094e+00
1.135255723924440741e+00
7.916109609574126793e+00
9.511552168865515355e+00
9.510161034132320168e+00
9.262960414411171683e+00
8.512069329289563058e+00
9.262960414411171683e+00
6.499488790097429636e-01
1.031347560675296204e+00
8.810626148260276125e+00
9.238682223466858190e+00
3.281429174817503736e+00
8.917433421954410022e+00
1.316043452038853312e+00
7.823343161992532657e+00
8.667897783878427020e+00
8.422877783874023194e+00
9.027790304800792143e+00
9.262960414411171683e+00
1.989989448043291365e+00
9.262960414411171683e+00
9.093531897692505694e+00
1.002245539943214148e+01
9.021883900569227066e+00
9.378346589254276111e+00
9.262960414411171683e+00
9.053939338577485785e+00
9.262960414411171683e+00
9.262960414411171683e+00
1.975518199467605207e+00
9.491537818860029674e+00
9.262960414411171683e+00
9.196405501801057980e+00
8.543274969353510384e-01
8.760518825127608267e+00
5.496991806142206283e-01
9.312735138479068198e+00
1.165774585108806161e+00
8.328146221496055546e+00
8.164818885510632285e+00
8.857739010714711370e+00
9.262960414411171683e+00
9.166761349099985523e+00
9.435855714965265761e+00
9.182659578270248701e+00
9.262960414411171683e+00
1.911301134951150837e+00
9.892490700325245356e+00
9.166761349099985523e+00
3.237793035561461252e+00
9.115217425963702880e+00
9.895064688186200996e+00
8.586063432255102157e+00
9.084059940816629819e+00
9.262960414411171683e+00
9.175537729217511540e+00
8.926519538051191915e+00
6.902418172028225163e-01
9.104553302763923384e+00
9.175537729217511540e+00
8.711186261621287841e+00
8.715279359310532215e+00
9.979880763005640532e+00
8.548089221889346945e+00
8.673738767696010044e+00
9.993975539745248327e+00
6.198196595070781356e+00
9.320934150350918657e+00
2.224694378539700534e-01
8.569635369154520177e+00
5.759720396087402161e-01
9.468234358317657140e+00
9.262960414411171683e+00
8.946892825921638703e+00
9.410493242186735330e+00
9.008495774339593254e+00
9.196405501801057980e+00
4.992125735232634476e+00
9.281265765853364158e+00
9.262960414411171683e+00
8.683806558517307650e+00
5.250432337059608434e-01
9.123844690972557459e+00
8.908120246011312915e+00
8.623480715649963102e+00
1.002608735380717775e+01
8.604058862202967006e+00
8.994607907140148129e+00
9.262960414411171683e+00
9.262960414411171683e+00
1.170945289628103181e+00
8.701251358950132797e+00
9.586970397430921054e+00
8.308611403843292109e+00
9.262960414411171683e+00
4.189059777922807259e-01
9.922306523658408040e+00
8.871845231503204587e+00
9.143648479439750787e+00
1.823084912296051963e+00
9.011585819693946675e+00
9.104553302763923384e+00
9.132246667778826321e+00
9.262960414411171683e+00
8.033634188374849217e+00
9.262960414411171683e+00
8.424849423826467287e+00
9.262960414411171683e+00
9.217111675647947422e+00
9.225706920688050872e+00
9.108044127167188364e+00
8.628780477608710697e+00
9.191762047981895112e-01
9.168241941903906067e+00
9.262960414411171683e+00
2.276219913883376300e+00
8.963501590231091498e+00
9.262960414411171683e+00
9.615559976851521640e+00
8.911250518920251551e+00
2.212725949634768874e+00
8.126980239954042062e+00
4.735681808113036961e-01
8.507387979251275212e+00
8.848049220100113743e+00
2.925255195925218210e+00
9.262960414411171683e+00
9.225706920688050872e+00
9.048983455478571969e+00
8.878705927364466177e+00
8.717873982175001757e+00
3.047682374857002774e+00
8.479910762650849421e+00
9.262960414411171683e+00
9.789902069725158640e+00
3.045961122907697494e+00
1.705894318719256120e+00
9.988001044478572510e+00
8.668273871240343098e+00
9.965226795725577347e+00
9.201725983707328638e+00
9.068531359339488063e+00
8.857739010714711370e+00
9.262960414411171683e+00
8.787222134524357742e+00
1.943344163271212510e+00
9.912620887025493488e+00
9.262960414411171683e+00
8.270734908710716482e+00
8.051125711852295197e+00
2.158744957917673624e+00
9.262960414411171683e+00
8.963501590231091498e+00
2.581288118776102758e-01
1.004882358495214056e+01
7.873934131845178541e+00
9.506665133535248557e+00
9.023235730619838080e+00
1.794049257432931865e+00
9.220828548581835094e+00
9.262960414411171683e+00
1.034147116797521138e+00
9.732641620716929509e+00
6.018613529989128352e+00
9.088546399147261923e+00
1.541150925024889817e+00
9.238682223466858190e+00
1.696775243156819268e+00
9.340962079004141216e+00
9.262960414411171683e+00
8.946213972461123376e+00
9.262960414411171683e+00
9.536182631347537964e+00
8.051451381913539151e+00
9.201725983707328638e+00
1.041250849392803879e+00
8.726199557710877519e-01
1.235849704924484538e+00
8.932455810671264373e+00
9.193707832516997414e+00
9.262960414411171683e+00
9.168241941903906067e+00
3.075587622805141752e+00
2.876632926983765604e+00
8.625415885778611624e+00
8.908120246011312915e+00
1.679972746217821555e+00
9.262960414411171683e+00
8.878705927364466177e+00
3.018644255626750539e+00
8.046048218364584059e+00
9.710752270038479850e+00
9.607645160167090026e+00
9.174092688372338600e+00
2.000341315041702650e+00
9.135546474366362801e+00
8.715846285595153731e+00
1.931117136254597133e+00
7.919068751516213922e+00
8.622833188007160032e+00
9.163006512346282051e+00
8.949713646681503931e+00
8.884517968456394854e+00
8.297410945584093867e+00
8.949713646681503931e+00
1.338810066788048925e+00
9.253228323366322172e+00
2.547495929524455360e-01
9.772853276402562628e+00
8.731134644543553591e+00
9.193707832516997414e+00
9.228113514442702225e+00
8.831335430492254446e+00
9.192349492797340815e+00
9.931753984604446472e+00
9.262960414411171683e+00
8.895330648566302401e+00
2.648782095710537465e+00
1.445227785350671645e+00
7.272815834558440606e+00
4.600008695084950361e+00
5.817695235077064986e-01
2.966909971921729561e-01
1.382795272691081045e+00
8.296357749003368198e+00
3.422049814553208336e+00
9.262960414411171683e+00
1.578635537748264817e+00
9.168241941903906067e+00
8.288628518342587626e+00
8.427161955131243332e+00
9.262960414411171683e+00
9.270042599674471973e+00
8.317883159428079765e+00
1.815615162981569997e+00
9.053939338577485785e+00
9.262960414411171683e+00
3.096369720481551013e+00
9.702540551203876262e+00
8.486142243048192313e+00
2.301393006817217479e+00
2.089622681667776760e+00
9.262960414411171683e+00
1.639400859089344076e+00
6.900570351720626272e-01
8.553323309636745364e+00
1.939639498148790109e+00
1.332678431641095118e+00
2.328367631736075971e+00
8.780098929028316235e+00
8.157742933278941067e+00
1.319585429401598509e+00
9.181248825661688429e+00
9.262960414411171683e+00
9.851708835703579581e+00
8.908120246011312915e+00
5.998647307121728112e+00
9.128912304504702036e+00
1.411176682441046770e+00
9.064277912959951777e+00
7.873483798510806375e-01
9.218356234616376099e+00
8.830254933923018967e+00
2.567729011089489255e+00
8.648418036398147990e+00
2.102197554126851387e+00
8.259908855033398112e+00
3.399482577141343498e+00
9.262960414411171683e+00
2.223092237160885887e+00
3.290069759934365567e+00
8.590688421078949588e+00
1.150461069472701325e+00
9.157723219717786023e+00
3.761908276889999403e+00
4.982932482428670817e-01
2.242310283182957331e+00
8.856522387916420769e+00
2.428490820154596719e+00
8.017791248683810323e+00
8.994607907140148129e+00
5.209318584349601267e+00
8.655944712746954650e+00
9.262960414411171683e+00
3.339084728232936783e+00
2.697830744535859360e+00
6.582441312569571323e-01
9.262960414411171683e+00
8.750100175002753389e+00
8.849072788283507407e+00
1.344622055115048731e+00
1.646633223776801769e+00
9.262960414411171683e+00
1.972935230898286152e+00
2.203472626141842916e+00
9.843023069111124457e+00
1.876739683711146967e+00
8.576040703555227296e+00
9.262960414411171683e+00
9.772853276402562628e+00
8.617607731590743114e+00
8.882090085460253803e+00
8.968874524565640272e+00
9.115217425963702880e+00
1.149745076408432265e+00
8.531493757803055189e+00
8.992115484374874512e+00
9.228113514442702225e+00
9.772853276402562628e+00
2.081906769543443669e+00
9.176975813737087151e+00
8.410933105397651044e-01
8.289507730961311438e+00
2.889873371493150600e+00
9.127231983227561685e+00
9.182659578270248701e+00
1.703005664192741575e+00
9.262960414411171683e+00
1.481132531283506859e+00
3.277310153216494104e+00
9.262960414411171683e+00
9.262960414411171683e+00
8.960785195051315100e+00
9.093531897692505694e+00
9.049715432091364420e+00
4.146813889599483716e+00
9.262960414411171683e+00
8.369615483223414643e+00
2.757423834476071089e+00
1.203888072006688148e+01
3.071491549165624724e-01
8.415472936038211671e+00
9.262960414411171683e+00
9.427149148097443643e+00
9.148411222434898349e+00
3.770360555571962813e+00
1.466370397488652610e+00
9.262960414411171683e+00
1.254611056571595551e+00
7.946652514966648262e+00
9.234037013527871096e+00
7.791804147488545773e+00
8.875291152246024495e+00
9.064277912959951777e+00
2.207272125914530481e+00
9.023235730619838080e+00
9.262960414411171683e+00
8.917433421954410022e+00
8.997083167250238489e+00
1.612285880846404007e+00
9.260727117599344638e+00
2.761160215581647925e+00
9.032286687161736438e+00
8.847634573124471657e+00
9.262960414411171683e+00
7.731805206953078491e-01
4.966635919735799654e+00
8.761286006768184365e+00
8.826630695036980612e+00
9.262960414411171683e+00
8.395042995226043914e+00
3.355616514471711831e+00
4.209496604010963816e-01
2.000026504506512204e+00
8.908120246011312915e+00
7.031710279212395331e-01
1.604387430515467505e+00
9.262960414411171683e+00
9.262960414411171683e+00
9.732641620716929509e+00
9.019682941073076776e+00
8.958048485306379760e+00
9.225706920688050872e+00
9.250541071738769716e+00
2.953805204467744971e+00
9.123844690972557459e+00
9.685675901714434488e+00
1.649102617118459180e-01
8.713574288987141259e+00
8.432886334030762043e+00
7.811133176300560699e+00
8.958048485306379760e+00
8.828084586042326265e+00
1.196112540634138632e+00
2.689735571670207381e+00
2.074110427094719267e+00
8.117472892793161421e+00
2.762920384003900720e-01
8.041785143599168961e+00
9.196405501801057980e+00
9.335232996263606253e+00
9.262960414411171683e+00
9.262960414411171683e+00
8.601080587415816936e+00
9.478709811270251251e+00
1.000543586191113166e+00
1.879667219791556709e+00
9.252138414911984299e+00
1.654507070453166584e+00
9.262960414411171683e+00
9.234037013527871096e+00
5.379977376154467805e-01
8.586063432255102157e+00
9.128332276641085485e+00
9.967355897004466669e+00
9.960931855912411592e+00
9.459393906634625537e+00
1.375739340498144170e+00
1.187160450033988957e+00
2.846052629265380940e+00
9.262960414411171683e+00
7.767085459593055852e+00
8.701251358950132797e+00
6.224071464770686291e-01
1.640024907864368497e+00
9.912620887025493488e+00
9.084059940816629819e+00
9.262960414411171683e+00
2.802486866914622787e+00
8.570441281706374426e+00
8.901780005204628310e+00
9.905193830534878785e+00
8.305979474832284382e+00
1.614798925003287033e+00
8.804252453130388290e+00
8.261428261570815224e+00
3.883403595505256156e+00
1.254197614110636794e+00
1.211178459924862283e+00
7.977750168987236989e+00
1.167406593668027126e+00
3.718019757977384376e-01
1.852619887772692042e+00
5.888804525136915657e+00
9.237528598885679898e+00
1.048281487264415945e+00
9.476144887202085698e+00
8.507011672515526257e+00
8.221333900274808926e+00
1.345589997117546455e+00
2.916598458025959850e+00
9.793227795008730752e+00
8.562797758997458430e+00
9.701173969399345509e+00
8.946892825921638703e+00
5.551120305465053750e-01
2.093634840539792652e+00
1.995662273405600429e+00
9.182272812780999161e+00
2.539110713000795716e+00
3.915173180396528951e-01
4.217117421352138962e-01
9.262960414411171683e+00
4.298371760907836681e+00
8.148638881918015997e+00
9.210803444424852771e+00
8.257764820995454613e+00
1.113144301066964825e+00
7.866529749768943702e+00
8.640906225110942529e+00
8.349575946812368699e-01
1.514074212791956198e+00
9.201725983707328638e+00
9.958765772612927947e+00
9.262960414411171683e+00
9.828113533537139901e+00
9.365905163644999476e+00
1.840570471328752289e+00
9.262960414411171683e+00
8.683329471837257785e+00
9.262960414411171683e+00
8.460990706135934403e+00
9.262960414411171683e+00
9.262960414411171683e+00
9.172640640671788859e+00
4.869507232516090411e-01
2.805099034277744430e+00
8.350973043756754421e+00
9.262960414411171683e+00
3.718587460328256489e-01
3.879427229577389280e+00
9.863002418448305164e+00
8.301801052080659549e-01
9.282882427618286414e+00
9.018621628875608920e+00
8.901780005204628310e+00
9.064601959808994636e+00
8.045871615927888243e+00
4.707257049827267004e-01
2.052374441903653590e+00
3.961153882828077677e+00
8.771063828314492383e+00
1.000563857890017871e+01
7.822065769391631562e+00
9.036726167011339683e+00
2.689545589190545538e+00
9.262960414411171683e+00
8.117205074102846751e+00
9.262960414411171683e+00
9.137183596180289413e+00
3.602659796774089429e+00
1.613835067225370068e+00
9.043281406424622304e+00
8.434833609522005560e+00
9.264911720170879050e+00
9.172640640671788859e+00
1.678930323716253392e+00
8.958048485306379760e+00
7.991729948893702584e+00
8.848729875448883675e+00
8.823705918335274845e+00
9.053939338577485785e+00
8.554162122507923627e+00
9.201725983707328638e+00
8.640906225110942529e+00
6.760918067821500843e-01
9.047583984949186586e+00
8.946892825921638703e+00
8.960785195051315100e+00
9.084059940816629819e+00
7.880002487501327479e+00
8.774016920606069192e+00
8.830424402955925345e+00
1.001133217833439382e+01
8.309950266724849044e+00
8.601080587415816936e+00
8.480920252294577466e+00
8.414781894476510260e+00
9.262960414411171683e+00
9.262960414411171683e+00
9.262960414411171683e+00
9.262960414411171683e+00
1.535656068966018584e+00
8.009608774824593880e+00
9.016291824495077378e+00
9.831140163961721967e+00
9.919907856229386311e+00
8.365678790993074543e+00
6.223128243450902763e-01
9.186851748599771383e+00
2.092420961536985757e+00
6.109064401236775410e+00
1.005553061101079848e+01
2.562250401595935756e+00
1.874772306294459678e+00
8.882090085460253803e+00
2.102814204999451153e+00
9.004408055668596589e+00
9.262960414411171683e+00
9.988001044478572510e+00
9.135546474366362801e+00
9.262960414411171683e+00
2.284819581830907609e+00
9.192349492797340815e+00
9.632261604355328188e+00
1.302161056762782598e+00
3.320160070686692388e-01
9.004408055668596589e+00
9.135546474366362801e+00
1.245952590463339726e+00
3.540871122896129819e+00
8.635235166515192518e+00
9.141158036527132325e+00
1.004534345669082063e+00
9.695625991222060591e+00
7.835860141690135228e-01
8.839758425679448806e+00
9.262960414411171683e+00
1.561928090848340833e+00
9.262960414411171683e+00
9.009209253797736849e+00
9.258607670604451556e+00
3.816188601198191588e+00
7.670829195936802458e-01
9.089775258272139169e+00
9.262960414411171683e+00
1.703874512186774881e+00
9.670149971803525535e-01
3.457912668355934915e+00
9.724888644711054297e+00
5.868752986023931806e-01
3.232989570772172083e+00
5.217129358629960301e+00
9.262960414411171683e+00
9.151546437363149877e+00
1.005553061101079848e+01
9.673048674453912810e+00
1.078831685596256085e+00
9.262960414411171683e+00
1.360565152586422855e+00
8.920486843784059872e+00
8.917433421954410022e+00
9.262960414411171683e+00
9.218356234616376099e+00
9.262960414411171683e+00
8.808364146052642951e+00
8.765185698469352360e+00
9.078245712278654622e+00
8.631155872223125414e+00
8.908120246011312915e+00
8.968874524565640272e+00
8.896198057793871072e+00
8.685772438932374939e+00
4.047576053326848111e+00
1.897400154807258765e+00
9.237528598885679898e+00
9.239445518080690034e-01
8.885444141393501027e+00
8.743886007701146212e+00
1.351523133266343102e+00
1.939235885786040781e+00
8.871845231503204587e+00
9.208239602383551770e+00
2.616787052340623809e+00
7.997926495315558881e+00
9.779758594187056175e+00
9.043281406424622304e+00
9.432988529817668777e+00
8.989605684458419788e+00
9.041109989360819554e+00
8.662551670147813354e+00
9.235206023748274262e+00
7.836372803744360738e+00
9.262960414411171683e+00
9.262960414411171683e+00
9.151546437363149877e+00
7.349539134576172916e-01
1.602666732931231852e+00
7.068142348726917934e-01
7.790541297008479305e+00
9.262960414411171683e+00
9.262960414411171683e+00
2.976084709140474072e+00
3.406822686968658864e+00
9.262960414411171683e+00
1.874977756848546617e+00
9.262960414411171683e+00
8.797245280809791179e-01
1.280964532586660809e+01
4.030093049584687059e-01
9.724888644711054297e+00
9.626154645132102061e+00
9.013946615121550821e+00
2.849373592292414159e+00
3.440345563368255810e+00
9.262960414411171683e+00
9.262960414411171683e+00
2.497800704786016901e+00
8.971531593519118886e+00
9.262960414411171683e+00
2.578276726336556468e+00
8.695532122927746244e+00
8.418336292798935361e+00
8.803792804564906760e+00
8.768190215294712431e+00
5.276463137369408862e+00
9.262960414411171683e+00
9.262960414411171683e+00
9.095394445507086090e+00
4.326788831630481447e-01
1.466753388640405831e+00
9.266184552947128950e+00
1.006210908356979594e+01
1.080763555744918225e+00
4.824249368957242545e+00
9.262960414411171683e+00
3.722268125558796825e+00
9.684257573644689643e+00
6.350375336914478863e-01
9.262960414411171683e+00
3.055301062565772829e-01
8.734476848914003000e+00
3.484783648571331049e+00
9.123844690972557459e+00
4.535445674453522535e+00
2.015238202490296171e+00
9.676755497934742545e-01
3.793034552183041086e-01
8.540678958600249615e+00
9.762271463416114514e+00
9.066308739756815172e+00
9.262960414411171683e+00
8.601990653138496867e+00
9.135032708939545998e+00
8.887935513569367174e+00
3.842637641543147353e+00
8.095933729825899761e+00
9.109928828967834846e+00
9.262960414411171683e+00
7.815411205638495673e+00
7.823343161992532657e+00
9.151546437363149877e+00
2.142861384007200609e+00
8.794016387923017319e+00
2.246182492854049695e+00
8.795894504874754105e+00
8.475573212130461442e+00
8.298444706421740591e+00
8.775645745452980151e+00
9.270042599674471973e+00
8.400750197392126140e+00
8.577635161030899624e+00
2.536932368236656243e-01
5.513935965848189902e+00
9.170703326425190482e+00
8.541510790225959937e+00
9.262960414411171683e+00
2.255340285427613445e+00
9.712089780559910679e+00
8.955291181818688884e+00
2.327323363726069516e+00
9.567866508021401373e+00
9.262960414411171683e+00
9.345033181609117889e+00
3.665683897088284349e-01
5.219894768705845012e-01
9.018621628875608920e+00
2.292796217963629923e-01
8.349280747775225109e+00
9.023235730619838080e+00
2.585180173767856804e+00
8.636800359812452754e+00
9.078245712278654622e+00
2.111799477010783299e+00
1.097339966579310477e+01
2.751679027516493292e+00
9.262960414411171683e+00
9.262960414411171683e+00
9.698388141106784488e+00
1.141710617250290438e+00
9.045439356938683062e+00
9.185460992960791771e+00
5.752655685597636293e-01
9.132246667778826321e+00
9.211434551289173100e+00
7.957210021239340403e-01
8.846388430598777219e+00
9.118695986312323143e+00
2.125035923015764716e+00
9.056032069612850677e+00
2.266024372286819855e+00
8.669961549609560336e+00
6.164706328761986320e-01
9.049715432091364420e+00
9.936391604388601806e+00
9.074313177404796704e+00
4.598622093319619353e+00
7.974880642482400361e+00
9.262960414411171683e+00
3.838115984482765253e+00
8.256126650031145431e+00
3.888974250981805381e-01
9.193707832516997414e+00
7.920049151916900065e+00
7.765678140620335235e+00
9.728783332827521946e+00
9.188235931232915377e+00
8.767133974823224207e+00
9.879360408349953104e+00
1.010053844164428760e+01
9.262960414411171683e+00
8.522394868111382138e+00
9.567679610342098684e+00
8.456826683561486036e+00
9.151546437363149877e+00
9.232862814580485633e+00
1.853353060992195989e+00
8.449103966486005035e+00
9.163778302502057826e+00
4.645951713507882275e+00
8.901780005204628310e+00
9.981927674975208831e+00
9.030045688314327634e+00
9.262960414411171683e+00
8.576040703555227296e+00
7.774633872631017795e+00
9.262960414411171683e+00
9.212076602485970156e+00
8.916330185353402271e+00
8.736964146832059797e+00
9.262960414411171683e+00
9.262960414411171683e+00
8.440640580240412305e+00
9.262960414411171683e+00
9.036726167011339683e+00
9.262960414411171683e+00
1.772756518224070099e+00
9.186851748599771383e+00
8.298272443299659074e+00
7.317935650924036750e+00
1.011053658614293127e+01
9.262960414411171683e+00
9.138812289680194212e+00
9.501448394662318719e+00
3.310063239953708325e-01
9.021675665045553183e-01
2.919608871965901020e+00
8.432886334030762043e+00
3.682467148517388988e+00
1.357593835781227387e+00
8.929499547977904683e+00
3.428131219254353823e+00
9.224495525284254427e+00
9.416122181406175073e+00
9.262960414411171683e+00
8.868367622293961361e+00
8.386687175024547969e+00
9.580299891234997034e+00
1.005051261207111679e+01
8.471714465033560515e+00
1.676425075550588728e+00
9.262960414411171683e+00
9.262960414411171683e+00
1.044970090077487423e+00
8.754828036042484385e+00
9.154650275266790871e+00
8.990420518934486793e+00
9.262960414411171683e+00
9.102741737271189848e+00
1.240398085425471031e+00
8.718202944276368882e+00
3.561305115064346438e+00
9.108146760406757636e+00
1.559761894590254272e+00
1.584294636843325055e+00
8.702977775571232755e+00
9.262960414411171683e+00
8.671224193359458710e+00
9.043281406424622304e+00
1.280964532586660809e+01
8.376920477719147939e+00
8.808364146052642951e+00
1.672934762342933368e+00
9.095394445507086090e+00
1.000754645091252648e+01
9.262960414411171683e+00
2.881851119455769994e-01
9.018621628875608920e+00
8.814792104532660488e+00
8.768190215294712431e+00
9.262960414411171683e+00
8.311740890219111222e+00
9.949974403166374159e+00
9.108146760406757636e+00
2.669893629957296177e+00
9.097246608512820742e+00
9.076285156632170725e+00
1.900365203066741504e+00
9.262960414411171683e+00
8.357119650586449566e+00
9.091658868090894074e+00
9.095394445507086090e+00
9.515271502548836580e+00
9.262960414411171683e+00
9.248840150023056594e+00
1.280964532586660809e+01
9.016291824495077378e+00
9.917494140587239215e+00
9.011585819693946675e+00
8.878705927364466177e+00
2.736644944154225545e+00
9.262960414411171683e+00
3.619087390773855439e+00
9.262960414411171683e+00
9.331068446037035002e+00
9.262960414411171683e+00
2.655934600538087942e-01
1.003676461650676544e+01
9.174789644728516436e+00
8.994607907140148129e+00
9.262960414411171683e+00
9.262960414411171683e+00
9.095394445507086090e+00
8.466793816834146114e+00
8.076840109315492455e+00
2.384897982366377622e+00
9.262960414411171683e+00
1.003500740700494553e+01
2.099064104169208189e+00
9.471611777538669230e+00
1.921380847299486883e+00
1.485155422123454638e+00
8.989605684458419788e+00
2.016803271654661778e+00
7.462491712946688338e-01
1.692334054645486807e+00
8.130608998370906448e+00
9.190984758682843037e+00
9.078245712278654622e+00
9.262960414411171683e+00
8.856928278178472169e+00
9.262960414411171683e+00
7.868252416128047599e+00
8.878705927364466177e+00
2.022148491910956025e+00
3.514922357177594048e+00
1.979171215565598940e+00
9.640362297504465161e+00
4.286308217096336803e-01
9.640362297504465161e+00
8.481644326744707030e+00
1.694885833137673936e+00
9.262960414411171683e+00
5.091116779321364083e-01
8.878705927364466177e+00
9.118695986312323143e+00
8.994607907140148129e+00
8.871845231503204587e+00
8.646494138202102775e+00
9.262960414411171683e+00
9.375020760562431832e+00
8.733934716132365494e+00
1.548810062447629088e+00
9.262960414411171683e+00
9.009209253797736849e+00
9.262960414411171683e+00
9.076285156632170725e+00
9.262960414411171683e+00
3.333148408840903798e+00
9.108146760406757636e+00
8.698750471527480599e+00
8.913447708091995381e+00
8.284523311537208556e+00
9.070334494825088356e+00
9.278027749301804405e+00
1.871041024331943525e+00
9.262960414411171683e+00
6.538451312340085586e-01
7.847022079051368948e+00
8.872340417111960420e+00
8.257142389818348249e+00
9.905193830534878785e+00
8.278592321172411062e+00
9.204457024921609332e+00
7.796266739952132596e+00
9.511606696260157534e-01
9.038924959234872603e+00
9.040691138473937016e+00
8.473783935992953431e+00
9.064277912959951777e+00
8.280294015556526332e+00
8.677793050928576335e+00
7.771075121423468346e+00
8.409293482650996410e+00
9.204349455870600494e+00
8.761028037681374059e+00
9.032286687161736438e+00
9.383014214412760623e+00
8.520789069888325074e+00
9.423370728122328899e+00
8.839504554234730582e-01
9.404344623573395623e+00
9.262960414411171683e+00
5.207005822505923476e+00
8.773180661503616307e+00
8.978861891091884928e+00
2.092901899373375674e+00
8.636177802587017283e+00
9.172640640671788859e+00
