1.062495993053210186e-01
5.246289276736840756e-01
7.269246417505942359e-01
6.065733607693130081e-01
7.121014524856217331e-01
5.817061558766302154e-01
6.475340976236717561e-01
1.056559805216648606e-01
4.955063355277695147e-01
3.103474809609325646e-01
6.051600401060484025e-01
6.750876490011830100e-01
2.692842257374324921e-01
8.752800102465929655e-01
5.769945501043087788e-01
8.595206708694477227e-01
7.953555607491464841e-01
1.085103130363852975e+00
8.215368802666693782e+00
6.434923442708896657e-02
7.347226748854520650e-01
2.034219442564538793e-01
4.726902894737747829e-01
7.095361252345833147e-01
1.081716383286438932e+00
8.286892396839280472e-01
2.098110654693911489e-02
1.960087455081984675e-01
9.498125067788375508e-01
6.484697662264553575e-01
2.875317418933580060e-01
1.108194613712369048e+00
7.955686001392366924e-01
8.306824778676611398e-01
2.573928041101521402e-01
8.981942969163836388e-01
1.136838345108000248e-01
6.726425828309704480e-01
8.149643986781895943e-01
7.058695687320896139e-01
4.569596146467510001e-01
1.146018072251000941e+00
3.347591858736002901e-02
5.241249313721001446e-01
2.679814025058364566e-02
9.410217175891762986e-01
7.281851879683775008e-01
9.846983890240389448e-01
9.807856382943426210e-01
9.022176749471607637e-01
6.013346063466998848e-01
8.250456284457743372e-01
5.591698956675947851e-01
5.496176333299982453e-01
1.146828509911278715e+00
8.642931159567102117e-01
8.054200165549382229e-01
8.467762783852811337e-01
1.027329790950975763e+00
1.062482401087759376e+00
9.852820138462446975e-01
6.253035508063210512e-01
1.315807751154590421e-01
4.035107552649703222e-01
8.786261673044731824e-01
1.122224397967194753e-01
2.711656934939072894e-01
8.679347965319936797e-01
6.125389294667514806e-01
9.844090027359185535e-02
1.134420588218484793e+00
5.479124949100930841e-01
8.963254688724462405e-01
3.271242295059144656e-01
5.679367088722034329e-02
2.443177292593437244e-01
4.525434343223535549e-01
7.020194618926458574e-01
7.389489989209613308e-01
9.845938884433835803e-01
8.998065655666981355e-01
9.879026155566771328e-01
9.245352311778761711e-01
1.033631027150298420e+00
8.207816254550006629e-01
7.290855157723277746e-02
6.962818490326667664e-01
1.046964316265502383e-02
3.262085078590357123e-01
1.031819372897852860e+00
5.144923680565305357e-01
6.176510539723927273e-01
1.015062196780335269e+00
3.089116221762367998e-01
7.125094379462254546e-01
9.123144598347542322e-01
7.803305568128551251e-01
7.540243247706639451e-01
1.998691614668927641e-01
5.098316861259636346e-01
1.026028085450914951e+00
8.177315608331151564e-01
8.325552332407777645e-02
7.817432749856390028e-01
5.052770212076610479e-01
6.692331133115098085e-01
4.554510808194442983e-01
1.650272418956226339e+00
1.544888350293780688e+00
7.051691632304734059e-01
7.190811096079399167e-01
8.440965753390605730e-02
6.270292654612961147e-01
9.113858847675584962e-03
4.663967344577543139e-01
7.118471668655133033e-01
3.120721008558187681e-01
8.358362476291396614e-01
8.788068402119820766e-01
7.861491230449295653e-01
1.132584150623234365e+00
5.334511597456852855e-02
8.113360551515036434e-01
5.156335189734230218e-01
2.404666921658693002e-01
1.308383241173727563e-01
4.766516823621792520e-01
5.964490859750426477e-01
7.529519107691734492e-02
9.899551765949762272e-01
8.640172974193994770e-01
1.465062482418482137e+00
1.245301662084859817e+00
1.106602474792120372e+00
5.237564947669749449e-01
2.486437751349233893e-01
8.858371902424642119e-01
6.640335496632181478e-01
7.269246417505942359e-01
1.329637405977230624e-01
1.008236441983068499e+00
3.444441700847456489e-01
5.480532245266054314e-01
1.786331400018157378e-01
8.075042798162233026e+00
2.875317418933580060e-01
5.337530127335496921e-01
2.666460151507619170e-01
1.072011772591831225e+00
1.890049304000541164e-01
2.910213982205912542e-01
6.421194003727176414e-01
8.140609401466125661e-01
3.446712038667624767e-01
2.622242873416043563e-01
3.947009765815065246e-04
1.932839657207463757e+00
1.093914543837290143e+00
1.439192695083882922e-01
1.302194445740099127e-01
1.547087670466174569e-01
5.513972911715112613e-01
7.732275677353745991e+00
9.646152521659748791e-01
1.471003261689472243e-02
2.336841549370005378e-01
3.243734343991372393e-01
4.477746896418279277e-01
1.046028950663957291e+00
9.067678831475867174e-01
4.700808871140589318e-01
2.544135347360328425e-01
1.040077599964758681e+00
8.998065655666981355e-01
1.099040549547399159e+00
5.100704977406009810e-01
5.255302748718126971e-01
1.749750852276916180e-01
8.104597831284898746e+00
8.738520426206780600e-01
5.724149472642205971e-01
5.191338985411345641e-01
9.159440669946634916e-02
3.058899921526073706e-01
1.136702702780197916e+00
7.151420053250159281e-01
8.215368802666693782e+00
2.231691078232216074e-01
9.812792364708025072e-01
2.932849124106017835e-01
1.872542318226742886e+00
5.532179316040002348e-01
7.035876893932379028e-01
9.027330260873281942e-01
1.159087563362997342e+00
4.005731221687900412e-01
8.213953173002307651e+00
6.961862707571645492e-01
9.703443372642525308e-03
1.210509307311175009e+00
9.545423356595422737e-01
8.216452829450007211e-01
4.467906833861946536e-01
1.212073206114209212e+00
3.868393209582328685e-01
5.769945501043087788e-01
7.955686001392366924e-01
4.309449279079358153e-01
7.151420053250159281e-01
8.039680090643898325e+00
1.429970113174725554e+00
4.710374080291134663e-02
6.790400282115121033e-01
6.347383619516753228e-01
8.134520869985129021e-01
9.232493186913133254e-01
2.949968681562976092e-01
1.168945802161621028e+00
4.523256741763660438e-01
5.219856052815352587e-02
7.275748660008957147e-01
4.820477634172716241e-01
2.840735796247410017e-01
1.918852944040337460e+00
4.433624287565450239e-01
5.073764336413605358e-01
1.084907694420764734e+00
3.483989286887106268e-02
4.512131447239575710e-01
9.511719442395210056e-01
1.102631620845439420e+00
2.309783148997833838e-02
8.215368802666693782e+00
8.209689199591903019e+00
9.631920677517078477e-01
1.313218531743211570e-01
7.885285178262827266e+00
6.829793519442778349e-01
1.975538045104529572e-01
9.249690326961318432e-01
7.585479354886711656e-01
7.680521510816878950e-01
9.797380207667683027e-01
1.037368605625989954e-01
4.929918561352426010e-01
1.035918455008331129e+00
1.279101677180010110e+00
5.445487458088069666e-01
5.335234698712232326e-01
1.175461920782192443e-01
6.800443270791478589e-01
2.563105838945309994e-02
2.222630333018367765e-01
9.226852914763828961e-01
8.252360771625165681e-01
8.388688760710710790e-01
7.683400024112019278e-01
6.191964467166843900e-01
1.712188727695033996e-01
4.572344532179367094e-01
7.085535854963755931e-01
7.692734877508902169e-01
3.612082625687799142e-01
8.437810032036012764e-01
1.575503815245673067e+00
8.997645421642439523e-01
8.572794430622696638e-01
2.302348923649870649e-01
1.234070652430030002e+00
7.308292911480219756e-01
2.470781077616567567e-01
7.644888228127604268e-01
1.065663588491974290e+00
5.577001242359347355e-01
5.210825502034265311e-01
1.003789965700914964e-02
4.641144653654931673e-01
6.270508733325008688e-01
8.213953173002307651e+00
7.902687536692705184e-01
7.843586827238511194e-01
2.280909616726767841e-01
1.734059763995527415e-01
1.107071330265368303e+00
1.415872332744031459e-01
7.918416807372995470e-01
8.205399357630511759e+00
7.828541655888459072e-01
2.143922017886688014e+00
1.972864890065916532e-01
1.000803074461108499e+00
3.936609393324890238e-01
8.816458449805142372e-01
8.242832778029040020e-01
1.300775602909942652e+00
3.184971592385549832e-01
1.049709344208840545e+00
8.945328555490323907e-01
4.237298216246416227e-01
8.204681846882811769e+00
8.120947849440611321e+00
1.224922066520170105e+00
2.130482876397448710e-01
2.836917421782318982e-01
7.681599335346346313e-01
8.160241668021704697e+00
5.053690319207451154e-01
4.638296016707628699e-01
1.002110828723876246e+00
1.255246704583605322e+00
4.600725088500422499e-01
3.125155575992896728e-02
7.728062516242751201e+00
8.370518629605087080e-01
5.937507535867244668e-01
1.096541452017703921e+00
8.185543260436269897e-01
1.430739962767576312e+00
8.228966414989398181e-01
2.641779261487645636e-01
5.317706013950465049e-01
7.573822409686508106e-01
5.069131562108788458e-01
8.157944621774756655e+00
5.688467177164462374e-01
3.843917967217612419e-02
7.539095440251499802e-01
6.022059880284115208e-01
1.048336143140579990e+00
1.037351192300964842e+00
2.020442541656067639e-02
9.812792364708025072e-01
1.001079308801798851e+00
7.566410815674824430e-01
7.077219668404828301e-01
7.830938221853397385e-01
3.790354281520247892e-01
8.467762783852811337e-01
7.288783814232775438e-01
1.087874008137913462e+00
1.281652195120926097e+00
6.389645517795117247e-01
6.330524529462057126e-01
6.587111231218569785e-01
9.395673403411626268e-01
7.075469093741969528e-01
6.643431079750600210e-01
1.211945125878823720e-01
8.646793675053944250e-01
8.205399357630511759e+00
8.213244293964304887e+00
7.087927051777976883e-01
2.309456944026110625e-01
6.669257459583608494e-01
4.822127458641720099e-01
1.461384350180312763e+00
6.405232848483276564e-01
9.523732947526550863e-01
1.925540684702037042e-01
3.190823110327344336e-01
1.865317866033801453e+00
6.160075501581261381e-01
7.748909248595595711e-01
6.653268452065821403e-01
9.963555783812854116e-01
6.246574184647940564e-01
2.875678783828732876e-01
9.755907550295084274e-01
7.069416392484862977e-01
3.938690881316940229e-01
7.473307232805446176e-01
1.182633297332218891e+00
2.419004153733843143e+00
1.078750510239245841e+00
3.824762351278939709e-01
7.814081851509062648e-01
7.424760738889240042e-01
8.861282405784054461e-01
6.379368093229068615e-01
6.944869615690512088e-01
9.782030257801425099e-01
8.161005694872034866e+00
1.970111407689386362e-01
6.552573813346806997e-01
6.751533255703274783e-01
4.981999377333247714e-01
6.041426234437327070e-01
8.264111488889870349e-01
1.182461370408037782e+00
4.710827642490697520e-01
5.865987285511088389e-01
4.346234002594805412e-01
1.064572791554524223e+00
3.222921511771442704e-02
1.191116478737458184e+00
8.391133109676177648e-01
9.607029073374722117e-01
6.379368093229068615e-01
5.246289276736840756e-01
7.568764663364745127e-02
8.012864758876410143e-01
2.119574543782876574e+00
7.404106296795351927e-01
1.805949366055091543e-01
1.072011772591831225e+00
8.215368802666693782e+00
5.109991783041292757e-02
5.085666046929667727e-01
6.262146129661457783e-01
1.014165286228922547e+00
9.700373273734839152e-01
7.207105972143859063e-01
2.462900254497251418e-01
7.463363002115517286e-01
7.916607837181738327e-01
8.189324917257949643e-01
1.083473518739844321e+00
1.068840031465242868e+00
2.278414972914735714e-01
3.999910315485846191e-01
1.013665233534378346e-01
7.153098645023470148e-01
8.213930960664811431e-01
4.749432029763265423e-02
1.065722393995869988e+00
3.598665035681046787e-01
6.276658415342327713e-01
3.082070731558200216e-01
8.696016354416336025e-01
2.703603678862110948e-01
1.122314440842599570e+00
6.752687468391044279e-02
1.733685795014915376e-01
7.923990124090322107e-01
4.568116688817620563e-01
5.472053805474865751e-01
1.957774721683240293e-01
2.858597855176014391e-01
6.099527439099011045e-02
2.850255409987758060e-01
3.670090070044802477e-01
2.832493857163943529e-01
4.324537205234069703e-01
2.530004368276161930e-01
6.109376682414572324e-01
6.817472901842812627e-01
7.573757502040552765e-03
7.001579137456799273e-01
1.352636576112020705e-02
7.382902461488215495e-01
1.168452726734604985e+00
3.494952989378778963e-01
1.106549386779503985e+00
5.778254157439884908e-01
2.067351195936656949e-01
7.248048811036290617e-01
8.250456284457743372e-01
4.303508387336077989e-01
1.498220386742418475e-01
5.383884735318231751e-01
1.243186925352105345e-03
2.643121054809253190e-01
5.996387727011082136e-01
8.014769643720571324e+00
1.627402844849004770e+00
5.429861987116365585e-01
1.605883624684771416e+00
1.107110445389960368e-01
5.875568620121773833e-01
8.467762783852811337e-01
1.695390561436263266e-01
3.032662560242869731e-01
2.594757692816552774e-01
8.287853205022274183e-01
1.870859803462815218e+00
8.962699058439992095e-02
8.348829153231175360e-01
9.232862351240414892e-03
8.211113382915618431e+00
9.813502004905311216e-01
1.987867615926878218e-01
1.874713269109700917e-02
1.031855032232749325e+00
1.813316279354340033e+00
1.202391283951792289e+00
3.756087562808614888e-01
1.820220860684325981e+00
9.077377009365038552e-01
9.972580395693474431e-01
1.033631027150298420e+00
2.681645283988665640e-01
1.091027767465710729e+00
5.506464548609184551e-01
4.694455018260477730e-01
3.792246965635370226e-01
7.717084988503799536e-01
7.328242405283028615e-01
2.473403699332092920e-01
6.861077179860586295e-01
7.251568887737251945e-01
8.201612153364097324e-01
1.465021846740610367e-01
6.125389294667514806e-01
8.733883153456558635e-01
4.920479515582251162e-01
8.328739673135090449e-01
2.214422476250154648e-01
8.213953173002307651e+00
4.043003361976454380e-01
8.477649526917294676e-01
9.537072742016869387e-02
3.528702445807115895e-01
6.952685460583416521e-01
3.145044992898411440e-01
1.749331387552490291e+00
1.125484508452442078e+00
5.689865211319947713e-01
1.077784533311720860e+00
5.511061972659742070e-01
7.896126248462673747e-01
1.101509302154466199e-02
7.525011486056856214e-01
1.048110811221509842e+00
8.150233457229026257e+00
7.985041190562964797e-01
4.190234139058489071e-01
2.183089526673366310e-01
7.127745201540858222e-01
7.556406761183281917e-01
5.959786067127432752e-01
7.357734715244496071e-01
9.939309573041721357e-02
1.994019972089452197e-01
2.390703042729547811e-01
3.381557602856792299e-01
6.736311978556046576e-01
5.095804403931545323e-01
6.312238568969579244e-01
5.297607953276417536e-02
8.431760772289778050e-01
1.318446208698891731e+00
4.542680858631477081e-01
2.675964922441133598e-01
1.235586784286795359e+00
4.251777129706909020e-01
8.019890238853185638e-01
3.401173698588893513e-01
7.596677893264966452e-02
1.281085094998436480e-01
4.165292838414419441e-01
5.298570977476093624e-01
9.679603242603328495e-01
6.863134217784000457e-01
7.556320082571253982e-01
7.066523452764910118e-01
7.432722888510067127e-01
6.650347816256011457e-01
4.718295385687211740e-01
1.036856884849037375e+00
5.424975587952211020e-01
1.198991180211938928e-01
7.214056503675605470e-01
4.206217631214835273e-01
7.386049004119678019e-01
7.020236319288329918e-01
1.021290210122607345e+00
1.125069661399659582e+00
1.245026325688456253e-01
4.389906415114226412e-01
1.938838786171251938e-01
1.216857359834990215e-01
5.964667572387398753e-01
1.146039768300008976e+00
6.901835580040057705e-01
4.334123514127928289e-01
3.130871972249998914e-01
2.419081022343919918e-01
4.145550530586382121e-01
6.192776492319627124e-01
0.000000000000000000e+00
4.648725733153619699e-01
1.181781421262454890e+00
1.073252039134207747e+00
8.207547531782497074e+00
2.234512543445080990e+00
1.736582532516296462e-01
1.175190963465367888e+00
6.186010666789322210e-01
8.431760772289778050e-01
1.384591196901664878e+00
2.789576176170835420e-01
1.061243790415546950e+00
7.546921759342751779e-01
1.067542056184386023e+00
4.798276461109440838e-01
8.110577214414794733e-01
1.014868493475091338e+00
7.959483567440607255e-01
9.903101313947267892e-01
1.969047849319047749e-01
8.250456284457743372e-01
9.961488522341657159e-01
1.299416341466564095e-01
7.487886274395020303e-01
7.898846718981443749e-01
2.281098516035192370e-01
4.406938300856217960e-01
5.305834792455701443e-01
8.307205158343280438e-01
3.915977238665580007e-01
8.079341332865986658e+00
4.749870202976554934e-01
4.953863954407737857e-01
1.961267469500302119e-01
5.540402545096684284e-01
8.539514104084495738e-01
8.763774266663553192e-01
5.201106581076301305e-01
4.978028242125268066e-01
1.213922815928003329e+00
7.212094260687483827e-01
5.274223141734419862e-01
8.066921075032681410e-01
9.713537798433846682e-02
4.527722148124762036e-01
1.459211900078314639e-01
2.933211043257878958e-01
3.878947044096556218e-01
1.069901861851167979e-01
8.881151756927957441e-01
6.176781893324968520e-01
4.223945603490659728e-01
1.263778664466417068e+00
9.945025027565916886e-01
1.052614101678977843e+00
6.050909560729457182e-01
8.487956220844437849e-02
1.113848712128379104e+00
1.196072913127186471e-01
9.462598774967185822e-01
9.845938884433835803e-01
1.180370085294673466e+00
8.645546683107876440e-01
4.814528060568150081e-01
3.490671112252763386e-01
1.050488676861244031e+00
8.747838768620818106e-01
4.574807889741945299e-01
9.187318087588010052e-01
4.060898710039844151e-01
8.177315608331151564e-01
4.759153915264857648e-01
2.141421357706985995e-01
8.949458968966743644e-01
5.241053387706888778e-01
9.617660328514492096e-02
4.546678196152380558e-01
2.992575299296172317e-02
2.279265416016441892e-01
5.409591502839461441e-01
1.003184798655490484e+00
2.487212966768945210e-01
3.826743458754774951e-01
7.451479047549299795e-01
6.620863408963548746e-01
1.202058676289101902e+00
6.215071159904492215e-02
5.865987285511088389e-01
2.133117108001086615e-01
5.138877031400768125e-01
5.133149778063160751e-01
5.233490960461310015e-01
3.995665675266220074e-01
1.952875119560162354e-01
3.588159222160588468e-01
7.202374578316032006e-01
5.181274003729487987e-01
9.444116927340702183e-01
1.250302530993002703e-01
7.616697887220877927e-01
8.657496481999074622e-02
6.465817651144863953e-01
4.302612224450043654e-01
8.959107306731592946e-01
1.064663052626487305e+00
9.436215505402442139e-01
9.500285034126805250e-01
1.060246785608813136e+00
1.171264486092730595e+00
8.315084565296002594e-01
2.112967818071801451e-01
6.147329202007482118e-01
1.380911976150659970e-01
9.289753141280324700e-01
8.348922493575794412e-01
8.214661342096237107e+00
1.314866023562611952e+00
3.174828355347870251e-02
7.730599190423883549e-01
1.114974942307922712e+00
7.815471212416041924e-01
3.592092105033042326e+00
2.402535641594506222e-01
2.617586428664311904e-02
1.775360380925320003e+00
4.766516823621792520e-01
6.789572998821155059e-01
2.967294641279115464e+00
6.992673509312535840e-01
1.099016935522964422e+00
8.496841924815028424e-01
4.424408847518465637e-01
6.508178334493093242e-01
4.173236371710247750e-01
6.869066677493524953e-01
4.839764568221840979e-01
5.387209096782625828e-01
5.133149778063160751e-01
1.223901139325759974e-01
5.927401152387984373e-01
1.454589528439030333e-01
9.945025027565916886e-01
5.217844626735507196e-02
8.214661342096237107e+00
9.945025027565916886e-01
6.327012543613075302e-02
8.706172946611095975e-01
2.027750029659587394e-01
1.634876017642535651e+00
5.991300627646444221e-01
4.598104370547679287e-01
9.779586071941813730e-01
1.224171337163763917e+00
1.152583823169240490e-02
8.215368802666693782e+00
3.075444483002520157e-01
9.991651563011035853e-01
4.861178285080181710e-02
1.905483833028861484e-01
3.180572820794022038e-01
6.172872180682611315e-02
9.959007010538031279e-01
1.283216970583957561e+00
1.166577136475250409e+00
1.159087563362997342e+00
1.496705900156578783e+00
8.338582541426312611e-01
5.543389268609669740e-01
4.732627699689074402e-02
1.917724751509110315e-01
4.773722114938470096e-01
2.567472985709237654e-01
3.215629992581919283e-01
3.381557602856792299e-01
3.944340395007878836e-02
1.095434778829537104e+00
1.535161024287823583e-01
6.170228175492605827e-01
6.209766035664717743e-01
9.589186353489057568e-01
6.602349989034047573e-01
3.490687922093266282e-01
2.131131211593597918e-01
1.026874429843615655e+00
2.917399372020601511e-01
5.513853637517222017e-01
8.268156277311348168e-01
6.337400685260993205e-01
9.527968230941090688e-01
7.831821209022931107e-01
9.657422452426236426e-01
7.448875430859169811e-01
1.137604445101343620e+00
7.955686001392366924e-01
5.336310789934083781e-02
6.003708298055807774e-02
8.215368802666693782e+00
1.106080690520068854e+00
5.822201817283888525e-01
1.073193152009281448e+00
7.730874077724998905e+00
1.944652415576931526e-01
4.440634629364056951e-01
5.551417451513033230e-01
6.032829069219099172e-03
1.042979806388182551e+00
7.504552690550310157e-01
8.790134289033575410e-01
2.495532510160932915e+00
3.866008215578990992e-01
8.211331835735549145e-01
6.831978767036321898e-01
3.159708944674452513e-01
2.354231870618043732e-01
6.783402614590480773e-02
7.472743760934961177e-01
7.501856830301198986e-01
3.196573274107223916e-01
6.558948977902631094e-01
5.147265703094136002e-01
8.646520592318405196e-01
1.969047849319047749e-01
5.600806081921049229e-01
9.910478667432068289e-02
4.957325074306438428e-01
1.029151748337604699e+00
1.090945826091916038e+00
1.017422977868427836e+00
1.146060332995765485e+00
1.301516306793696620e-01
9.579063133704375232e-01
1.021612076800196833e+00
8.467762783852811337e-01
4.505854803560979671e-01
7.549602703489876054e-01
2.408741175587955308e+00
9.136577249987570815e-01
8.575264922509575616e-01
2.169628830035280898e-01
9.870841504857924553e-01
2.500335631521993784e-01
1.246256801618418758e-01
4.756609090637037851e-01
9.765766569313671930e-01
6.952685460583416521e-01
3.998153821490446624e-01
8.803926452980763706e-01
5.768853971393171909e-01
9.683017797987293618e-02
1.034144353329783605e+00
8.208976030816183211e+00
5.888360532432701522e-01
6.898195731300124089e-01
1.829504629426668971e-01
5.112511738893250612e-01
7.260802990397869916e-01
9.531922507029841896e-01
1.115945576339793410e+00
1.255160209096899626e+00
5.190909760528437111e-01
5.707542890056739315e-01
3.615441005143885667e-01
2.334126294052153161e-01
7.654768098445852154e-01
7.597279425592174951e-01
1.455639285818525475e-01
6.778266070333044402e-01
5.759441566926019052e-01
8.510363737617210322e-01
3.491108408777669064e-02
5.937322748645894599e-01
8.865492100198618663e-01
6.872339313443783793e-01
1.361088557663660659e+00
8.415471532508935759e-01
5.180598725081375644e-01
8.443013878817284823e-01
1.144377530746102378e+00
1.922861742517364136e-01
1.017422977868427836e+00
3.657776276208642430e-01
1.978656243821707683e+00
1.171064498314776881e+00
9.308116931418826123e-01
5.415538448775747415e-02
3.278565684246613487e-02
6.253035508063210512e-01
7.297103582144283118e-01
5.051516321020913525e-01
9.239709989649043109e-01
3.026646794625106190e-02
9.629229585741795328e-01
1.081733571729897481e+00
7.386049004119678019e-01
8.953581918332044198e-01
9.579063133704375232e-01
2.245984352472684409e-01
7.578523266552940063e-01
9.945025027565916886e-01
3.353218414687589299e-01
1.072011772591831225e+00
1.049709344208840545e+00
3.046923157298267459e-01
8.611152080098285477e-01
9.362277549474925520e-01
1.190786748360214142e+00
2.776579971395539137e-01
8.133761006940520844e+00
1.071295553856277394e+00
9.099187959678919912e-02
9.511378669685043308e-01
1.045584093882817367e+00
2.669480787210195771e+00
4.486215966586828419e-01
7.544174283182896179e-01
8.907647835717203977e-01
5.955691970774085187e-02
5.305461737623684559e-01
1.175665396467842516e+00
9.022675776316626539e-01
2.117323166339322993e-01
6.062263494850486101e-01
9.834943357588630253e-01
6.290928832834811191e-01
2.174736226455760701e-01
1.033590796912118082e+00
8.409655081605316163e-02
7.060179202651503116e-01
4.615329879216920617e-01
8.968756095509189397e-01
3.521135162131974750e-01
7.612947652281808475e-01
9.423025735785978130e-01
3.393883697457155679e-01
2.397233471097007518e-01
9.712992046787145561e-01
2.578416183309872878e-01
1.045849990378313388e+00
5.992597238599350895e-01
7.070317962011782864e-01
6.912574467363080677e-01
6.557288041451345695e-01
5.358599373285135581e-01
9.314436877739415976e-01
1.007297873741046956e+00
8.963254688724462405e-01
4.767110831334830934e-01
2.288297116418608335e-01
4.300346851975761497e-01
1.817583353949465963e-01
1.921168905484779144e-01
6.367485854885104324e-01
6.522534820651922916e-01
4.317214743298293245e-01
2.685973512663925589e-01
8.371321407434900719e-01
6.295290317639926636e-01
1.637746918212097669e-01
2.468237092784862641e-01
7.699974822502063387e-02
3.457027032091202212e-01
2.655219964671961530e-01
4.324646077990922932e-01
5.689865211319947713e-01
8.594645251812202957e-01
6.062053515069003584e-01
1.289480836883409198e+00
1.269091242206418502e-01
9.038033533339743242e-01
2.105634671856147222e-01
2.700685531943789464e-01
4.473945757871232720e-01
1.142191727518133249e+00
8.548303396081338157e-01
1.226123607643922586e+00
1.437319653837316469e-01
6.579930919484864305e-01
9.912054698086548710e-01
1.122103294044870303e+00
7.978536058068439463e-01
8.861208840401254561e-01
7.618227523956551117e-01
3.215629992581919283e-01
1.003939001266773490e+00
1.203062104482112149e+00
1.084652559371564795e+00
1.164576833072890727e+00
6.364875313919394761e-01
4.374643230442791242e-01
6.524980812726745016e-01
5.921609553708223617e-01
9.342217769179514963e-01
1.873006768811443234e-01
9.598790159433308045e-01
5.194956435601995048e-01
2.462900254497251418e-01
6.424550788889608066e-01
9.781088810807674339e-01
8.433391260532736577e-01
8.762262999519825346e-01
9.712992046787145561e-01
9.624137796593165151e-01
2.757130196555225288e-01
9.764046909826158416e-01
1.952379080402802738e-02
1.159100194668205352e+00
5.885258486570192904e-01
1.859668236344347581e-01
7.298208522815624599e-01
4.752228487262731282e-01
5.716218413692963907e-01
