1.716362860746135574e-02
1.507090231864170182e-01
1.070105945436554962e-01
5.740325141742599196e-02
2.807525088682531478e-01
1.646963229800856021e-01
1.858823265869598562e-01
4.558045004138935874e-02
1.293244912274551239e-01
1.223568783414158284e-01
2.183313745207839107e-01
1.404022472573517866e-01
4.323623737198854095e-02
2.785930052915908672e-01
1.388644115446599214e-01
4.842163219697527554e-02
8.633964490908112299e-02
2.319381786215805319e-01
2.399153362814263335e-01
1.393286686549770337e-02
1.660725554182386210e-01
4.968772449245276723e-01
1.092899598865322980e-01
2.957788446398800786e-01
6.519010861197301054e-02
4.735538385999130129e-02
3.420772340842755110e-02
1.418664625235712962e-01
2.234010113573148826e-01
1.726905604098862013e-01
4.394132785799969576e-01
5.527324923814262991e-01
1.531580716810506115e-01
4.253486733839221823e-01
2.087357078225991203e-01
6.404721717004031867e-02
1.925311954888762334e-01
8.691893916043814949e-02
3.557934014256950439e-01
2.952286990437038572e-01
3.223469613415266832e-02
6.703779897063231186e-01
5.770068003339811485e-02
5.652909284251833588e-02
1.787708455159500442e-01
1.711381417796178084e-01
2.806375041056695108e-01
1.504322136038848956e-01
2.359109953506106083e-01
1.242792209519908569e-01
3.333587081220742987e-02
1.979951579794008709e-01
7.184924477762555384e-02
1.868857705613181097e-01
2.420576507205547123e-01
7.098158059456952107e-02
3.823129880012553217e-02
7.239171632297523862e-02
4.441931476219259517e-02
2.576632242828309494e-01
1.503809927465220853e-01
2.019948866960309397e-01
5.031038721154876825e-01
1.249242321408309958e-01
1.371164145966147219e-02
1.418956095467076295e-01
5.913324097480547603e-02
2.308718237388999450e-01
2.543241728782454358e-01
8.812960483343394713e-02
7.076969223024523470e-02
4.273849138603818404e-02
7.924401222606979045e-02
2.442194331028557652e-01
3.446531670388965907e-01
7.911071322205802392e-02
4.875244547669072004e-02
2.739809144717044731e-01
1.833312551530164869e-01
8.008603558575323744e-02
2.369521644166535379e-01
2.006565641921894128e-01
8.555470108837656684e-02
2.240412167257978260e-01
1.923400946767923891e-02
3.420772340842755110e-02
1.767320159546825753e-02
1.507090231864170182e-01
2.752253144482383895e-01
1.594346701424682600e-01
5.256600379738683021e-02
2.886550914683249508e-02
3.598975916074491077e-01
2.742741604736265715e-01
1.872478827396239498e-01
3.028190779693513274e-02
7.464368257278304608e-02
1.302796311831695697e-01
7.963000996963902345e-02
1.094538292022268350e-01
1.705151257249132024e-01
9.715064434998985435e-03
1.375216927355723262e-01
2.112597745783880571e-02
2.772546595665653091e-01
1.598133816628327930e-01
1.045972868787845705e-01
3.267896786001719400e-01
2.863171619340948437e-02
5.830875491935508803e-01
1.983739102221836748e-01
3.066861945786805155e-01
3.444418796588204490e-01
1.265457515003490796e-01
4.606575127353274533e-03
3.399150073015257401e-01
1.894501153147870598e-01
1.564456451539399107e-01
3.076617167950088660e-01
8.495485762451419898e-02
3.101577754815669774e-01
3.437404742005228941e-02
2.518400387172824439e-01
7.704770067188450311e-02
4.300112854933482026e-02
2.283908999423203134e-01
2.523553421777333453e-02
1.693891851838714158e-01
3.886179976137030256e-02
1.826713759401824844e-01
1.316678907855059755e-01
6.020587348346454620e-02
1.328601328982593199e-01
2.447850086747091758e-01
1.211203566606313120e-01
6.311743662148506795e-01
7.129429611977899928e-02
1.296327214140872708e-01
5.270553371251258251e-02
2.809347951679365130e-01
3.524772145723260169e-02
9.068660626314761775e-02
1.616958931060770155e-01
1.776518000443649270e-01
7.068007443839653681e-02
1.262512192794067456e-01
1.958994607446962188e-01
3.511009849432519814e-02
2.760281549787276800e-01
5.740325141742599196e-02
2.153128185591515475e-01
1.606280104738508352e-01
3.287405715045328969e-01
1.899769977150888023e-01
5.259395986350148267e-01
4.403977820621576278e-01
6.938893903907228378e-17
1.187097034746653207e-01
2.410527277073770958e-01
1.648929789475392649e-01
1.532095594140756301e-01
3.045641574813820474e-01
2.262661449093072152e-01
4.259197719605103266e-02
9.178792150312496678e-02
2.856423925478778977e-03
3.393668032992903094e-01
2.501694984243875153e-01
4.180704495423489542e-01
9.937136827326144284e-02
5.977906015722832950e-02
2.719352587892787110e-01
3.917786542064798372e-01
3.519714803085893240e-01
7.134225716247824534e-02
8.633964490908112299e-02
4.842163219697527554e-02
3.197689381751419452e-02
4.275509015567438009e-01
7.819102829721372716e-01
2.949330709445796561e-01
9.096191033368905554e-02
2.107495412412810354e-01
8.732631304677175299e-01
1.734614082424236758e-01
2.248524099166846202e-01
2.229224962519683051e-01
1.278930375002691744e-01
1.031861554780694190e-01
4.538683448626802674e-02
2.220862286115430628e-01
2.787032212495805239e-01
2.672704708108882277e-01
2.248118353993127094e-01
2.881121863421896509e-02
4.503699889400607920e-02
3.234239541179688704e-01
8.576294110956138306e-03
7.635949826622197290e-02
1.501853502251854489e-01
1.184349388389227126e-01
4.875563500282757007e-02
1.992390658788005253e-01
3.121711863925703476e-02
2.208024086168628441e-01
1.667634657237134221e-01
1.674317433114350454e-02
5.730478914877349533e-02
4.842163219697527554e-02
3.072962374576922451e-01
3.450717743911972668e-02
2.814757340883868864e-01
2.524287935518468862e-01
1.960176171124516087e-01
5.624170382542328372e-01
2.193126530220724235e-01
3.495134480088277901e-02
1.073957536072973756e-01
1.301102237120223271e-01
2.120913976566536074e-01
7.043625381622393711e-01
4.747465632062430885e-02
4.374527496851530195e-01
3.646361931051288197e-02
2.831728484539304813e-01
2.805697703270664256e-01
8.137106839910146494e-03
3.620522787732329689e-02
3.482334621875659564e-01
8.244548857193947922e-02
1.360637679851136872e-01
9.287882589273988021e-02
2.239723521328614297e-01
4.584804566789997815e-01
8.545565081821908382e-02
5.538310741899722389e-01
2.353695868964400251e-01
6.829011331036795307e-02
1.664788540920896232e-01
1.655172392319128327e-01
2.863171619340948437e-02
5.884281429279927811e-02
3.089053560320228348e-02
5.703162199041144076e-01
3.845123447556101359e-01
5.416328374244024912e-01
4.505128552552146726e-01
2.780795015980656593e-01
1.979191399777308902e-01
3.878546519141798932e-01
3.808814528588282122e-02
2.066241360399673210e-01
1.831870863383579517e-01
2.661634832932486261e-01
4.117883092755728613e-01
4.892505789819646261e-02
4.139014428054376693e-01
1.578636186346099243e-02
8.563716803098030128e-02
1.229338578958682482e-01
2.605424977267017245e-02
3.153714987745753848e-03
3.289461851633697365e-02
9.096191033368905554e-02
1.595374422314988216e-01
1.831482370491646083e-01
1.758432539928546090e-01
3.349710536439640118e-01
1.605606496052198462e-01
7.696573885047613972e-01
2.540691298525096231e-01
1.205411686990634224e-01
1.018059475713206652e-01
6.545371779449901672e-02
9.961557288032596436e-02
2.048935509919546372e-01
8.812960483343394713e-02
2.029279821118909199e-01
1.914862977143413914e-01
5.878543109821562918e-02
2.596643109391764681e-01
2.906246265904137704e-01
4.313702817753841678e-01
2.587355854263136135e-02
2.942216167013946282e-01
1.632948565855458500e-01
2.822216140511696891e-01
1.249242321408309958e-01
8.925742821802153948e-01
3.190280284931606980e-01
1.433197928704211255e-01
2.708164187122011901e-01
3.963359421309469166e-01
2.746587691304576140e-01
1.871659000235577908e-01
1.585507638479059789e-02
2.415678797702820457e-01
1.123670276269313067e-01
1.984943509271977213e-01
6.723700718392700004e-02
3.344496780169112782e-01
1.461595829571113447e-01
4.213839508087365293e-01
5.722094382027728132e-01
1.623928934396793866e-01
2.695201639382159842e-01
4.505128552552146726e-01
4.175505281741041796e-02
4.659972229681882960e-01
1.022872766576658071e-01
4.883578625234013398e-02
3.660968037542480236e-01
1.648568319901043133e-01
5.686007116485010116e-01
3.068711654861877025e-01
7.396115279577158974e-02
1.286231426567043534e-01
1.863070200175277469e-01
6.545371779449901672e-02
1.403260045044621707e-01
3.783483508045005772e-01
2.576265934330636276e-02
4.074176060139038102e-01
2.069953763896262011e-01
7.853622180323930335e-01
2.602623902303713987e-01
5.954133299962164338e-01
1.657994734010460325e-01
2.927250938545721826e-01
3.120795545437956564e-01
1.082902594586371281e-01
4.704736233032200121e-01
1.159702575722378060e-01
1.154311444087024741e-01
5.349641896868696789e-02
2.662690925505858397e-01
2.884104137344131180e-01
1.296327214140872708e-01
2.752253144482383895e-01
1.577539186339228516e-01
1.873430989315356260e-02
1.310287711587870552e-01
1.418956095467076295e-01
1.079479651005606916e-01
1.491287990864698376e-01
3.705215141028080084e-02
2.793402689584130183e-01
2.895075540339412945e-01
1.165592526623901309e-01
2.466627333735909589e-01
1.692355214154210585e-02
5.130995994726590681e-02
2.208696784434072136e-01
3.239133860677296251e-01
5.694075192219352072e-02
2.220495917270359221e-01
2.532528399488873649e-01
4.080373179627624358e-01
1.020480358969711121e+00
1.889204646989847344e-02
9.393779175789167268e-02
2.458637908528379934e-01
4.810573545722131028e-01
2.307834572781998494e-01
1.712206611847380197e-02
2.575313574134632244e-01
5.262897781875299774e-01
2.068133501877088276e-01
3.701308640024964514e-01
2.666691529749415368e-01
4.197748223485459618e-01
4.475998005184731454e-01
7.679584270378909949e-02
1.448115179311119938e-01
2.448284013621532251e-02
3.758216559860223707e-03
7.676026410904035480e-02
1.887604111905319404e-01
9.404757646919581493e-02
1.607143008859643341e-01
2.927250938545721826e-01
3.023963526172888105e-01
3.180928485825660346e-01
1.051177681569656214e-01
5.156593165624971664e-02
1.238791755519506738e-01
2.097920996607485211e-01
2.683104263154219571e-01
7.569179080063836995e-02
1.107778902009907418e-01
6.814027217419715843e-01
4.374527496851530195e-01
1.786734509364496792e-01
8.992152023760294210e-02
6.066298736364126448e-02
2.121413248865914036e-01
5.287216000601028254e-01
5.680427775411021896e-02
1.744018931395631411e-01
2.980911357793422645e-01
1.272854455561392983e-01
5.385941104199937907e-02
7.089895317354565074e-02
2.876833899291645347e-01
1.934246182320264740e-01
2.250088519085788608e-01
1.209671489725290816e-01
2.554855898768854661e-01
1.579503231330048607e-01
4.843820015513090049e-01
6.647674975692446919e-02
1.151715215423548128e-01
4.705966032561590406e-01
1.037913397204593691e-01
2.497856706059324861e-01
2.172242541308074537e-01
6.829011331036795307e-02
1.029052051651572902e-01
4.558045004138935874e-02
3.280138319719766993e-01
7.414906871027632240e-02
4.728295053628985001e-02
2.763906721471680594e-01
1.512928353629000855e-01
7.433327591362937081e-02
9.505655486994579739e-02
1.174357643790700512e-01
1.284299332129884008e-01
3.811629986951293736e-01
2.211745113361727189e-01
1.051177681569656214e-01
4.875563500282757007e-02
2.296894591455732604e-01
1.987277580199876270e-01
8.045575370052689135e-02
2.341415322095744943e-03
1.125447230375315882e-01
2.314067035828054619e-01
1.179837818983014014e-01
2.680191896436101007e-01
1.090478425646720095e-01
1.143747995028855484e-02
2.253822763942225638e-01
1.991981813512295335e-02
5.537968153410407351e-02
1.908991459898411180e-01
4.964190737602854064e-02
6.645852887742362269e-02
1.559600754862389693e-01
3.746845680725378880e-02
2.334317267214947589e-01
1.266884259973747318e-01
4.880584793874044314e-01
2.415458711732168876e-02
7.888655929853449766e-02
4.139830233544246063e-01
3.934160361732338962e-01
7.715970090059899311e-01
2.389899375306753226e-01
2.155011057830473198e-01
3.184860237708647679e-02
2.863171619340948437e-02
1.666314107541763678e-01
1.362387251270362198e-01
3.614311137465424095e-01
2.431147741929704786e-01
2.865408538051329376e-02
6.614129418766197255e-02
3.210385903416144715e-01
9.945646787595401050e-02
6.152633470974628455e-02
2.456392768705781271e-01
5.212649161176378110e-01
5.694075192219352072e-02
2.018558156401817072e-01
5.163656816609174527e-02
4.273849138603818404e-02
2.914027757023730514e-01
1.871659000235577908e-01
1.618959225058900220e-01
1.022872766576658071e-01
4.299845950675661860e-02
1.618839740097020863e-01
1.705762300060737757e-01
2.562420511666550493e-01
1.266896838218469490e-01
2.338164772649310719e-01
7.290033927944733483e-02
7.101784341060796146e-02
1.369348039841642717e-01
4.517271582235959371e-01
4.576863431600378118e-01
2.196947696383352300e-01
1.744119949536322711e-01
1.405791432019416476e-01
4.273849138603818404e-02
1.130301003998752524e-01
6.609771389503980854e-02
1.624167455177772390e-01
5.329699486654968510e-01
5.501556966964615825e-02
1.897694229658153653e-01
1.158453932277164339e-01
3.779088882568665264e-01
6.478607065596142522e-02
3.606292769862730063e-01
2.899364633781453815e-02
3.430239845487419448e-01
8.244971500509346019e-03
1.216498606470279992e-01
4.747465632062442681e-02
6.545371779449901672e-02
2.268504671712217868e-01
1.830979496135068385e-01
2.474888504577384962e-01
6.779462543761413662e-02
1.112930733653269832e-01
1.338683634477974560e-01
1.134387285858368816e-01
1.483559202455213277e-01
2.487742174493702552e-01
2.326367281849923696e-01
4.789195157096860778e-02
4.068438885129080362e-01
2.958312125376854063e-01
1.675565156295943381e-01
1.326160094535134941e-02
1.557286863599653508e-02
4.737717797902700756e-01
2.752253144482383895e-01
3.788477739633610564e-01
3.038198591613746613e-01
2.705629499943894289e-02
7.118698748058953363e-02
2.240121589361869781e-01
3.380033326524238824e-01
5.121694678431568670e-01
2.229224962519683051e-01
9.490911809268384736e-02
6.804349403429577059e-02
7.679584270378909949e-02
1.946813288696014055e-01
1.716362860746135574e-02
2.816503232242775767e-01
5.457622019507604172e-01
3.440802712806752539e-01
9.281135738979243155e-02
1.001134360885113234e-01
1.638799744949974713e-01
1.583580982697626871e-01
6.890036898291121981e-01
4.903035245393053132e-03
4.981009594343539099e-02
1.623050612218734645e-01
1.209586082592439479e-02
2.132610109791501507e-01
2.333897605449650886e-02
1.402719422863703269e-01
3.095538784367216634e-01
1.744018931395632799e-01
7.741704347536480790e-02
1.447817636808820807e-01
3.055751323522930551e-01
7.671774398120554395e-01
2.961552034351285223e-01
2.220117306327615368e-03
4.533911915449595487e-01
2.495834956849877773e-01
9.945646787595401050e-02
1.744018931395632799e-01
3.354924547597749607e-01
4.318085026711115937e-01
6.236717172073457105e-01
6.136291292700237765e-01
2.581220927025613121e-01
4.255134802730932420e-02
2.716439282053407234e-01
1.742785641462817892e-01
1.752101692205461914e-01
9.945646787595401050e-02
4.317054483703700041e-01
9.598208743819085231e-02
3.856633137758876395e-01
1.389238337806490142e-01
5.154513200050326871e-01
1.819332429724723060e-02
4.273135720709286267e-01
7.579429093693100805e-01
2.752253144482383895e-01
1.113817290264788526e-02
1.998376160912005428e-01
8.246367749719875351e-02
3.478205892705802382e-01
3.236553968302742779e-01
1.220953259873382712e-01
1.836913565449361241e-01
2.870385578945677252e-01
3.724737124819917089e-02
2.125899694611954882e-01
5.179392030281181059e-02
4.842163219697527554e-02
4.910613154832629834e-01
2.385029804228852857e-01
1.475866405175343121e-01
7.142887715000916238e-01
1.418956095467076295e-01
2.626690287371737931e-01
8.602247806179094680e-02
2.344385085155117621e-01
2.458387478920077973e-01
5.119702233107807920e-01
3.210385903416144715e-01
3.684835707634400714e-01
2.916347208070758645e-01
5.123238945991740456e-01
1.892983105093120622e-01
2.912368222809672558e-01
1.159217406186312076e-02
3.516029887995068548e-01
3.966977712676185153e-01
1.629151931910047812e-01
9.214896760419433175e-02
4.671224742464317736e-01
6.539244622221850323e-01
1.716362860746135574e-02
2.240121589361869781e-01
7.963000996963902345e-02
3.226326412526441256e-01
1.589725637457310714e-01
3.635236027776239665e-02
2.449294193320449842e-01
1.520718354933282140e-02
2.051687172407931359e-01
2.498511160730783054e-01
1.910803193759572915e-01
6.062383710007618332e-02
2.524287935518468862e-01
6.988237920367172951e-01
2.395826507097102986e-01
3.180892175432485369e-01
3.414641013172300399e-01
1.358904203223851859e-01
4.304975524066763093e-01
1.229215337656513196e-01
1.564086953134979086e-01
9.256107308670633027e-02
2.366732690107811454e-01
2.488974178144316360e-02
6.152633470974640251e-02
2.638191532230915182e-01
1.699766847559064098e-01
7.307407753053746235e-02
7.392484591384061721e-02
2.014467843655211310e-01
5.248825144774702661e-02
4.238741733208019058e-01
3.904982507751698084e-01
1.556624743092349383e-01
1.809390402780537352e-02
3.878546519141798932e-01
4.940672407421087264e-01
2.270860418308568440e-01
3.468476322229742392e-02
6.689246918528267416e-02
8.343785660664762571e-02
1.542271934203414407e-01
3.807950895128248692e-01
9.438649938317494659e+00
3.250628359285556712e-02
4.606048446379579220e-01
5.163656816609189792e-02
1.823127115748023053e-01
8.435153810404630303e-02
3.383103176311586524e-01
6.315775248695737476e-02
8.309223478100544527e-03
1.037913397204593691e-01
2.920524525743570798e-01
4.727055564632911405e-02
1.088001369511374106e-01
2.612799481058432696e-02
4.578493331011908030e-01
3.544416388630273751e-01
3.166094885537814596e-01
3.582867576003122972e-02
8.603248762125462190e-02
2.665300131474711010e-01
6.538506973805100486e-01
1.420912228657426717e-02
1.022872766576658071e-01
9.096191033368905554e-02
2.272726633233062843e-01
7.613462310529427457e-01
2.425666450583662259e-01
1.129749675176059120e-01
7.474366871748043539e-02
2.915541742215652654e-01
6.684043082375418221e-01
5.634346792577783064e-03
1.141900925592573279e-02
3.707660921067443272e-02
5.084965143146382704e-01
4.876370628776932614e-01
3.042714177475144832e-01
7.450113509096037423e-02
1.429991668592697079e-02
1.448175425523398063e-01
7.698753431949196917e-03
1.815283445712612687e-01
1.136373196567579957e-01
2.232193302587825723e-01
7.040985975533504970e-02
3.070862550030360461e-01
1.319261645105256897e-01
3.635092186872169312e-02
2.789379479855108590e-03
8.518332231592351533e-02
6.830745945177095491e-02
2.638191532230915182e-01
9.110714556766787153e-02
4.168369617224976786e-01
1.999060962658130158e-01
1.093792241397830017e-01
3.185221934467761806e-01
5.054184626639450784e-01
7.814915753063372827e-02
8.939621913847359269e-02
2.666691529749415368e-01
6.288484959675536001e-02
1.012850181806464883e-01
2.643291550342554141e-01
8.917643745280365297e-02
2.168051795392130776e-01
2.041612091237762494e-01
2.283313196102272624e-01
1.928293087597262312e-01
2.118784750716141418e-01
3.365979347366536145e-01
1.829603935813277904e-01
3.000226201234835188e-01
2.268504671712217868e-01
2.112620144706923719e-01
4.762709398438242370e-01
7.957614424041961065e-01
1.188982401458760219e-01
5.527424463176383584e-02
3.992579958829454156e-01
7.863096099442307141e-02
1.820362588656312119e-01
5.703162199041144076e-01
7.892698455200979415e-04
2.334471954598477950e-01
7.396115279577158974e-02
5.512133265414135286e-01
1.786734509364496792e-01
1.561361267088004212e-01
9.214896760419433175e-02
3.361698611385466884e-01
2.211745113361727189e-01
1.054626869405384144e-02
3.904982507751698084e-01
4.286027370245273915e-01
1.344912824027052756e-01
2.859433255466219126e-03
3.295984324753849504e-01
1.996809710767679935e-01
2.020359128792799941e-01
3.705215141028080084e-02
3.286471729937866515e-01
3.163991788358727075e-01
1.455784656907249119e-01
1.934350076176642175e-01
1.163528901454177755e-02
1.761322614238256257e-01
8.873497344399999820e-02
2.844443838471468200e-01
1.504346631208320073e-01
2.295010229602644780e-01
1.429991668592697079e-02
2.549458988652322788e-01
1.655825029233735091e-01
1.164370156582524851e-01
3.487668620146082143e-01
1.000084497527748036e-02
1.584632994853257815e-01
1.305816596793396567e-01
6.210954562700460313e-01
2.051687172407931359e-01
1.267210619460195087e-01
2.871503156973962967e-01
8.812960483343394713e-02
3.780518488223405527e-01
2.132850680424429324e-01
1.195138503285275364e-02
1.560382166032456552e-01
1.418956095467076295e-01
1.757490170657894646e-01
4.657115628862882328e-01
1.334975680637440210e-01
2.283908999423203134e-01
7.395082682278154851e-02
8.246367749719875351e-02
1.734324521814541997e-01
2.854720061486119564e-01
9.233790995290999670e-02
3.043683524338421376e-01
3.987233237732622226e-02
2.342762945758711246e-01
1.662810185038246791e-01
4.625345628591204239e-02
1.540350799061611375e-01
1.448115179311119938e-01
1.101270147047962722e-01
2.331169791181859352e-01
1.178726866808906121e-01
2.002864006795938845e-02
6.829011331036795307e-02
5.862240134217053256e-02
1.334102263468932292e-01
2.953608010903416292e-01
1.744328868839495617e-01
1.790031148378866677e-01
1.560591630695470911e-01
1.984943509271976658e-01
6.814027217419715843e-01
2.162972677224845597e-01
4.786562607350143828e-01
1.330209605598551281e-01
1.842137696899517618e-01
5.503651753439743333e-01
2.041612091237762494e-01
9.299778416870932429e-02
2.159374352475745273e-01
2.620323705817959592e-01
2.588139040734015461e-01
2.495338967805249275e-01
2.253531107368039743e-01
1.842353313248132896e-01
4.150747507559090360e-02
1.687958079736084083e-01
1.850911307926862148e-01
1.201614136617209366e-02
3.437404742005228941e-02
3.249083883950926177e-01
5.121694678431568670e-01
3.871397735704672494e-01
6.590045659839002985e-03
3.942744926866650207e-02
2.814008283743483219e-01
1.241969049579646073e-01
1.716362860746135574e-02
4.915116980536246016e-01
2.515834454889612770e-01
1.816630957448347183e-01
5.949478427882124443e-01
7.496241791680763322e-02
2.481611744145481302e-01
6.554904080061356719e-01
1.184029362506706873e+00
2.401958538379777297e-01
1.896575214803017106e-01
1.920907599127320009e-01
1.164370156582524851e-01
5.105048708721302009e-02
1.973298852479580742e-02
2.292344436041910960e-01
2.041164799975752342e-01
1.475524939663790669e-01
3.031566610486823299e-01
7.450113509096037423e-02
2.923084461411022336e-02
2.956085075378701577e-01
1.503640554486259107e-01
2.863171619340948437e-02
2.122059923868592213e-01
5.618467169530385469e-02
6.926956792695390108e-01
1.623928934396793589e-01
2.804251824968546636e-01
2.029396984688316280e-02
2.724438228394939210e-01
1.569099930282885635e-01
3.792575468620282275e-01
1.054762950223203932e-01
8.395245831253363988e-01
2.962241860976081997e-01
2.572024368282678775e-01
2.047909800784676881e-01
3.973926058250731863e-01
5.047369139064227239e-01
2.445133364801660991e-01
4.840709417254313723e-02
1.491976617849434805e-01
6.330856068831349770e-01
1.192662613791846821e-01
6.814027217419715843e-01
3.926613905175583841e-01
2.927250938545721826e-01
2.869812678572741804e-02
1.461125427345509598e-01
1.865831627782765234e-01
2.096019941813408692e-03
9.949099193606990299e-02
3.129509755305335261e-01
1.590101404668269880e-01
1.390094554125332338e-01
3.709719738877159667e-01
1.249242321408309958e-01
4.935985440811387764e-02
1.203691490025456667e-01
4.273849138603818404e-02
5.067423997522936541e-02
2.189460282684309589e-01
4.720979911523026096e-01
6.929681709513298149e-02
1.595741998746523227e-01
1.791203504812269032e-01
6.235969577401641317e-02
8.246367749719875351e-02
2.220117306327615368e-03
2.538125089614827190e-01
1.431528757164802351e-02
2.716845671100019399e-01
2.012674815663039185e-01
5.273455787683974938e-01
6.651680270787835303e-01
2.732672782267113187e-01
9.214896760419433175e-02
3.481179803592832633e-01
1.625344201363193575e-01
1.067070316817545217e-01
2.223312564587503204e-01
1.835206417470962303e-02
1.636067337792154741e-01
1.663751894337948956e-01
6.865089655586124884e-02
1.244352957388435849e-01
3.897226793550317980e-02
7.506772709338019323e-02
1.275038445515117302e-01
7.671170908730955140e-02
2.297461864049991365e-01
3.376682171772398822e-01
2.099001109616621674e-01
1.126647649325972500e-01
3.296674929227783046e-01
5.109593710176706105e-02
1.051177681569656214e-01
3.197874601859495569e-01
4.381307877672661055e-01
1.952769699076990773e-01
1.259368615127833824e-01
4.912365218920255461e-01
1.107778902009907418e-01
1.848601911538010345e-01
1.616327835425774850e-01
1.125447230375315882e-01
2.496901393030216687e-01
8.949335989682706549e-02
2.790981027957131766e-02
6.953594742173799803e-01
6.068906149948638529e-01
4.211522651108726145e-02
1.379006014422473891e-01
2.914688868941799071e-02
1.860513352387353422e-02
1.566165797805793569e-01
2.445991915083477099e-03
3.843941686408223757e-01
1.125447230375315882e-01
1.494100987702826344e-01
2.283782487497415248e-01
4.360856259362112103e-02
2.119596566306015117e-01
2.472304522158034756e-01
2.762998079147657715e-01
2.231245586481437615e-01
8.390355386085038281e-02
2.803408497885779282e-01
3.190077881421928829e-01
2.711117232816160350e-01
1.183910056838884534e-01
3.711817252457139671e-01
2.255427090168475313e-01
1.842309092191303857e-02
1.038445055683265977e-03
1.157880137481655941e-01
1.023985117400693784e-01
