4.257491848699027776e-02
2.028817808093902331e-01
3.204348776513122887e-01
9.480690585716686214e-02
7.964320749005259215e-01
3.247646589126513272e-01
1.500274472115122881e-01
1.404351367668443540e-01
4.685691205503009771e-01
4.116752406244823526e-01
7.235938731020186143e-02
5.259028190573218353e-01
4.698307909731877507e-01
3.253373483838216118e-01
2.977468113719040632e-01
4.041174696551099732e-01
2.039404853275909035e-01
7.334324363505058120e-01
3.673993154428048524e-01
5.593057928620164265e-01
6.418019766142480931e-01
5.947227241932350195e-01
6.403099884883381998e-01
5.814713529403869874e-01
4.793825868057942086e-01
5.276917672560745842e-01
1.701123355827295069e-01
1.450790572108420495e-01
5.632021903314724520e-01
8.694093628767197990e-02
4.324527442984398284e-01
5.170309447737181374e-01
6.237553867357812365e-01
8.994234030830037252e-01
3.751245606379320363e-01
1.947194597925657189e-01
2.462995072693466847e-01
1.004494040318371223e-01
3.914533208574679235e-01
5.473035323296215893e-01
6.126781153268573421e-01
7.353700533026964470e-01
2.391835894236277460e-01
6.788142708417544968e-01
5.184334330659733370e-01
5.677031551979474511e-01
2.331070078083171682e-01
5.358627924670062992e-01
5.673868478231612889e-01
2.672528276952404469e-01
1.714630526081944162e-01
5.689742760780330810e-01
2.425394810637979404e-01
8.429738088296820919e-01
6.555276327095026501e-01
1.770692426205871250e-01
2.275153501131861600e-01
5.746371867876334250e-01
3.807877487536017735e-01
8.423627437038896382e-01
1.304810971137868314e-01
2.462995072693466847e-01
4.462449800685299173e-01
1.823693438073638318e-01
3.245621064902775021e-01
3.409736706656216199e-01
3.779256878185455748e-01
4.582448544055723882e-01
3.657823163325549798e-01
9.555839750677699862e-02
3.539333298791983440e-01
2.489262492199369459e-01
5.539332669318067781e-01
1.169297533099352832e-01
5.279117424273721548e-01
7.269968094210997600e-02
3.759718646288550126e-01
1.652768896513358288e-01
1.533628713451269665e-01
2.920282685660195998e-01
7.320212870108957492e-01
4.918372805818317373e-01
3.228044895991868390e-01
8.227251109224509307e-01
2.781725797272353029e-01
4.257491848699027776e-02
3.546396455722104490e-01
2.534379471521584493e-01
2.022475575942002113e-01
5.067113971248005111e-01
1.974428891094960337e-01
5.234642745589296320e-01
8.572273577022506696e-01
3.098423932616281573e-01
3.399685859086346573e-01
3.497203071269454622e-01
5.662579813602173218e-01
4.132997198799548411e-01
3.404046951312168501e-01
4.070318903515920406e-01
3.465012725687044437e-01
3.686329643461110916e-01
2.266853636895220514e-01
4.949463637898330326e-01
1.546058384004956598e-01
3.803384238942296158e-01
1.404351367668443540e-01
4.074895357718509858e-01
1.375836198794324339e-01
5.498442792193403150e-01
2.323829685179746099e-02
2.461924272465876307e-01
4.298166427785599653e-01
4.996622744256358217e-01
2.439804354993368452e-01
3.918911855001762645e-01
1.609860912949516165e-01
5.177655671635227330e-01
7.397752001384412246e-01
2.887497670158336027e-01
6.659369962479532168e-01
2.381608463828422118e-01
5.447798445965038594e-01
6.574987541989784079e-01
2.089651846427977022e-01
7.269968094210997600e-02
3.740512941380607081e-01
3.535760111010287643e-01
2.981396233550560604e-01
2.884907311836954480e-01
1.957784335340249093e-01
1.985932247854470534e-01
4.452869166141201762e-01
7.916391875006634216e-01
6.066833164945890644e-01
5.663683525523715012e-01
7.246887484613590003e-01
2.084468863751090181e-02
2.508442211334029892e-01
6.307258288929457057e-01
1.866908924822115179e-01
3.471267189720124713e-01
1.612739878388074755e-01
4.117962462618261488e-01
1.117605329661121860e-01
2.162157644342694585e-01
5.964526781405764533e-01
5.559238878875494283e-01
5.451588736578795169e-01
5.435392675518354588e-01
6.309684890498022947e-01
3.256160666571830120e-01
3.739531621553813245e-01
2.388794455495777957e-01
4.564911391343905445e-01
5.905834498601596483e-01
2.094281290187819944e-01
9.717999318728086644e-01
4.690971429453631991e-01
7.854974333934050534e-01
3.431402627469234412e-01
6.084195113871838645e-01
6.779517184945860198e-01
6.589531370266019650e-01
4.405431990661997643e-01
8.952367096064108021e-02
3.149470642764016781e-01
5.416373990892526802e-01
1.867479095528130628e-01
1.636009217719479603e-01
1.810933235501500649e-01
2.596941540902393264e-01
4.206389769338694240e-01
3.885692998819376132e-01
2.846738190759945386e-01
5.361049559017834476e-02
4.516404619661876785e-01
5.407292941969431554e-01
1.960392780715766448e-01
1.077087934210184894e+00
3.708705769412228292e-01
3.134874849080077075e-01
4.897104346837216626e-01
2.065439524182945408e-01
6.009137526506629357e-01
5.534560259138737726e-01
2.245833264189586731e-01
5.657009876772298718e-01
4.967072953721035633e-02
1.986283818651040922e-01
6.121476348218674035e-01
1.257321437505731776e-01
2.485943206149884011e-01
6.904499480941573841e-01
1.574631260801107047e-01
2.475239976327706093e-02
4.254225764155826761e-01
1.800142028136550165e-01
5.979520423830041453e-01
7.058866444685295560e-01
6.840273102200050692e-01
2.879050734742717998e-01
6.229597000824426134e-01
5.785059649742815141e-02
4.324296170800260297e-01
3.139137736065086282e-01
3.098423932616281573e-01
5.304511941461136360e-01
4.456993163743103170e-02
5.134790005313896177e-01
1.222649812517683648e-01
2.038949577313273476e-01
5.322540364018237824e-01
4.472803305025084830e-01
6.825822175066388331e-01
3.858306962603125223e-01
5.195120405495390337e-01
4.391850958692570805e-01
6.995378543507174696e-02
4.113932194183355651e-01
8.298559435207776280e-01
5.350208216602361233e-01
4.066989100455432604e-01
2.727774693944282625e-01
3.982948147193822730e-01
6.285767574703893246e-01
3.006686797469611538e-01
3.286100237574361427e-01
2.697707369291012514e-01
2.652258414263139463e-01
1.937735427917484932e-01
4.587005785686889547e-01
5.409264070651036427e-01
4.034452194056383778e-01
3.361761981033938862e-01
3.647206009429506679e-01
3.544275134843264397e-01
5.729167134530503969e-01
5.317226169777018452e-01
9.983126972188541282e-02
2.377789695092722977e-01
1.858705740933954131e-01
6.183867242226052247e-02
7.239956309675326107e-01
7.654401307296033741e-01
5.325943799582049110e-01
2.846738190759945386e-01
4.190454225143093736e-01
2.723704121317110927e-01
2.789882565128127268e-01
4.069482926875037654e-01
4.941509764309332531e-01
1.911816215688737913e-02
4.114917121362441921e-01
5.927222820027554517e-01
7.051055149050742266e-01
5.358712918416185245e-01
1.342776045455658374e-01
6.063178490279359512e-01
2.390562403251272894e-01
5.194187372713940931e-01
2.743836273596148012e-01
5.350659525122973825e-01
3.425496736880321302e-01
2.672916147620255090e-01
2.044010125015300883e-01
5.858520715907600263e-01
3.554335476574854713e-01
8.440165146116143102e-01
2.992968907079896490e-01
3.189706953133485401e-01
6.413821325365111070e-01
2.801246818554705698e-01
3.444974337497910821e-01
3.856566442105918702e-01
4.676420312743624907e-01
3.304614907310414185e-01
3.229825659386625358e-01
1.986283818651040922e-01
4.901144215226215239e-01
3.982804888314941949e-01
1.291051405579526357e-01
7.181597864480130378e-01
4.032048816776645506e-01
5.147098739781064136e-01
7.612496384636469049e-02
2.846738190759945386e-01
4.221038756783913048e-01
7.233923370785856344e-01
5.767252568398018031e-01
1.622752975036512724e-01
4.893578799007998192e-01
7.608744936576274931e-01
5.732891034057100432e-01
3.731584691242934015e-01
4.854453900388603360e-01
5.857941401708632867e-01
6.032995425719878124e-01
4.169577845247597891e-01
3.172337497168286058e-01
6.199928398998117984e-01
5.825300926366537846e-01
4.801929856031656452e-01
3.046865261910050027e-01
4.218511666794196313e-01
4.892155701098083176e-01
2.580090221834719366e-01
3.566179384347692993e-01
9.736674393770804459e-01
1.399507064420120461e-01
4.616743079787979237e-02
6.474335532394089876e-01
8.075493078286138937e-01
1.640009834579335690e-01
3.565464451820827274e-01
3.903133893128969412e-01
4.871433990097977507e-01
3.095360784942193799e-01
1.188529399650742890e-01
1.697920132256329484e-01
8.313776316214157580e-01
5.641878594969275129e-01
2.126620793427916323e-01
3.088022703550651893e-01
9.914141354576836429e-01
7.269968094210997600e-02
8.735169383054938175e-01
2.625394698081298106e-01
2.987393759930900283e-01
4.183966271812027959e-01
1.929422561573633510e-01
4.604527458705205412e-01
1.726607400417903282e-01
3.478660962201945428e-01
6.899295853786239219e-01
5.909671950924390016e-01
5.532290970811570147e-02
2.939582371029705321e-01
8.504837761439951738e-01
1.773164253721979111e-01
3.679707185632100641e-01
7.102992079005067128e-01
5.213957742868160494e-01
3.627745207329838850e-01
1.177112348731512576e-01
1.810933235501500649e-01
5.176213905406044091e-01
4.268168246649287068e-01
1.083523858366726988e-01
8.174345568800797102e-01
6.725030293495766198e-01
3.418117593234170082e-01
3.194631045453844576e-01
7.219909218848458154e-02
5.570418027929795457e-01
2.357195046247276271e-01
5.234642745589296320e-01
8.098973278856685942e-01
1.132895196300299778e+00
5.371310966751592364e-01
8.230646917367457904e-01
7.293870771159770561e-01
5.263322012604451094e-01
1.106724378900112715e-01
6.559087528795497501e-01
6.767907772590181503e-01
8.309747256087768319e-01
3.296235535009068296e-01
6.187570058975098153e-01
4.448987157910364587e-01
7.202186181867733517e-01
6.752488679351084100e-01
4.146973356552342005e-01
1.778919190148205709e-01
3.351657477923060124e-01
8.858766102385488006e-01
3.191662015354884141e-01
3.855484712023984906e-01
2.567168789419963515e-01
2.937037741182649819e-01
2.342256307494840206e-01
3.854082980442150586e-01
5.617826041236450019e-01
1.718439711449848695e-01
1.177112348731512576e-01
5.514612443360066285e-01
4.058708540880925364e-01
4.584219138195289034e-01
5.244767591353624026e-01
6.667522151654401430e-01
5.436079355928932211e-01
3.493948017000295669e-01
2.840738455086130321e-01
3.893141890672316419e-01
2.297796111173396327e-01
3.180032744174853820e-01
7.974665437982654259e-01
7.906086493353394751e-01
1.021856795216284919e-01
6.908078727080657622e-01
2.993067224630364120e-01
1.278834736402250649e-01
3.686013302428707838e-01
1.517990392646887121e-01
3.533400674877888031e-02
6.607199575485701581e-01
3.342629086202182909e-01
4.889528058663085708e-01
2.826173517164671245e-01
2.630290088630793388e-01
1.779060155564881618e-01
3.445700686444792549e-01
7.970390036424342961e-01
4.777139291676284483e-01
4.146364156341695306e-01
6.268390647778194769e-01
1.947194597925657189e-01
7.984921380095707510e-01
5.516206479743079177e-02
1.890444736335580300e-01
3.944987237346951892e-01
4.819268487852080285e-01
8.348935079352618471e-01
4.490027799044666867e-01
4.196888249292521911e-01
1.168901137687878011e-01
1.850958459968422287e-01
1.062065820732845389e-01
8.549844254184642001e-01
2.783124977552521861e-01
4.092307966092884608e-01
1.821645084115702529e-01
6.451622563742049898e-01
6.841519423390706178e-01
2.125175641366905954e-01
5.711270827492527236e-01
1.096120920414791339e-01
2.596941540902393264e-01
3.796915416043277758e-01
3.061526275558427712e-01
4.398970449995345811e-01
5.027525790190118249e-01
1.966830080615666054e-01
4.823336269143980726e-01
4.517561526512564596e-01
1.738349497021362544e-01
3.048858898342377555e-01
2.460406458067795898e-01
4.772523461447966686e-01
2.584830763236822815e-01
1.285852001090193875e-01
3.934619816864265984e-01
5.982991150161022231e-01
3.377631540460955262e-01
3.896536414090494005e-01
1.958729716662027664e-01
4.017021161155190923e-01
7.125303556481288325e-01
5.764323232524922735e-01
4.389491368540793248e-01
3.803384238942296158e-01
2.469701668280085138e-01
2.726730206676376556e-01
3.094356481339031739e-01
4.357240549552141573e-01
3.781201781488678915e-01
7.273225359076550545e-01
5.538171100672443226e-01
4.442508781739614165e-01
3.147115824244798299e-01
2.482379438563631080e-01
4.933633938428885202e-01
8.582377074720052290e-01
1.296985212317688929e-01
5.918083472002636514e-01
2.484038639828684281e-01
1.525244967688018927e-01
6.212893840379570820e-01
3.180032744174853820e-01
1.083510469066837067e-01
2.734829638404310814e-01
1.295344916382571154e-01
3.216426525106618750e-01
5.842326804561422948e-01
2.631148362292592968e-01
8.899580828959379186e-01
6.737843731694065363e-01
6.117226652939442566e-01
4.526844772810537099e-01
3.475382893586186905e-01
2.404580751399616190e-01
4.901406838420153678e-01
1.151540816055151989e-01
4.831353619906998409e-01
4.300303280068223238e-02
5.054153040638418304e-01
2.819294936099280835e-01
2.589091181496053218e-01
3.389609887629460028e-01
2.837441745575001728e-01
2.974344613242474455e-01
7.213844561660655019e-01
5.422825162575577451e-01
4.550135859386708059e-01
2.422497362457024239e-01
3.163808915682372880e-01
4.819245756124134195e-01
6.179434822959122275e-01
4.908953443186219179e-01
5.687015673311801578e-01
6.438833428700804218e-01
4.863196307217643732e-01
4.954451795935330138e-01
3.571121750440205966e-01
3.398343402487564169e-01
3.882702993772166877e-01
4.707178182444921588e-01
3.816378447729892320e-01
5.684892657217344158e-01
4.449680554400045618e-01
6.768227652858788135e-01
3.964888069777519619e-02
3.299608406517490211e-01
6.097558769150520641e-01
2.477946594300851346e-01
7.568488482709678777e-01
7.254230130629996109e-01
6.205222899348658006e-01
5.410901578325366668e-01
3.490691388017524988e-01
2.502684340268180319e-01
3.763578723968218909e-01
2.809689420064099274e-01
2.631864827577463095e-01
3.481102908496538362e-01
4.389187769200172951e-01
4.721812921574895516e-01
7.037879545072340814e-01
4.292354895939576309e-01
5.309718629155862901e-01
1.454108615152970296e-01
3.367282306773381473e-01
2.242282085616992271e-01
8.197919274502616371e-01
6.277327583455524218e-01
2.306951033479701096e-01
1.491832102744729549e-01
1.022766829529633686e-01
4.860946578429498066e-02
6.028492208588132062e-01
1.193188760022719341e+00
2.564273042814789738e-01
5.644748125772600655e-01
4.831353619906998409e-01
6.410323546630783964e-01
3.279084377102708947e-01
7.506219769224515836e-01
3.379110376529844695e-01
4.157558059619332336e-01
2.022419504215647035e-01
7.432704950920876463e-01
1.551182692717343881e-01
1.816370069848080859e-01
5.244349592851073050e-01
4.818076861005664568e-01
9.758534329949196395e-02
1.029918529143957873e+00
2.798088158083581467e-01
1.423633826737011054e-01
3.162104127497208927e-01
2.971212189856406449e-01
1.865490054468499637e-01
4.636586450060326547e-01
3.998278677058884067e-01
5.177655671635227330e-01
2.871141260321101729e-01
1.895344464069957102e-01
3.527343821087812747e-01
9.351662166142817034e-02
2.057479333900886498e-01
5.508609403604756150e-01
9.784359445608271921e-02
2.504007790429421121e-01
2.281231620793817416e-01
5.189325651081210244e-01
2.283091440374385162e-01
5.969308176842603730e-01
4.551911635831037417e-01
7.316073658283387404e-01
2.854383387674984118e-01
5.903959725266070269e-01
2.693717527494691732e-01
3.757043255640016843e-01
1.925445967101808709e-01
4.418757067447262044e-01
5.576725248875769037e-01
8.731307243682074892e-01
2.614501397972769370e-01
6.298421162759971770e-01
4.440606090441778231e-01
3.063339443192294453e-01
8.069010585278461045e-01
3.169746769883453608e-01
2.852167089761049046e-01
8.732076554262471202e-01
3.092825989125007058e-01
3.169407946822127009e-01
3.425140436718319137e-01
2.717611630421586377e-01
5.209707418323898942e-01
4.586714358972953653e-01
7.480296453971041482e-01
3.698133369355378619e-01
4.093084853308704973e-01
1.101788446837147911e-01
2.336310816268193091e-02
5.954047195067898590e-01
5.155383793697458916e-01
5.573016198372715557e-01
2.842943080240076248e-01
4.855383547228603325e-01
3.838228113214494641e-01
5.183448475317908866e-01
4.954545640483467572e-01
1.066943590606319638e-02
6.572595401072091059e-01
3.067931616264365502e-01
9.453065823270301316e-01
2.779437288168992715e-01
4.381577370920677339e-01
6.832340876086557824e-01
3.795181991858482817e-01
7.054391345131734159e-01
1.135326873657529351e-01
1.608958744269247121e-01
4.975051362154254142e-01
2.051077469715835155e-01
5.013640820610490989e-01
7.291603830124095964e-01
8.450427000342890516e-01
4.331661160794278986e-01
2.201415942492519484e-01
2.121868018671970724e-01
3.026305408326640523e-01
2.582192832135376537e-01
3.130829749798391126e-01
2.897155290076401934e-01
2.851409137809033933e-01
1.219301313039485996e-01
2.354111483507255742e-01
9.904684633227786583e-02
4.881608871356581392e-01
5.678411327293133581e-01
5.725901974774234571e-01
1.372728622851078772e-01
2.603137527099261272e-01
4.870836500535951630e-01
2.647066715477239263e-01
2.877736610166403697e-01
1.687963809132715098e-01
5.758944264441059335e-01
6.416315031093504651e-01
1.557328038545333915e-01
6.186173542023771788e-01
2.313393981983477843e-01
4.469391462477862453e-01
6.565441386423642722e-01
8.832828589047118095e-01
1.024478866477544492e-01
3.533400674877888031e-02
6.243088464434553009e-01
2.028817808093902331e-01
4.022991933520891905e-01
5.499257391248800753e-01
6.580834333715361861e-01
2.063670174786235434e-01
2.076378422237773191e-01
5.065304948011077890e-01
3.730036877473267287e-01
2.094742988733660771e-01
6.073044969296559348e-01
7.345416868488791051e-01
4.665106371962969845e-01
4.221038756783913048e-01
4.532815269452523110e-01
2.439804354993368174e-01
6.605476804669229152e-01
4.962309720972452043e-01
8.091845407033845805e-02
1.958471063975425197e-01
7.224099588987652476e-01
3.926168506367376798e-01
6.572832600548984550e-01
3.325016866801189797e-01
4.673570927546880083e-01
2.021670959105485166e-01
4.043350245866992876e-01
6.152711911456947291e-01
6.234358600194666034e-01
2.815160047479015049e-01
3.923531928257903423e-01
1.733638201494225317e-01
2.207060055566823220e-01
4.500015811670262655e-01
1.516575656760575652e-01
2.684239518385149736e-01
2.633891827167862409e-01
4.819268487852080285e-01
6.287903946875451622e-01
2.138484606779811059e-01
3.491728668785396006e-01
6.280200858810276454e-01
5.826198909250739355e-01
5.794497250106258601e-01
4.856208919694987025e-01
5.118377403083086419e-01
1.993334837471694154e-01
4.927711231706331518e-01
6.085705111986077220e-01
8.089096765315896276e-01
2.556950211510859994e-01
4.188195485793998474e-01
5.155229626958203193e-01
4.081528867845694575e-01
4.276651875768917588e-01
4.617665464159586008e-01
5.359125194060249120e-01
4.851302570898120003e-01
2.275153501131861322e-01
6.423619222428025299e-01
9.874169184899338481e-01
4.482237213017752908e-01
3.793395646449611580e-01
2.892756667190689579e-01
8.531042660035736969e-01
5.036161868045420098e-01
3.529528973610548959e-01
2.721409359111964799e-01
3.054697303455003454e-01
3.546195194398443218e-01
8.252916998523047720e-01
3.425721852495712816e-01
5.377693013848753312e-01
8.926034559585769301e-01
1.858850666824058973e-01
7.637948808206686258e-02
4.303090645099157396e-01
4.904337639563919327e-01
1.952363719574647660e-01
5.687669108403509144e-01
6.056114226751857510e-01
1.770171438241623929e-01
4.733884327535309300e-01
7.426463240552546585e-01
3.949419789595706165e-01
4.850272436363793904e-01
5.040934789042712111e-02
8.122928854570515833e-01
3.768072109874158193e-01
1.968941127875059038e-01
1.403195237006923668e-01
8.129979438147916238e-01
6.302225910755429594e-02
5.062335353565163842e-01
5.656040554629949701e-01
4.200999031931222927e-01
3.399521011039475238e-01
1.676117305801753943e-01
2.094742988733660771e-01
5.716807178708461779e-01
5.426268145895071227e-01
7.645355378812732638e-01
2.551146741926413886e-01
1.254388156959478640e-01
3.479460309139824625e-01
1.386814869411596707e-01
5.300434408878159642e-01
6.348400553239113009e-01
1.510327519014247055e-01
8.084370882491364041e-01
1.259250138217978821e-01
2.426852661978045334e-01
7.941347746285741804e-01
4.965540871584325222e-01
6.721980355961609810e-01
3.666019925882211261e-01
7.746341369213803896e-01
6.094218680051600723e-01
7.291039119194013818e-01
7.646560625717122583e-01
3.040417307662404145e-01
7.467825747540460801e-01
1.261093707862991908e-01
1.923214463351034520e-01
4.046877487559925601e-01
1.047269190447080583e-01
6.287903946875451622e-01
4.009107764502145566e-01
5.791871228512180947e-01
1.590446846881698184e-01
2.502559144549750259e-01
9.884493973105253073e-02
4.597498389640676808e-01
8.278857792470565302e-01
5.652007896527222464e-01
7.568572466687587541e-01
1.702428380064905100e-01
2.949387526687686778e-01
8.862698285114237740e-01
4.640291029672186651e-01
6.270843771397198729e-01
3.371990607971255272e-01
5.192869608244984336e-01
2.417407827674417364e-01
2.369463413541821883e-01
3.407734404007839446e-01
2.989835538713388474e-01
4.954137028879477822e-01
2.771986208011982811e-01
2.369541597887943607e-01
2.564773566506485802e-01
2.238174346074248422e-01
5.869834991683477998e-01
4.184639009107276597e-01
8.690880583633767698e-01
9.633345034341837809e-02
5.900560353781912903e-01
2.596042905476042550e-01
4.927711231706331518e-01
7.805588366579534476e-01
4.529043833984988110e-01
9.882989264777915228e-02
7.407785658261868411e-01
7.347085184924967427e-01
4.361735284081497688e-01
6.412113380398911655e-01
9.555899389027748547e-02
1.549247849658961229e-01
3.247456832867500198e-01
4.988542506881383232e-01
4.233784625602707852e-01
4.589742026604738956e-01
1.421795169429757311e-01
5.866453190968419218e-01
3.757079655904578264e-01
7.718312577437160815e-01
5.830707178435905469e-01
1.951420321138802594e-01
8.029351267733823017e-01
2.918002044429026665e-01
3.929699682128311444e-01
3.057036662843894415e-01
6.696807312582598870e-01
2.109452976321427309e-01
6.727824525197395600e-01
5.712837035419596754e-01
7.424279615726950832e-01
4.541341101179087181e-01
7.081563036925222487e-01
8.199501171400511712e-01
1.865394388821999816e-01
4.011113937234107585e-01
2.255675952288021535e-01
1.662710971865183629e-01
6.806838460527372403e-01
8.333237292504534766e-02
2.281582795834461164e-01
5.823972443818379308e-01
7.464924213272655651e-01
5.206211426525040320e-01
3.127254176254476437e-01
9.245604562268658899e-01
2.258062640114683328e-01
4.350083309360714412e-01
3.887378424735639104e-01
2.587477120704823053e-01
2.445336013486431315e-01
7.735809992150868286e-01
6.053979347256185362e-01
1.704082110403210004e-01
3.419564601181727115e-01
2.553030319497332501e-01
7.049073284186918587e-01
1.636009217719479603e-01
7.851593956787805695e-01
1.960392780715766448e-01
1.109968710235289813e-01
2.755677215274227043e-01
3.140535103766409764e-01
3.494210431481028500e-01
5.769253193739820595e-01
7.982396190833022931e-02
2.149263990294430493e-01
7.110573984753890686e-01
3.932741289453219879e-01
7.081294020857477056e-01
7.427739820621158395e-02
2.672916147620255090e-01
3.367377689432066168e-01
3.527091140945399217e-01
3.742297977000620945e-01
3.265863941040789697e-01
4.224906833479323276e-01
6.066902407068849173e-02
5.216470632677642216e-01
3.189959521482804705e-01
7.993121379184268960e-02
3.341885375454312634e-01
1.713177770239976139e-01
2.639494865252602906e-01
2.497224171989745334e-01
1.572432279925985166e-01
6.065509189018952751e-01
3.582205641158386356e-01
6.425758956151035317e-01
1.371619353373169092e-01
2.789882565128127268e-01
2.554030566878101594e-01
1.258635030266410382e-01
2.877780549538589416e-01
3.868078924058475088e-01
2.826713942011139791e-01
4.847601279658939055e-01
2.275153501131861322e-01
4.414883720462012273e-01
4.965636653653771604e-01
1.858457492590034899e-01
1.144251261210735143e-01
8.392795393325868103e-01
2.159601852940158662e-01
1.376689519490645885e-01
3.938342272797257237e-01
4.707424630361545237e-01
2.517132381094604465e-01
1.689517195444827924e-01
2.631553530544694097e-01
2.139642816110334800e-01
1.845859985423904948e-01
2.329208368833822762e-01
3.281755619311961247e-01
4.299301950678113271e-01
5.131326728928540248e-01
8.129497261427439669e-01
1.321721555365439893e-01
4.637430260407531812e-01
4.766770602350888786e-01
6.666300229519159792e-01
2.128534157589260511e-01
1.321244560728526973e-01
5.366497462878005997e-01
1.883498269262386393e-01
3.385209522103324042e-01
4.224331594928934508e-01
2.613679196312820863e-01
5.256585444474070057e-01
2.901161626753523959e-01
2.422645037277783853e-01
7.327867495982864909e-01
2.928665787460907333e-01
5.269619989622320588e-01
2.587860526070382416e-01
6.726783038512326174e-01
4.051903478895647615e-01
3.634153556390012363e-01
3.311185129350642797e-01
2.572683549547791215e-01
3.223939162316671325e-01
6.735171498644645371e-01
4.662404362148948045e-01
5.712837035419596754e-01
4.831175664887271126e-01
2.593600772442989921e-01
3.760233615139829122e-01
1.015083258356178769e-01
4.992959378996389974e-01
2.613682572421790473e-01
4.140930454613649392e-01
3.241502570771647718e-01
7.723488351937023155e-02
5.440350918728615870e-01
5.388335319003738633e-01
4.197440402757509625e-01
2.154084734617681407e-01
5.686096159019560226e-01
5.569131417432880982e-01
2.381153652025915224e-01
2.269203049040561804e-01
1.231752644415756576e-01
