2.017583210006204553e+00
4.624964678316940137e-01
9.336268142453947760e+00
9.821990977236605858e+00
9.131695749942762674e+00
9.981927674975210607e+00
8.521209561115616893e+00
3.383554943097363932e+00
1.002245539943213970e+01
9.101366273250688366e+00
9.686147769886371606e+00
1.186072628646527072e+00
2.006534411832200160e+00
9.262960414411171683e+00
9.108044127167188364e+00
9.428825087465893873e+00
8.676134841767108696e+00
3.168472963056034875e+00
2.421619548837257607e+00
9.876680785479187819e+00
1.995141833777225981e+00
8.795241308059296159e+00
9.907685377626867407e+00
9.262960414411171683e+00
1.657001880657375859e+00
9.261793813760037519e-01
9.196396644631146700e+00
9.598866959182263514e+00
8.132876666276530386e+00
9.796526509615627987e+00
1.231613318356141074e+00
2.257361526580666578e+00
9.873982790630844164e+00
4.296922779355996980e+00
9.845939404187724620e+00
2.046306252779782842e+00
9.308347862092189118e+00
9.897621798861582221e+00
8.981301243074494067e+00
9.262960414411171683e+00
9.843023069111124457e+00
9.262960414411171683e+00
1.082463143851398746e+00
2.219207621996305502e+00
9.736464153823224166e+00
1.252320884986931171e+00
9.262960414411171683e+00
9.262960414411171683e+00
8.201399847106323193e+00
8.714962297006420000e-01
6.410975049454441521e-01
1.584279720940354075e+00
4.160666829368950381e+00
1.000179237302327984e+01
8.666624484192816169e+00
1.479176109492689184e+00
9.627345633850648454e+00
2.023000951351124233e+00
9.099088482264356514e+00
9.262960414411171683e+00
1.027701945986631449e+00
8.875291152246024495e+00
9.550211739801351740e+00
8.041113440939588131e+00
8.845107262649218427e+00
2.283489686269391861e+00
9.111576087393874701e+00
8.963904910770825296e+00
9.262960414411171683e+00
9.173277240502422103e+00
8.861315092751780753e+00
9.164556985935984557e+00
9.889899633538480117e+00
9.245924484988542247e+00
3.465600907685908449e+00
9.884665437279764433e+00
8.396293594229771173e+00
9.732641620716929509e+00
2.348852873455158363e+00
6.063088779509274717e-01
9.536839457912984486e+00
9.494003039763738272e+00
1.929117670920706684e-01
9.435855714965265761e+00
1.465857724040037668e+00
9.720956892850894704e+00
9.262960414411171683e+00
9.902686177314295790e+00
9.605960395184252931e+00
9.769356334446683832e+00
9.420822462910498629e+00
9.435031818121618841e+00
8.489861353035195179e+00
9.786548915269861482e+00
9.262960414411171683e+00
8.983106857020672908e-01
9.876680785479187819e+00
8.500279949960397374e+00
9.275354536719193632e+00
9.997904942843289788e+00
8.810173531927731005e+00
1.108492089548862136e+00
3.414831854833779268e+00
1.014384574702127395e+01
1.361969145423141736e+00
1.010771170974196131e+01
9.694239089634091755e+00
9.204853638387990866e-01
8.424849423826465511e+00
9.321467311567730007e+00
8.846320767936985519e+00
9.377407302075877027e+00
9.361049590588001124e+00
1.013095130762871854e+01
9.751409050653901289e+00
9.262960414411171683e+00
1.005219341634197328e+01
8.826981428213233727e+00
1.697608077684516159e+00
9.620072849599853981e+00
8.148638881918015997e+00
9.092249518070801173e+00
1.108782911054589260e+00
1.020697293689040031e+01
9.736464153823224166e+00
9.999853857258873546e+00
9.666624279769804318e+00
9.262960414411171683e+00
9.455121860474278606e+00
8.548937438425610047e-01
1.403503007580417350e+00
1.011472732954975662e+01
2.109341653869144739e+00
9.164556985935984557e+00
9.967355897004466669e+00
1.611022576486996316e+00
2.318848024378030726e+00
9.612242056445712279e+00
9.563988035395491139e+00
9.769356334446683832e+00
9.510857114402712753e+00
9.825063913324390441e+00
9.021883900569227066e+00
9.915065208063628788e+00
1.232531584488076426e+00
1.854162165602939227e+00
9.977822445476578039e+00
9.630554936580795200e+00
9.341983302770231035e+00
9.367389271968459497e+00
9.494724535167945234e+00
9.744004451003368317e+00
9.262960414411171683e+00
3.736295951779848412e+00
1.424326163578205184e+00
1.731688296255607717e+00
9.690473149772746098e+00
1.021194750422689701e+01
9.333155537682657155e+00
2.150248047936310858e+00
9.259282464552232028e+00
4.058380430245939752e-01
8.451330335790499859e+00
8.779024653800828304e+00
8.965175910658872427e-01
9.604692865010118652e+00
1.842568199665116868e+00
9.317079820678648261e+00
9.332319978631547386e+00
9.121997504975075444e+00
7.169427724435087912e-01
8.108524358821755484e+00
9.330808641284358274e+00
2.222469453209689139e+00
9.843023069111124457e+00
7.942281652663590874e-01
8.592501957591766271e+00
3.008633426359294205e+00
2.134543682043676505e+00
9.463280576084098783e+00
8.223600457058042323e-01
9.540984464240228391e+00
9.831140163961721967e+00
3.217616660878563906e+00
1.449817106494684982e+00
2.845979371718960316e+00
2.382557621365657852e+00
8.826109955275013519e+00
9.542930983088256269e+00
9.609882408496039474e+00
8.978861891091884928e+00
9.843023069111124457e+00
2.718101163005493870e+00
8.511137228611472594e+00
9.825063913324390441e+00
9.977822445476578039e+00
9.179295160293992950e+00
5.122477251103422446e+00
1.846074443887947059e+00
9.857395794728223137e+00
1.612240262374294630e+00
8.981969812978702450e+00
8.834914858713167618e+00
9.910161002804905195e+00
9.442769383882804846e+00
6.871969984090551264e-01
1.200369768813171367e+00
1.845488470514522250e+00
9.569395520212259365e-01
1.020996948202977705e+01
9.490810836798500461e+00
1.150298187942059736e+00
9.376466074645129822e+00
9.683783886721315071e+00
9.262960414411171683e+00
9.304367850410212526e+00
1.052055353490704448e+00
9.480201760546830059e+00
1.012378135469468088e+00
2.628864806853021818e+00
9.597148628355371969e+00
7.282461463471708862e-01
9.250541071738769716e+00
9.854562488668753062e+00
9.177798565319685409e+00
7.855423118044903674e+00
1.932896930957879844e+00
1.122131003283683537e+00
9.293208264232587723e+00
9.159248254698422187e+00
1.898495415725095059e+00
1.017494825534648584e+01
2.794432737443278469e+00
9.070482164724785079e+00
9.548820381146995162e-01
3.079930680115305019e+00
8.260696175807476394e+00
1.175512148925768940e+00
9.262960414411171683e+00
9.075800308125366200e+00
9.716987394970677983e+00
1.368031506362598071e+00
5.480408972818514579e-01
9.060634874385026905e+00
5.197950127021485622e-01
9.851708835703581357e+00
1.036851729454421056e+00
9.152462204144114821e+00
9.465932751078407037e+00
9.871266193567418412e+00
9.751409050653901289e+00
9.740251560173362577e+00
8.902206786258286542e+00
8.976407596998209115e+00
9.221910449725157832e+00
3.156653087237971889e+00
1.084636573827973738e+00
3.369564869277673402e+00
1.004198394194132504e+01
9.762271463416114514e+00
9.393143864888033434e+00
9.999853857258873546e+00
9.477646207257583555e+00
9.099558741971263132e+00
7.916109609574126793e+00
1.003676461650676544e+01
9.223258536059939061e+00
2.066696628334130370e+00
1.008871985472219457e+01
1.101530751227068450e+00
8.590752025525201674e+00
9.712979449314063984e+00
9.095920097294571960e+00
9.262960414411171683e+00
9.837125725058527337e+00
9.762271463416114514e+00
2.025151344167884115e+00
1.778335397323651756e+00
8.776529332866431332e+00
2.787960128224809431e+00
9.696087425729613685e+00
9.451162983471011358e+00
9.262960414411171683e+00
9.887291282315299412e+00
9.075800308125366200e+00
2.720548753061336811e+00
9.262960414411171683e+00
9.868530759548313824e+00
9.491537818860029674e+00
9.124941835387215150e+00
9.507366390976418558e+00
9.258044271871703756e+00
1.796471552956362627e+00
1.566413732038006712e+00
8.954110949945389919e+00
9.244646901141960527e+00
9.262960414411171683e+00
1.804849793967826299e+00
9.113331002082585286e+00
3.220688115810835139e+00
8.872984830856777805e+00
9.283608363140883668e+00
1.000563857890017871e+01
1.921903566103899674e+00
4.012817876841230813e+00
9.243365585798612116e+00
2.766512101306290550e+00
9.106354947529425203e+00
9.262960414411171683e+00
8.429461390214035177e+00
9.857395794728223137e+00
8.418336292798935361e+00
1.018276991821268318e+01
9.347435440625442737e+00
8.951496072110328939e+00
9.378346589254276111e+00
8.426007336550551230e+00
9.969222733462946850e-01
7.252667484008979981e-01
9.843023069111124457e+00
9.262960414411171683e+00
2.139495088256673672e+00
9.294123442438136706e+00
9.032227690011087162e+00
2.466523066943825171e+00
4.716758364504983092e+00
9.262960414411171683e+00
8.615538672047362567e+00
8.164383470116113317e-01
2.278278246368942828e+00
8.834201688059517110e+00
3.882157201677745473e+00
9.169174989615305194e+00
9.646672433514430267e+00
2.614407732443869481e+00
9.262960414411171683e+00
9.565221730763196817e+00
1.384080634370972396e+00
9.460173839533180029e+00
9.806264629814982925e+00
9.262960414411171683e+00
9.840085273760365681e+00
8.640906225110942529e+00
8.802312922343716650e+00
2.458428828531376453e+00
9.732641620716929509e+00
1.019250679785616498e+01
8.693956067594539761e+00
9.995945535538400151e+00
4.279107588198351131e+00
9.956587113986207882e+00
3.413051139722164784e+00
9.845939404187724620e+00
9.797118782993863295e-01
9.147654288814242918e+00
2.027102518417190691e+00
9.934079841887335505e+00
9.657017473124081874e+00
7.797551092328768974e+00
1.575631484213235511e+00
1.002245539943213970e+01
9.917494140587239215e+00
2.107376260677985336e+00
9.639739432619968795e+00
9.672562988668323314e+00
9.092249518070801173e+00
1.017720573870960266e+01
9.017470013577970178e+00
8.476862466439564869e+00
8.954110949945389919e+00
8.661967362229955114e+00
9.262960414411171683e+00
9.200215951949596516e+00
9.915065208063628788e+00
9.769356334446683832e+00
1.020189878301529696e+01
9.516646611587470161e+00
9.111576087393874701e+00
9.720956892850894704e+00
9.755061903242577159e+00
9.203040750176620932e+00
9.450367145030002192e+00
9.262960414411171683e+00
8.946213972461123376e+00
9.677522873032742723e+00
8.392530020620368347e+00
9.300422988611479980e+00
9.656011024331048631e+00
1.281499743120575685e+00
9.305479506382994259e+00
8.729430919277055168e+00
9.709828334657801818e+00
8.286928939300596042e+00
9.262960414411171683e+00
9.821990977236605858e+00
9.064601959808992859e+00
3.516169326761450442e+00
1.023629276368911789e+01
9.236056794220433019e+00
9.451162983471011358e+00
1.103474700162095257e+00
9.845939404187724620e+00
8.999541475096755505e+00
1.017720573870960266e+01
9.643480200419322301e+00
9.124941835387215150e+00
8.359158048127438789e+00
8.815918012742148591e+00
8.999541475096755505e+00
2.855895617285860499e+00
9.262960414411171683e+00
9.508765783399589111e+00
9.262960414411171683e+00
2.466554507807919627e+00
9.707102413435768185e+00
7.966293250622118904e+00
9.315997595501347206e+00
9.882021885092576952e+00
9.262960414411171683e+00
8.139206062272174025e-01
1.413149491514496869e+00
9.572132765219899753e+00
9.490810836798500461e+00
1.367542623188173767e+00
9.963085489170934395e+00
9.744004451003368317e+00
9.868530759548313824e+00
9.553593139556403102e+00
8.810254214843018516e+00
9.281265765853364158e+00
9.391767761845480678e+00
1.462138223585578212e+00
9.549574120097812369e+00
8.825901634155123077e+00
9.848834566009220026e+00
2.761639511577422823e+00
1.006268759262628265e+00
9.583860286661023409e+00
4.960252560811630573e+00
2.065046089350104808e+00
9.751409050653901289e+00
9.736464153823224166e+00
8.983725847203317016e+00
1.024415755484051438e+01
9.860209018281292259e+00
9.262960414411171683e+00
1.007015726696225322e+01
9.915065208063628788e+00
8.992115484374876289e+00
8.103271853519231627e+00
2.004429270391891560e+00
9.502866556241233553e+00
9.262960414411171683e+00
5.609578309435246934e-01
9.762271463416114514e+00
4.617641650972708067e-01
9.306588401876634720e+00
9.225482314436920461e+00
9.262960414411171683e+00
9.426308891904135123e+00
9.720956892850894704e+00
4.342864004284315627e+00
1.014885244653129881e+01
9.452750582714049443e+00
9.070482164724785079e+00
1.705152844998554240e+00
1.011749057757083570e+01
1.509222777637253987e+00
9.085288820138677224e+00
9.457046237273024403e+00
1.005219341634197328e+01
9.803044532309966641e+00
3.735765094507418338e-01
8.490094047246014242e+00
9.394954088677399895e+00
8.914457841611544975e-01
9.394049871698344489e+00
9.815773816904705740e+00
9.370266106868038847e+00
9.506393382597142505e+00
9.420822462910498629e+00
1.931032459525814593e+00
6.425485367629996114e-01
9.694656893495400496e+00
1.001878598326550396e+01
1.024924869521671944e+01
2.857043728214976319e+00
1.012294507673775712e+01
9.947744149914273137e+00
1.768575707496111482e+00
9.024073030086338321e+00
8.787627257156687577e+00
1.933751834808024039e+00
1.427333048930062853e+00
9.286692871280791906e+00
8.322548450637887285e+00
9.902686177314295790e+00
1.104483339504348294e+00
6.406497802074380132e-01
9.327747310294055794e+00
9.668589172050713998e+00
9.444387192332200698e+00
4.997604279796923343e+00
9.262960414411171683e+00
9.499030397893827526e+00
1.606448754048394045e+00
1.005718712676145365e+01
9.854562488668753062e+00
9.786548915269861482e+00
9.633851572103095506e+00
1.052904829385564733e+00
8.862872464339083933e+00
9.262960414411171683e+00
1.002427601987190009e+01
9.732641620716929509e+00
9.143648479439752563e+00
3.690549679802451521e+00
9.133367515836098960e+00
1.018386930639535670e+01
9.244646901141960527e+00
1.001878598326550396e+01
1.125175210060428865e+00
8.768173815110298364e+00
9.262960414411171683e+00
2.934567063908824824e+00
9.499030397893827526e+00
9.857395794728223137e+00
9.975752613279150083e+00
9.262960414411171683e+00
9.262960414411171683e+00
9.258044271871703756e+00
9.262960414411171683e+00
1.016986539959537472e+00
9.520999025399861537e+00
8.685967871472096036e+00
9.099558741971263132e+00
8.868040524760016918e-01
8.101030517642380246e+00
2.244590050196987985e+00
9.360072209587837477e+00
9.187702378581763085e+00
3.860867687224507905e-01
9.370266106868038847e+00
9.330021258183871069e+00
9.531323556638197303e+00
9.740251560173362577e+00
9.262960414411171683e+00
9.262960414411171683e+00
9.715196647740221181e+00
8.642936272595770575e+00
9.969472912565978007e+00
9.656011024331048631e+00
1.530507968316141998e+00
1.085464163161924844e+00
9.601862231801161940e+00
9.620618117802353098e+00
9.339938538117863231e+00
9.834144123698051132e+00
9.032286687161738215e+00
1.266425941220255869e+00
1.025008563124716510e+01
8.653786454780577841e+00
9.186851748599771383e+00
9.821990977236605858e+00
8.944050232828150371e+00
9.715664018780898914e+00
4.626206960138094182e+00
9.526648654495186719e+00
9.556317259321584601e+00
1.295576681321644941e+00
1.664622306263804807e+00
5.639797290225475601e-01
1.863084422860321610e+00
9.879360408349953104e+00
8.826630695036980612e+00
9.857395794728223137e+00
9.417841384392234616e+00
9.999853857258873546e+00
1.004198394194132504e+01
9.670615418329546742e+00
9.262960414411171683e+00
9.960931855912411592e+00
9.747723421356333517e+00
1.373186289756215817e-01
9.865776249211018367e+00
9.250541071738769716e+00
9.262960414411171683e+00
9.821990977236605858e+00
9.262960414411171683e+00
7.565692582776295527e-01
9.251800526565258309e+00
9.201725983707328638e+00
9.024073030086338321e+00
1.849105539484854344e-01
9.669149643818586881e+00
9.198499056003983654e-01
9.087160843649483510e+00
1.972252767038306320e+00
9.239499017508386203e+00
9.233437067204890880e+00
9.405228054214418876e+00
8.822603223109974024e+00
9.242080515742218338e+00
9.589896208605139805e+00
8.783422630619176497e-01
9.248468549959747875e+00
9.902686177314295790e+00
8.924852291251024639e+00
9.314144736518555234e+00
9.803044532309966641e+00
1.729234672294517994e+00
9.598294862967984287e+00
1.027638718041669286e+00
7.678964992755921148e-01
9.290439484501066048e+00
2.440621849775709062e+00
9.085288820138677224e+00
1.644466877260174709e+00
9.262960414411171683e+00
8.585712777006245133e+00
9.104958113380272167e+00
9.955318100044665552e-01
8.793252770881565539e+00
9.370343752802046566e+00
9.837125725058527337e+00
8.826630695036980612e+00
9.159888596995317656e+00
4.547418517261584192e+00
9.825063913324390441e+00
9.261748460750728995e+00
9.551057587058025433e+00
2.614765153765227446e+00
8.504553870989226994e+00
3.453973327705580076e-01
8.940860383907498488e+00
3.010933637504876526e+00
9.118552264807270546e+00
9.369165234716765767e+00
9.262960414411171683e+00
9.679440490482333459e+00
9.262960414411171683e+00
9.460952468355928957e+00
1.130090560640081732e+00
9.262960414411171683e+00
8.764113496806906767e+00
9.099558741971263132e+00
1.448505451186218540e+00
1.836682802077267862e+00
7.955091438445427876e+00
9.231683396293295374e+00
9.783167903078057392e+00
9.949974403166374159e+00
9.868530759548313824e+00
9.843023069111124457e+00
9.871266193567418412e+00
1.700417435644725028e+00
9.203047943262802733e+00
9.531323556638197303e+00
9.780487795184422684e-01
8.367515386818174861e+00
9.262960414411171683e+00
8.823705918335274845e+00
1.796908541711054186e+00
2.169785243511342276e+00
9.765829228909224113e+00
7.105980321928312415e-01
8.410434697726287823e+00
2.402963442889139323e+00
9.483171469757467165e+00
1.941523130575386169e+00
1.014635963550822417e+01
9.769356334446683832e+00
9.696087425729613685e+00
2.514793917526496614e+00
1.940215208261166113e+00
9.034513461073220952e+00
9.747646318071881977e-01
8.845283589285552139e+00
1.005051261207111679e+01
9.525059951992883356e+00
9.991994858477809771e+00
9.262960414411171683e+00
9.046926015197792381e+00
9.678961787909294401e+00
9.647699809501849799e+00
1.181550306803869077e+00
9.860011626648340632e-01
9.262960414411171683e+00
9.654497451264722585e+00
9.724888644711054297e+00
1.926955322027057438e+00
9.156747761984242118e+00
9.747723421356333517e+00
3.011226863599555159e+00
1.012159035659636075e+01
1.112656038830876826e+00
9.176296739824207904e+00
5.082078341537708432e+00
1.791024798065444568e+00
2.040036443159437773e+00
9.525977028924197398e+00
1.104026888296823161e+00
9.821990977236605858e+00
8.924852291251024639e+00
1.011749057757083570e+01
1.560666875474817861e+00
9.262960414411171683e+00
2.951951367162970019e+00
9.248468549959747875e+00
8.968953059076371304e+00
1.757961211010518721e+00
1.673666953849173744e+00
8.816010951076838964e+00
9.092249518070801173e+00
9.103166040079969434e+00
9.402572643968690969e+00
9.411795866498978924e+00
1.542352045901491886e+00
3.168572997947620706e+00
3.186195561479054028e+00
9.253056384018755409e+00
2.560483633086238608e+00
3.949748032197123226e+00
9.212355109487699423e+00
9.262960414411171683e+00
9.786548915269861482e+00
1.015377580061537799e+01
9.262960414411171683e+00
1.007174415939456580e+01
9.262960414411171683e+00
9.922306523658409816e+00
9.648847187312108442e-01
2.179261845134932596e+00
3.974435013243631243e-01
9.574731954457076810e+00
9.446803373604474530e+00
9.147654288814242918e+00
1.010198595926500253e+01
9.703939566373737335e+00
9.463280576084098783e+00
9.956587113986207882e+00
1.380307960531350409e+00
2.558286304136150768e+00
9.492263676652168414e+00
9.751409050653901289e+00
9.560693999698425927e+00
9.419115759814598476e+00
9.924690308646036740e+00
9.158321066871492278e+00
9.179295160293992950e+00
1.001693702695671639e+01
9.133367515836098960e+00
8.570875328469551135e+00
1.034182530653264642e+01
3.963072229375160238e-01
1.275975525846337666e+00
8.719327789413805263e+00
8.968953059076371304e+00
9.077715409279550229e+00
1.066392774334703253e+00
9.262960414411171683e+00
9.521678272139425303e+00
9.422522870167428621e+00
9.997904942843289788e+00
9.262960414411171683e+00
8.862210778115221288e+00
9.837125725058527337e+00
9.857395794728223137e+00
3.018760201544062660e+00
8.760413707614755907e+00
9.381152893282092009e+00
9.017470013577970178e+00
1.002427601987190009e+01
1.004370651557151817e+01
1.018496426506155217e+01
5.398375516126224127e+00
1.788619424761434873e+00
9.563988035395491139e+00
9.639739432619968795e+00
1.017152735050851220e+01
9.263745466406360762e+00
9.201634262951817078e+00
9.262960414411171683e+00
9.650348885827941814e+00
8.635235166515192518e+00
8.910543785083424595e+00
9.088546399147261923e+00
9.318787525114030856e+00
8.164818885510632285e+00
2.129035858599867215e+00
9.954395752755454296e+00
9.863002418448305164e+00
1.887478529830624918e+00
9.046926015197792381e+00
9.709828334657801818e+00
9.938689421825488424e+00
9.602429688994474688e+00
9.262960414411171683e+00
2.198795333485717318e+00
7.777181319482164845e+00
2.327200254086114306e+00
2.054671311693375468e+00
1.830684599796579937e+00
9.199256276341509775e+00
2.745399543142023280e+00
9.315997595501347206e+00
9.262960414411171683e+00
9.240974293532847383e+00
1.000179237302327984e+01
2.438257284391594837e+00
9.902686177314295790e+00
9.051833837643172842e+00
1.020897458648326328e+01
9.262960414411171683e+00
8.287014842762676636e+00
9.887291282315299412e+00
8.766905592980354101e+00
9.834144123698051132e+00
8.673344255146712811e+00
1.247413279077440817e+00
1.197702094185328248e+00
9.261748460750728995e+00
1.985137931247970888e+00
9.429660782274458697e+00
5.209446545694500053e+00
9.127231983227561685e+00
9.262960414411171683e+00
3.088870951868281090e+00
9.716987394970677983e+00
9.262960414411171683e+00
9.585795066756556793e+00
9.983963288872287123e+00
1.219235861830460177e+00
9.513201300729521748e+00
8.131595028699093675e+00
9.663090204039447073e+00
9.313229479984377335e-01
9.921847617284992316e-01
9.567253925366216549e+00
9.219201696000842716e+00
4.355025121810431443e+00
9.873982790630844164e+00
9.090402064582915997e+00
8.659654634561162467e+00
9.174789644728516436e+00
8.539844969726498647e+00
9.887291282315299412e+00
9.379283944608962642e+00
9.262960414411171683e+00
9.294688098955781186e+00
8.899214056315738475e+00
9.262960414411171683e+00
9.605960395184252931e+00
9.831140163961721967e+00
9.262960414411171683e+00
9.995945535538400151e+00
9.487158933352485946e+00
9.426308891904135123e+00
2.308629083092778700e+00
6.424268522727625275e-01
9.042779969869876311e+00
8.892063940345504847e+00
9.253056384018755409e+00
8.481386979370256207e-02
9.910161002804905195e+00
1.373697633117492378e+00
9.504985820062591628e+00
9.711644345459701455e+00
9.427149148097443643e+00
3.216881828175720548e-01
8.649018693496159926e+00
9.783167903078057392e+00
9.262960414411171683e+00
9.938689421825488424e+00
8.954110949945389919e+00
9.304367850410212526e+00
9.693483766242473321e-01
2.279752209135348373e+00
9.201634262951817078e+00
9.704845305677100242e+00
9.262960414411171683e+00
1.251907360947598580e+00
1.026768950836374472e+01
9.889899633538480117e+00
2.386142091315032854e+00
9.262960414411171683e+00
3.435163918718263432e+00
9.502866556241233553e+00
9.262960414411171683e+00
1.006856286814818624e+01
8.516482901861649468e-01
1.996387764702695966e+00
9.157723219717786023e+00
1.053847590885431451e+00
5.889699488228252733e-01
9.133367515836098960e+00
1.627742257698753248e+00
1.211343637271757201e+00
9.654497451264722585e+00
9.099386381269569668e-01
9.164556985935984557e+00
9.876680785479187819e+00
9.713423684471331754e+00
2.178884924960079239e+00
9.710722714492176166e+00
9.288959083246448145e+00
2.003323817524888639e+00
9.238202541772867704e+00
8.992788401208116511e+00
9.246617260336037702e+00
9.299893328028881356e+00
9.907685377626867407e+00
8.297978213127612079e+00
2.788949305647069554e+00
1.015741475526645843e+01
9.406109787969899827e+00
9.724888644711054297e+00
9.047583984949186586e+00
8.753276427647044500e+00
1.769866412409030199e+00
1.015377580061537799e+01
1.035897046727679571e+00
9.343002220482677700e+00
9.315997595501347206e+00
3.531222612353701606e+00
9.149262966412795350e+00
1.073091387171618560e+00
1.244480270896150875e+00
9.477646207257583555e+00
2.433162186016503359e+00
9.591219337048991989e+00
9.922306523658409816e+00
9.079621725947687239e+00
9.562131499386664402e+00
9.517332667667306012e+00
9.653399290194316862e+00
1.199319720024352165e+00
8.602788547566155852e-01
9.176296739824207904e+00
1.015116174710458674e+00
2.980565397150956919e+00
8.874911602006962497e+00
5.627311186014424926e+00
9.931753984604446472e+00
3.118905336051097432e+00
9.284775039983221845e+00
9.779758594187056175e+00
9.478395063883411353e+00
9.092249518070801173e+00
9.527989054793264856e+00
2.185204898498078308e+00
5.298619440424704452e-01
9.764226994600156972e-01
9.539682341207063487e+00
2.331803976706767756e+00
9.243246317165352721e+00
9.649748087951962816e+00
9.426746662708385571e+00
9.482430806264046552e+00
9.806264629814982925e+00
2.277107097972802308e+00
9.262960414411171683e+00
9.130583841660348199e+00
8.999541475096755505e+00
9.021883900569227066e+00
9.812628903651138046e+00
3.467990065749492867e+00
4.857996966405730532e+00
9.262960414411171683e+00
1.012563693078612737e+01
8.871845231503204587e+00
9.744004451003368317e+00
4.838541613337457470e+00
9.262960414411171683e+00
9.262960414411171683e+00
1.011333657081812198e+01
2.603946461633180665e+00
9.262960414411171683e+00
9.302189065930370759e+00
9.557571858227031925e+00
9.744004451003368317e+00
4.891541523904539446e+00
1.458968155492175844e+00
1.127587635772826502e+00
9.633851572103095506e+00
1.001133217833439382e+01
1.002608735380717775e+01
9.458612665051671087e+00
