1.314225370668237469e-01
4.275283447062820930e-01
7.131372776716895512e-01
6.447491776538999408e-01
4.741530017934282859e-01
7.190137476087123947e-01
1.203758176732399182e-01
2.735642551287241209e-01
5.331323760535630063e-01
1.667920040978393137e-01
5.491492219656454732e-02
5.132099087808572602e-01
9.015940716987112802e-02
5.033998253670363132e-01
7.148083121448497446e-01
4.548395393317751223e-01
5.237483245091597572e-01
5.108424361553752790e-01
5.681214604889323061e-01
4.214811255068924845e-01
7.632870373149720500e-01
1.545041899313047695e-01
2.533431866299298285e-01
3.007441309254292872e-01
1.030323328815662798e+00
1.219609582984827023e+00
5.504534133695943021e-01
1.696848348309699661e-01
3.766977135049477399e-01
1.224136823598218626e-01
7.239499882531057473e-01
8.860838888460461638e-01
2.691839763937477481e-01
6.905965247636005611e-01
2.439703429235225707e-01
1.025068241356524634e+00
2.959312604377393741e-01
2.370757445064727853e-01
3.914516291390369718e-01
5.140449851720684249e-01
2.698837603051068568e-01
4.450795702396353470e-01
3.768056026514997048e-01
4.416457261676297597e-01
2.692794041358835821e-01
3.096789919098679733e-01
4.630983218010999991e-01
5.517317264020437095e-01
3.020210179400927286e-01
4.128587392427703340e-01
1.260351804549218746e-01
4.803072543065019517e-01
1.001503035129911318e-01
5.922931867058467414e-01
6.645285472428379414e-01
6.198044292860481752e-01
4.248140852545698731e-01
5.208178966849983382e-01
4.263052247010283846e-01
6.283753140340592180e-01
3.965390241159268969e-01
5.491891221838169912e-01
5.128068868689378279e-01
1.272019945717199341e-01
3.711196699945004118e-01
9.007996729143523396e-02
4.042284743694472826e-02
3.955807108776643322e-01
4.548395393317750668e-01
2.687476220050371567e-01
6.312004034068993130e-01
2.507917414910293408e-01
5.471686559757473756e-01
3.763897375697015102e-01
4.846429113865665661e-01
6.772862404281529969e-01
2.730955199338261918e-01
9.124180488655861954e-01
8.078259873073836972e-02
9.632711656086870855e-01
5.162707618936943632e-01
8.919758128632986338e-01
3.615506980923003377e-01
4.353268905497481578e-01
1.428425002764097007e+00
1.667920040978393137e-01
2.427164531563242855e-01
6.809468456796252678e-01
2.421742785702823419e-01
7.717009963924702509e-01
6.135815877533626894e-01
1.889939309905384612e-01
4.041120229007191811e-01
3.001793485888939461e-01
4.604916514390671178e-01
2.440695866571225281e-01
3.354977914561294711e-02
1.745898160495502616e-01
7.824950915608345214e-01
4.484382134809333093e-02
4.098015807361473084e-01
2.992896236142918442e-01
1.823667981677591365e-01
4.060921361519247985e-01
2.345586828059347817e-01
5.563082406481042463e-01
2.773417761072706766e-01
6.007167853035404459e-01
7.117140040349585750e-02
6.549916818964547360e-01
4.651516613676323630e-01
1.956107322323434594e-01
6.277072167746459153e-01
4.457854709952106531e-01
1.689802466571424244e-01
2.145625171005108855e-01
2.205535635674835127e-01
3.481173590402360518e-01
7.837570525558612555e-01
3.623262239568600940e-01
5.326060435564977658e-01
1.223801210415806084e-01
7.865689388672114646e-01
4.305756836992802317e-01
2.210017081109432943e-02
8.064919600118311549e-02
9.594296048978104841e-01
7.793934418471584746e-02
3.878464217303639883e-01
6.799211850515929356e-01
7.783935828849604111e-01
2.409148250750773324e-01
1.000274881335139199e+00
5.751928413237564763e-01
4.614698698775319130e-01
4.798671173072919238e-01
7.331541450123332249e-01
7.457718375885263873e-01
8.340810793625901276e-01
3.605444636048494300e-01
3.575592948524669579e-01
2.243437067614744429e-01
6.727557836575730477e-01
2.662008003443579462e-01
1.499379709650145165e-01
7.764374284346147181e-01
3.009708323806337127e-01
3.314038817313451624e-01
4.183406776117352122e-01
2.370141088916443428e-01
4.358471429953157394e-01
3.764890984855719103e-02
3.217809955416436329e-01
6.613266997044815465e-01
3.721565872990950097e-01
8.086714813523863121e-01
4.502587141898012901e-01
6.634460755655766651e-01
7.458219561863155267e-02
4.466702014603548543e-01
2.641420012742467516e-01
3.753638445708277205e-01
3.739548395286257376e-01
2.942257554185808699e-01
3.050622052440990495e-01
1.645918446881607100e-01
3.200597728350301208e-01
4.325337476124239688e-01
1.696848348309699661e-01
6.587631751708478145e-01
1.317626479465096034e-01
4.222522025064582296e-01
8.486694165564392378e-01
4.777157366287236306e-01
2.815797543451784013e-01
2.857712263719211498e-01
1.975384994570817121e-01
3.146119477680752730e-01
5.428048441445589845e-01
8.799103698972340348e-01
5.438899293229008114e-01
1.660532021819675075e-01
1.652303507831016094e-01
4.186028112475743690e-01
9.115079709290713206e-01
2.088795267379393028e-01
2.775809350096263284e-01
4.559346016499704612e-01
5.568998294244150715e-01
2.044632202221766115e-01
5.100698809757306940e-01
2.868426431932689091e-01
4.997842663913191763e-01
4.539953164966149535e-01
8.025175766361748453e-01
4.033310409179870493e-01
3.350413057586490440e-02
6.002664004639987616e-02
8.044380334062731785e-01
4.767655571556072558e-01
3.834109724175427947e-01
2.300877793368100444e-01
5.366125733660354058e-01
3.475120616221334946e-01
2.414503312521120437e-01
1.809003261073363344e-01
1.363756338499540754e-01
1.163584476086570785e+00
1.893624643013325226e-01
5.842769187317563562e-01
1.120015088263441316e-01
2.830823053972505998e-01
5.459148243963820590e-01
4.406271876045816382e-01
2.616336915054240375e-01
3.937445567579771488e-01
5.171478661067002713e-01
1.253647823893105917e-01
1.655281675062116875e-01
7.835781390128937485e-01
7.272447918527653599e-01
7.838889859315203990e-02
2.638796283870999404e-01
3.206326438877966645e-01
3.199048014927622363e-01
5.534944427464700833e-01
4.212878895348819985e-01
3.808047775066401019e-01
6.805665562622617015e-01
5.004167239853712923e-01
2.590518266161096483e-01
2.344411802046142690e-01
3.172845522351093184e-01
2.994506076279884188e-01
2.708731320837944323e-01
4.171878005142007351e-01
1.208848499123884590e-01
9.732136095571577994e-02
2.147958334568723371e-01
6.135712546571731041e-01
4.397722239449519677e-01
3.572707917134558819e-01
1.024093925428218199e+00
8.111897370239549154e-01
6.727561477280538105e-01
5.175166626757961019e-01
4.626487884994567312e-01
3.889494160327366390e-01
2.832859753792926205e-01
3.960378648004496682e-01
3.045807853703935142e-01
1.009303724021501925e-01
2.043891115569371475e-01
3.290878375159411173e-01
4.988169836750573904e-01
2.721751602113993140e-01
5.502419682224715114e-01
3.020064616064385143e-01
4.150076243814858623e-01
8.187711353437933104e-01
8.029593177105495139e-01
7.877993012348957214e-01
4.296108993873497539e-01
2.894697832383628655e-01
6.290709710385354869e-01
1.746593136747653097e-01
1.168872052757138486e-01
3.776767696700316645e-01
1.346113721957766352e+00
3.198355654532367143e-01
2.462983881758144533e-01
5.136870453045869755e-01
4.832358387420118695e-01
2.183880304943192907e-01
7.475080101021855938e-01
2.104686993201182743e-01
2.720727431210060998e-01
3.267467394902542899e-01
3.004511939306704904e-01
1.155960654722340442e+00
8.715467159537233777e-02
7.941167281620414853e-02
5.302313568529993804e-01
9.220917360032949983e-02
2.259386694868392720e-01
3.482606392393664541e-01
1.939595407714121422e-01
1.646268026207116097e-01
5.760421604047921695e-01
4.387899010542439804e-01
7.005665384471240209e-01
3.965450223371223548e-01
4.693822790234645770e-01
4.007993983646561675e-01
2.406029442906561233e-01
9.890522499137980317e-01
2.200453235687358233e-01
2.521089708777895511e-01
2.650984604656689836e-01
1.518741652672832565e-01
6.135578123947472706e-01
2.510077461863327031e-01
9.953445987542484941e-02
1.029567411884336536e+00
1.833000559664038631e-01
5.846373703796124699e-02
6.146357976565461900e-01
2.925152289114017479e-01
6.521675226606364895e-01
7.788022669731715919e-02
1.683739519134124785e-01
3.495600112080488042e-01
5.973729837287332645e-01
1.876331945860276740e-01
1.917523391869122573e-01
3.454511082113069231e-01
3.531756265852283860e-01
9.665272271747342714e-01
1.733767881800201971e-01
3.355015766177392167e-01
3.536994723046152922e-01
3.045050258975250945e-01
3.720097768177110797e-01
2.940427803776993199e-01
9.594174358033740191e-01
4.372108482139597241e-01
6.622264391547302287e-01
6.703396342088833171e-01
1.996680467931802871e-01
7.483034164277827527e-01
6.389448786162442717e-01
4.025528533002823428e-01
3.763832298593083880e-01
4.145543007315006384e-02
3.470304828413486309e-01
2.417062190563939172e-01
2.881026446882824499e-01
3.383040674495150224e-01
3.008137305293455133e-01
2.924823734978314049e-01
1.962799122152047993e-01
3.854346852829361181e-01
3.083727016379294028e-01
3.481268596826379569e-01
4.281544098111601526e-01
3.220037505804184130e-01
3.066412889209610415e-01
1.822227930216065439e-01
4.698342444992597011e-01
9.879822775290394432e-01
3.375890061669494790e-01
9.007604262108467319e-01
1.599455542501463101e-01
9.377044239653281599e-02
2.422974380231016911e-01
5.023145299127266261e-01
4.863257909207258645e-01
4.651706619266933185e-01
7.063714884538951910e-01
3.677766121147695855e-01
5.515718801755699063e-01
3.689523825411573643e-01
6.075080000467396601e-01
3.152619878129476749e-01
3.146717197306976854e-01
5.157545862616850219e-01
8.375080778702962414e-01
1.920748247688617849e-01
2.090024728394569986e-01
3.526369112896150515e-01
5.142651017791511903e-01
3.912322261896131748e-01
3.418562206596648112e-01
3.325923531808443467e-01
3.739711432221292653e-01
5.420840151874074531e-01
1.243497776008474220e+00
5.153063993368124374e-01
3.067415357421371391e-01
3.987243981169544815e-01
2.583172885092254178e-01
1.324172728567004353e-01
3.898857105316137495e-01
8.987953624377507944e-02
1.727375106317970144e-01
1.624542486358827031e-01
5.056573213032108383e-01
4.271444488469480216e-01
3.336411630028212616e-01
2.349695159365546571e-01
5.828952303648284872e-01
4.059831143005622756e-01
2.587771138124405068e-01
3.112800033708075786e-01
1.873442440177195967e-01
1.694592356965890778e-01
7.653094174306233066e-01
4.348080216539139120e-01
1.079161711798721779e-01
4.976916258568180318e-01
8.598470865946767905e-01
2.837955363223335636e-01
3.533499115833962922e-01
2.962912547538454344e-01
5.859502677829010742e-02
3.280071127058695191e-01
1.779021963553565344e-01
4.016514656036753173e-01
4.070057815504707910e-01
6.190067938798557989e-01
5.878247618132783625e-01
1.162291384887196299e+00
3.708910069890303252e-01
4.366827640663177301e-01
4.101628707801480700e-01
8.695275503809224427e-01
1.395676129602379245e-01
7.044365806330999957e-01
3.953860325710379930e-01
3.887062857304212082e-01
4.037834816319197939e-01
2.708731320837944323e-01
4.922176124965020882e-01
3.429350529652891444e-01
4.964783402857061295e-02
1.689478540904511272e-01
4.080808985203532302e-01
2.738768632866052100e-01
4.721381566919821138e-01
4.083029818406994083e-01
2.436099965095800957e-01
6.253476389135464997e-01
1.795482659689178473e-01
2.215297814304022506e-01
1.843460764382936490e-01
2.197204533299032814e-01
2.936698005026921465e-01
2.676053941200828845e-01
1.790450960181889928e-01
2.539170038802799900e-01
4.159422401345813092e-01
3.516202251038312854e-01
2.590711184560872682e-01
1.848327356135043842e-01
3.063824353880738594e-01
7.104720534355160599e-02
3.304678779354385809e-01
3.837874405503178821e-01
5.309011255475873936e-01
1.400608516219920552e-01
2.933447033655209313e-01
8.944746843791556712e-01
4.695253138669657211e-01
2.702354565489081262e-01
3.325910438731551344e-01
4.142003525976558631e-01
3.001244544657760693e-01
5.347255268372433923e-01
2.329692555779814267e-01
1.343541465893099973e-01
1.429697768372140965e-01
1.348520579246830497e-01
1.379620477940640133e-01
3.885842542187655790e-01
2.967879330798754989e-01
2.428167486661314545e-01
5.009646797373961125e-01
1.145713689684648040e+00
3.246303907204978190e-01
3.430605470882046037e-01
6.903580191007963052e-02
5.105745684084306291e-01
8.565801605412591835e-01
3.096510210612621883e-01
2.126839956754552896e-01
1.363756338499540754e-01
3.653953955008042431e-01
6.060449261239080343e-01
1.783392658204905057e-01
3.641799968213782490e-01
1.836669276546076257e-01
1.467424219365484894e-01
3.873106646792885965e-01
9.906897734504130915e-01
3.388922536224228121e-01
6.925635248135961763e-01
4.719887861306416577e-01
5.663388601913480480e-01
7.098601376122406492e-01
4.396258679848822903e-01
1.413233847364450124e-01
4.147866788898144641e-01
5.252598353678329390e-01
3.447650286348069026e-01
1.158456765902703967e-01
1.933349890795334480e-01
2.602510862426826166e-01
6.412214364580740567e-01
4.235273646557548566e-01
6.976386862078789441e-01
4.616187633513765820e-01
3.833914439397629881e-01
2.463779674468764835e-01
1.236042975088386120e-01
2.440616293175179585e-01
5.817206810259852867e-01
8.604705896236095053e-02
4.923203049890778615e-01
1.227044765335207621e-01
2.391986650542809179e-01
3.295809996423325061e-01
2.588238086613197098e-01
4.774448231779238050e-01
4.578830602672155914e-01
3.842450550076504379e-01
4.045726698084413098e-01
7.528928290330960671e-01
8.755903857872866791e-02
4.563874663473134197e-01
6.972847859927119307e-01
4.100385655597181267e-01
2.947942268039738800e-01
3.176358551591224044e-01
2.723078230388014109e-01
5.523172705371354185e-01
3.612801148258563133e-01
4.193306869849548479e-01
2.825297462171212914e-01
7.888556775626623385e-02
1.342460175991221083e-01
2.574528119930793446e-01
2.820944553325526599e-02
4.142767702886882009e-01
4.950157506689288889e-01
3.954171004128010924e-01
2.303116912173805431e-01
5.270846937544805266e-01
9.604010833859730756e-01
5.787745975738477489e-01
2.975585852940301756e-01
2.920399745612817233e-01
8.952181881407278441e-01
5.754550438494220321e-01
3.433973306231884459e-01
1.953021615821242118e-01
1.738535378810904808e-01
2.193941459091709179e-01
1.398383510477702041e-01
7.462182748730524784e-01
3.488802390779632279e-01
9.546052177799333460e-01
6.942763919969631159e-01
3.825861419253531737e-01
4.832726053056828341e-01
3.120095480653792275e-01
1.773822781927981707e-01
6.667783216579511452e-01
2.490850268200923145e-01
5.024666473966883373e-01
8.688175162554623299e-01
3.311445475618549072e-01
5.770152502996556132e-01
3.957091275938077746e-01
4.987825179193368097e-01
4.296621826951638190e-01
6.543207294557217002e-02
8.645669732841789745e-01
1.465470952368540247e-01
8.378004812435450033e-01
1.114207498188273249e-01
3.548001864862416199e-01
1.386720827896726072e-01
5.131411400092996677e-01
4.179672365217485530e-01
1.608073274984659629e-01
2.070466011900408132e-01
1.149259264424127569e-01
4.494847216291413261e-01
2.009763757170920373e-01
3.713615572382706898e-01
4.172998382712978516e-01
3.356448151959858239e-01
3.004742493296661543e-01
2.795092562517946799e-01
6.357827188169284938e-01
1.983310773150865625e-01
2.794481885401603471e-01
5.721569882880717106e-01
1.451994762646522941e-01
2.614623528610132142e-01
4.868875101762923929e-01
3.211443971744963877e-01
2.762853370717851531e-01
5.677960237779746677e-01
4.235480842766264353e-01
6.890340882634874431e-01
4.917718016371396828e-01
2.105629467408450806e-01
4.286999896713792335e-01
7.569450930682365408e-01
2.687668561450580751e-01
4.813591222322050056e-01
2.899369948116811702e-01
4.425063648908589831e-01
7.572457855290399831e-01
2.178000682187914150e-01
2.862833251090537989e-01
1.642184506565383395e-01
3.106050465697497431e-01
1.818192775582045950e-01
2.844084316502813459e-01
3.786159382773929827e-01
4.414965543244083745e-01
8.862657546382959328e-01
2.161961794293169523e-02
5.336084425906245654e-01
2.422798273797992230e-01
8.007995500623200646e-01
3.702692106224398372e-01
1.847560759206391123e-01
7.981588257124423436e-01
2.204245432641466496e-01
4.197493320034923481e-01
9.094073424718587262e-01
1.306217259329742753e-01
2.248164119148071405e-01
4.302768035818336778e-01
6.959613029064196654e-01
3.900885714648086866e-01
1.619876035900674194e-01
5.926244782061486083e-01
9.083413775447835015e-01
4.336699719944252518e-01
3.967508144218405697e-01
3.415460019601926356e-01
5.112813871672344801e-01
8.219167686028586162e-02
7.434025775480822551e-01
4.086414202113607397e-01
4.986203721589452242e-01
3.227965547401843716e-01
3.206482511919793166e-01
2.977259996387046637e-01
3.143499506203769611e-01
5.184072578713122548e-01
2.469971783802638599e-01
3.743096267936997790e-01
1.743825226680804641e-01
8.630628602932357563e-01
3.985136913615296983e-01
2.563661595130591886e-01
6.226933224425034580e-02
2.531711496927709359e-01
2.540595287109936318e-01
8.847637201174312072e-01
2.536397360480001639e-01
5.667077993586872031e-01
4.611669070761617584e-01
3.435834410476851786e-01
1.021155534229061024e+00
3.701635416688007774e-01
2.468696519578326976e-01
1.419967921708697733e-01
1.107282026268767927e+00
6.594348726124615867e-01
9.267761619158483288e-01
2.708971719712288118e-01
1.968447301670948724e+00
6.859059801286339075e-01
2.776282594142495119e-01
2.104850474381473324e-01
1.887321397475865414e-01
4.347066045288350972e-02
4.200241542833120234e-01
4.774116840435944087e-01
2.772342795087305856e-01
1.889939309905384890e-01
3.211628595661209506e-01
3.567467235486390109e-01
1.866901974938589281e-01
2.188355196585368145e-01
3.355444395840166405e-01
3.691122924787865744e-01
3.758220002295176165e-01
2.642379558023693065e-01
5.396504925465209768e-01
9.373254599599997183e-01
9.509904698402746326e-02
4.086903750836199528e-02
1.655947747390930924e-01
2.837746008258023589e-01
3.435968806213037241e-01
7.571344358590340606e-01
1.732243454262203664e-01
9.309295061190225873e-02
2.118282656587238411e-01
2.521890869731110429e-01
7.221515806110331281e-01
4.616243922907873887e-01
2.538922189396328188e-01
6.360273868903787431e-01
2.747770773046879222e-01
2.132300792720696336e-01
4.665053326452142657e-02
2.321224221164120416e-01
1.110838785610453044e-01
9.162566728859067311e-02
3.082479400054595753e-01
3.099509193433391818e-01
2.722283517495535099e-01
5.265629589349871686e-01
1.967672970051690673e-01
3.673541601423347958e-01
2.192118815278828736e-01
3.282992642831392693e-01
6.447623278768332966e-01
6.609043816355294476e-01
2.885934812026452745e-01
4.789469085642392154e-01
9.141175607055521679e-01
1.574107708729086952e-01
4.391308424640209540e-01
3.677950936158048134e-01
2.515352551920500002e-01
3.936314895239482747e-01
2.475854063358537693e-01
2.508619510481928661e-01
3.431823797065279291e-01
4.313597979222222878e-01
4.708676571723275361e-01
5.895654126577092313e-01
1.777670216718736651e-01
4.336036755382841057e-01
3.367841730416529233e-01
4.898573025348937904e-01
7.636608809527137276e-02
2.252218737501448520e-01
3.010978943771042693e-01
6.338879864184292223e-02
2.489487867683645994e-01
4.295672466862375249e-01
9.809024427548030944e-01
6.583187028996322354e-01
9.152160283526267204e-01
2.362205504487007446e-01
2.633610517422305675e-01
2.394003502808220996e-01
1.828630393345528904e-01
4.763747917009049648e-01
5.605972060212269792e-01
3.247641359467272060e-01
3.574604216658416878e-01
4.367035948181716698e-01
1.550146997845962105e+00
3.605444636048494300e-01
5.967837426164007697e-01
4.655150895058994820e-01
3.635843943060891315e-01
3.822882833259717561e-01
4.801106498560213098e-01
1.941131640279097070e-01
3.919641399588352226e-01
3.301408091476820128e-01
2.972862735682562652e-01
2.772041933882664622e-01
3.324311559948291417e-01
2.616093311690676493e-01
2.255251869006404952e-01
2.441396408750604596e-01
1.059474197486012653e-01
7.722645148331956921e-01
3.213338077842500251e-01
3.758754837312124342e-01
1.902406387530944376e-01
3.062320959048048796e-01
7.951254828291622057e-02
8.991086000109156373e-01
4.833479673579209601e-01
2.103701752919939494e-01
4.153111561810851060e-01
6.405448832875708653e-01
1.982536073474712446e-01
4.899586246194746475e-01
1.714536194813480463e-01
3.298596210922458138e-01
3.395048807929793022e-01
5.290956697240437601e-01
3.391424263754850288e-01
4.238691399996478704e-01
7.672767160878267712e-01
8.674341139472654949e-02
2.313094922866041625e-01
3.416791348967874731e-01
5.948314646798017469e-01
4.471995458235900056e-01
1.351525744954752417e-01
3.914516291390369718e-01
2.022487482069721121e-01
2.635731378048255524e-01
1.025948736153302621e+00
2.921497678424893607e-01
3.797542510699521423e-01
4.661560470488539942e-01
8.598322986039551585e-01
4.794111714235345101e-01
6.447573006241593685e-01
2.762350076676959310e-01
6.358839795599131595e-01
4.895181616844734296e-01
4.666996174513701190e-01
3.050622052440990495e-01
4.314701619741787564e-01
2.554958799823868199e-01
7.967908635302878295e-01
3.689523825411573643e-01
1.616098177171040318e-01
4.000824643290131211e-01
4.348452527059030182e-01
2.958211706711150191e-01
2.315752573271495640e-01
9.674173628537139358e-01
7.244631722523988682e-01
2.833794669543992506e-01
3.018140627057280811e-02
7.541180631080532937e-01
1.749305887000911774e-01
4.583864075709520591e-01
5.180897254373569849e-01
2.429147686537632134e-01
1.909147101893874376e-01
1.819278822954882024e-01
1.046929947918689846e-01
4.055676689726733231e-01
5.099653043767572447e-01
5.414987322063866682e-01
7.066005102199744980e-01
7.119350332798142500e-02
2.011313527189499406e-01
2.381266656957140848e-01
1.782059215626489723e-01
7.213786559705342993e-01
5.069899915855206052e-01
4.351740512585504650e-01
4.572376952435845965e-01
2.579751889882948013e-01
3.310437614263844752e-01
4.136270220860824853e-01
1.872285461093018688e-01
2.937818925374805490e-01
3.756408343164115982e-01
1.252805638989487325e-01
1.036232685006943377e-01
4.543236316147803988e-01
3.334211754250129278e-01
4.490454943197828563e-01
4.529229655761492501e-01
5.612955990701065101e-01
2.903492189951971669e-01
1.882422971072483797e+00
5.474176394697154446e-01
1.272355419542738453e+00
3.194852919814204495e-01
2.728624080438641353e-01
2.701607794468597820e-02
5.124021313337008277e-01
8.647047845243350794e-01
1.739739931137947171e-01
1.611130227954298832e-01
3.535693471709687175e-01
4.300794478777873464e-01
6.405159833614916254e-01
6.434862052399532573e-01
3.966581717256020267e-01
4.549439102349557285e-01
1.424691376068378812e+00
5.907279405835144104e-01
3.932869412825859556e-01
8.715566714009121974e-01
6.639677247229491819e-01
2.551193474916676474e-01
5.207707145971876006e-01
3.224931850300371550e-01
6.743239942837135903e-01
3.240362534244036197e-01
1.764471880131103010e+00
4.026797161291031379e-01
1.138337791078490591e-01
5.094934185289663464e-01
3.523102711856559432e-01
2.353298796576943908e-01
4.112259423047466278e-01
2.065432079535041709e-01
3.656871242508498709e-01
8.672314182613124478e-01
1.980115800450552299e-01
8.301385243014198778e-01
2.588164513527279609e-01
2.342649046689687931e-01
1.906770820589929749e-01
4.523592950715522032e-01
8.512333813254301385e-01
8.156733378489987585e-01
8.380306802067220007e-01
2.827871126907457455e-01
2.654909220059398223e-01
5.591472044414144138e-01
6.001297305997647241e-02
2.484264589719893113e-01
4.798671173072919238e-01
3.228376913600177756e-01
2.828851491531959167e-02
1.924442561414244357e-01
4.190562626980555150e-01
4.845522813541115470e-01
4.971886788875464758e-01
7.418244310071681058e-01
1.223903984990306476e-01
3.853593350040148691e-01
1.625560527066967076e-01
2.780092528194775259e-01
4.030057626445641694e-01
8.828583151126869755e-01
6.579760575748945239e-01
3.677766121147695855e-01
5.547358143140421749e-01
3.239955925236753798e-01
1.811596959393253492e-01
1.117895304874463452e-01
5.971057814372834338e-01
3.916015758124654078e-01
4.884211447742516921e-01
6.621435177648423709e-01
6.737774680661541282e-01
4.755266375641502008e-01
7.231008369101218358e-01
4.059203706935902711e-01
2.815846176406073820e-01
1.208848499123884590e-01
2.251845724439487662e-01
3.440894666244782574e-01
1.791042565487194760e-01
3.969003817445580506e-01
5.618773004383745828e-01
3.444773734551090372e-01
3.788100272811994462e-01
2.524069482378843987e-01
4.934361447418888491e-01
2.715852579199479755e-01
9.215906899715414768e-02
4.590295491071378908e-01
2.375349410789748539e-01
5.147266623866193491e-01
1.321066665310604016e+00
3.972485806217964655e-01
4.223652270529628105e-01
4.777034614183362504e-01
3.807322218598153118e-01
4.226297869102806914e-01
5.117732390723449543e-01
5.829298499376709408e-01
6.191880877444075892e-01
5.701151573168800057e-01
3.274672191756972106e-01
4.242250351174894907e-01
3.032465427758619936e-01
7.793575976059019528e-01
3.042425986539186722e-01
2.351009203273954351e-01
3.302248297765434382e-01
2.619461612835585207e-01
4.284507673801983274e-01
9.325675932030955684e-01
9.952847324187414912e-01
9.761421497613388398e-01
2.821891462446615151e-01
7.957329713906896584e-01
4.464649715715191536e-01
9.455849400170864838e-01
1.097669824106571324e-01
3.458337290483901594e-01
4.065625101445082823e-01
3.705359921455630978e-01
3.033072363619131462e-01
8.280350560734559551e-01
4.646425905895517072e-01
1.130585969994766515e-01
1.677636079600229313e-01
4.112028499077280408e-01
