2.695089919692182368e-01
1.559244893284982281e-01
3.992051001117427056e-01
2.735528724069024031e-01
5.653562276349078930e-01
4.618791030189753344e-01
1.400323702673672288e-01
1.470787024799002918e-01
6.801723647914346138e-01
1.953014028789453183e-01
2.424387535259726056e-01
6.956429792529775780e-01
2.701231054275942123e-01
3.364206466231379200e-01
7.771740961049022900e-02
1.742449325391286219e-01
1.003959534153860411e-01
7.257620263841730868e-01
6.394618374281081374e-01
3.672305778658618292e-01
5.847941686556868968e-01
5.917695074021201984e-01
6.025471139099847218e-01
3.682069328677553544e-01
4.183188683031770494e-01
7.094148856577577877e-01
1.207113373544208973e-01
1.122424605180387669e-01
4.011104133269550731e-01
1.321463269176004762e-01
7.106299852531127170e-01
6.707898801460255855e-01
5.140811006434840014e-01
7.629158277934514620e-01
6.115567619797813714e-01
2.348667484839773723e-01
1.794001232092373999e-01
2.842252327609394169e-01
4.784440757555536994e-01
7.214703562005791992e-01
3.578480182203321869e-01
7.759892697708419274e-01
3.298103398839475897e-01
7.618490846379590842e-01
4.336898100831245162e-01
3.225857747265793440e-01
3.821486661156103248e-01
3.067982704351845391e-01
3.253386996523680574e-01
2.833444545846154350e-01
1.044371566479395247e-01
3.080879269425888523e-01
1.736020100004455891e-01
7.502329443059384539e-01
6.008699413772441433e-01
2.648842320608926770e-01
3.196241270299764459e-01
5.777868009449387277e-01
2.429448051893027538e-01
5.088983467647906211e-01
2.822175309759048512e-01
3.565342633622871071e-01
4.165984899117826656e-01
1.746997875483960461e-01
1.936319296275498258e-01
4.003227737601364189e-01
2.040823004700235144e-01
5.660345843877889749e-01
4.554123700568490918e-01
1.650437707434859458e-01
3.685683282426751028e-01
6.322457675228544682e-02
5.934666097029708265e-01
1.263684000996723455e-01
7.413002668503326786e-01
2.632042882488782043e-01
4.378401041548716788e-01
3.453695908107371482e-01
1.519981050229634589e-01
3.696132250260484309e-01
5.745291364554652169e-01
5.913887632974969000e-01
3.577136836506311091e-01
6.310623649338600316e-01
1.523691954453344211e-01
2.845830627293102766e-01
1.970670577373570542e-01
1.914366967135071873e-01
2.695145277475108903e-01
5.390490579432157814e-01
4.098465394544545948e-01
2.286352062069355318e-01
5.803612420399854033e-01
5.027277706865830309e-01
2.609246378647548381e-01
1.795030009308663799e-01
5.071501214322614581e-01
1.187459078839447207e-01
4.449726160760814064e-01
5.280480140464249850e-01
2.786986481805896476e-01
3.032014678093531979e-01
1.501460364792800151e-01
8.273068479950763665e-01
4.607513678128863366e-01
5.303792351155345308e-01
6.816096727038770120e-02
1.431063822925892071e-01
1.862488220102679060e-01
6.630255815209297188e-01
7.995112202089291187e-02
2.386984201500955693e-01
5.489252261465462635e-01
5.929255638216589519e-01
3.275725814049610940e-01
5.314678638337972938e-01
4.375365401304166513e-01
2.834456653940777282e-01
9.655475121383757520e-01
2.659246567702721054e-01
4.812924697432127141e-01
2.461333579061281418e-01
6.075650328578245940e-01
7.231408691131614441e-01
2.701178319860751964e-01
3.172577802148926485e-01
4.475100389210303065e-01
2.491826710313686799e-01
1.455751010452314420e-01
4.654018144665684753e-01
3.866125632224483577e-01
3.595001030413991217e-01
5.510059633889613506e-01
6.674906715760252629e-01
6.225564252293872558e-01
8.626178008543027298e-01
6.428430288771050938e-01
1.929583974928879286e-01
2.906632230607031353e-01
3.708060894742069014e-01
3.437753497014884307e-01
4.290029875633964984e-01
5.025461103109351430e-02
6.075758224899894255e-01
3.127772651010564675e-01
2.030025656334204925e-02
5.410606708175622614e-01
3.821794959294125271e-01
5.540380412899167384e-01
1.878151832988075309e-01
4.897229373063763935e-01
2.934970485311922395e-01
5.179925197580678153e-01
3.341801974670327025e-01
7.342961208144435092e-01
7.725505016955714899e-01
1.069180348576301981e-01
1.054427653788141406e+00
3.354184300906217220e-01
6.194373373286030660e-01
1.516817661393090044e-01
3.563317819856549606e-01
4.662915787354871555e-01
3.714133907818228386e-01
4.761073429889207675e-01
1.253489151642485644e-01
4.236580044978428133e-02
5.607748106474607086e-01
4.531756788782396184e-01
4.566007795855673429e-02
1.848145087118552854e-01
4.349530332024628132e-01
6.029041384513544877e-01
4.146382662140846720e-01
3.939518875398367315e-01
2.133338133317404517e-01
1.183125518162037731e-01
5.601822004392659204e-01
4.072455091878568467e-01
8.869485963003069795e-01
5.877412457072059837e-01
2.655338767110986264e-01
5.572001433491714506e-01
6.798712049630696308e-01
6.242399085624478206e-01
6.277063229753587770e-01
3.768563139673209994e-01
2.882443997709771000e-01
1.335967851180557553e-01
3.362779135027907373e-01
3.164127547623048486e-01
4.123099748989407787e-01
4.460337494140012016e-01
4.766117439221834173e-01
1.525759589540998107e-01
2.500340454499123122e-01
2.677552869206976105e-01
1.401132578743546353e-01
8.645492850205899193e-01
5.930461613227899775e-01
7.461831511799641437e-01
1.291340849936126189e-01
6.123214386959839883e-01
1.274398900368690357e-01
3.529516429408072198e-01
3.134529074841584939e-01
1.660328500421781595e-01
6.022310708269903445e-01
2.878123204591725437e-01
7.406030690883405043e-01
1.408291631518031051e-01
2.139006476253223765e-01
5.009706597606030654e-01
6.261682420799277171e-01
5.618059589193673542e-01
3.096345862828850728e-02
5.197173242293122719e-01
3.097794721627309955e-01
2.912906558144993108e-01
3.295690338998217284e-01
7.970000428892768385e-01
3.382651050632218270e-01
3.151391782304785449e-01
6.250599731791069147e-02
3.143625989983933056e-01
4.338870779862933902e-01
3.661839692647023692e-01
4.562329326223659720e-01
4.985702510617656680e-01
3.479565456946214219e-01
4.996805306368062305e-01
6.987258227731748539e-01
6.393531977898737617e-01
5.304981159118586920e-01
6.038366179274723411e-02
5.361108437549468864e-01
2.946339762053184486e-01
3.828367731519339290e-01
4.017311301846987481e-01
1.502939352555760222e-01
7.951808689918514472e-02
2.586375290273385530e-01
2.401408944159793002e-01
6.534495034842057182e-01
5.469146781059460727e-01
7.832585929047938267e-01
5.099486376122358555e-01
3.318901542407370342e-01
1.053237520027434648e-01
1.429052997058427865e-01
3.645718119804405299e-01
3.506258826797215566e-01
1.510949221811551391e-01
5.390105611988827983e-01
6.363249878375675239e-01
7.225758620428284207e-01
2.954435261632086251e-01
3.468929880743800154e-01
6.807759940370701202e-01
4.941842898367664327e-01
6.573602159839317949e-01
2.780712960705523651e-01
4.448410696145569942e-01
3.561166908843315104e-01
1.963440480047106695e-01
4.763624196100318398e-01
3.122692173701699381e-01
5.612244621589413951e-01
9.653973568598921418e-01
6.602266669778837915e-01
3.696645228803287497e-01
6.216060202562692094e-01
2.232039745212502646e-01
1.989431254053497522e-01
5.091749727786640811e-01
3.680947139224838849e-01
2.148420135780710893e-01
5.525055458382374107e-01
3.150628412065706319e-01
4.941842898367664327e-01
2.008485111831767034e-01
2.248237087556891889e-01
8.131432057819431014e-01
3.955579452451258304e-01
5.141507065191299741e-01
2.828550883907849922e-01
3.127528793331380563e-01
3.946078379307876305e-01
6.628751586343242241e-01
6.015067216506355674e-01
2.059328216261250566e-01
5.653562276349078930e-01
6.645668008468317289e-01
8.142366555227091851e-01
2.846685082920710763e-01
6.328195739540107834e-01
3.845488239079160597e-01
4.948372457207133035e-01
2.289749734963736905e-01
6.993647921604471129e-01
8.180405791216300848e-01
3.367092942423279278e-01
6.226374941721203315e-01
5.858075383951345527e-01
3.449996398063531755e-01
3.099645612041710407e-01
5.231130223595521489e-01
3.587542285724219515e-01
7.147774303313385591e-01
1.515029832033904511e-01
1.371467197070539712e-01
5.922571339197578721e-01
8.855750528385190057e-01
5.557130278773686483e-01
2.461333579061281418e-01
3.606378900757600259e-01
2.715279102063591909e-01
2.264912264313800327e-01
1.848236855688343838e-01
2.634411535664403226e-01
6.818254789162276897e-01
5.121862185715631011e-01
5.346239101317067366e-01
2.179202403889815565e-01
9.954331691561615347e-01
3.856704745081709351e-01
6.771920101400398240e-01
3.854099092845161834e-01
3.767556209149993118e-01
5.807086669499845755e-01
2.991314154253222890e-01
6.805030726456980927e-01
8.640076734326344876e-02
2.459291468836199701e-01
8.151110192488012496e-01
3.504559212340060403e-01
1.978218153005356361e-01
3.618452378178745876e-01
3.908097991031874163e-01
1.926245700248051251e-01
1.966087031305462640e-01
5.171655375689898637e-01
3.297302301705211658e-01
3.129823942131792491e-01
1.733520743115422036e-01
1.404064142945718741e-01
7.402289186978042723e-01
3.150740925005423576e-01
2.267768742888022493e-01
9.619393210543938366e-01
5.209115280640131962e-01
4.493952083531629338e-01
3.273252752957061529e-01
1.289617216988983295e-01
3.902508110209879644e-01
3.421721051995896268e-01
6.406354094602249027e-01
5.878253496678473855e-01
3.491417149967583899e-01
6.530489840777742305e-01
8.703165660993777974e-01
5.856960335662929618e-01
6.515768108024387884e-01
2.721150841692168698e-01
4.001633086945283746e-01
5.300899540284392808e-01
1.030890000703513554e+00
2.043221855524627872e-01
3.881652230015723015e-01
3.096032140555411427e-01
4.386422007932102574e-01
5.891568425903583872e-01
3.125499480268547625e-01
1.939990166084973044e-01
4.412847491642134523e-01
9.900398140944961511e-01
3.543129632617444957e-01
3.819958677970461403e-01
1.316809112313497288e-01
1.947407068081846160e-01
3.332847586836708564e-01
3.540099021917028632e-01
5.067925738389408297e-01
2.075996477243551019e-01
3.005704357163224150e-01
2.129127265167307659e-01
5.915915403480050960e-01
5.052080285462551279e-01
6.141162831178759163e-01
3.158808102377364535e-01
6.159963005666746483e-01
3.725784645847978749e-01
3.573158087474683775e-01
1.930505690122708284e-01
2.929141671708749284e-01
1.704088954894830976e-01
9.939759795311776669e-01
9.218036861799562276e-01
2.497940767097341086e-01
4.193146412533466649e-01
2.882236531229211418e-01
2.289175881293845360e-01
2.826874604335664065e-01
5.654421705105888707e-01
1.558662862967540585e-01
3.344889487062521760e-01
1.541343040013336552e-01
7.486326776622298507e-01
1.836946197370691314e-01
5.074291365861267611e-01
2.635579345503524795e-01
2.068043508109985718e-01
6.526251189782753537e-01
2.040199360719076038e-01
2.269531488903681060e-01
7.768941070323098774e-01
1.565639717701624856e-01
6.695635060738391875e-01
1.153169929244691055e-01
3.489730275761956380e-01
5.450143804364404598e-01
4.809587083859797607e-01
7.602017217725141052e-01
5.282344132275111903e-01
4.401617552646510667e-01
1.374926587934282018e-01
5.754170285676600549e-02
1.591440695569428798e-01
7.414363899601309482e-01
1.120517771458424960e-01
2.263672486651263083e-01
2.557891874520127895e-01
2.693729385545290400e-01
5.180248044072999214e-01
3.380658206462537341e-01
5.463645293330120500e-01
2.930723203323977732e-01
1.912632911503026056e-02
4.207879603683221670e-01
4.074503680754765211e-01
3.747085868873945569e-01
3.041772610925490006e-01
4.323794737210845396e-02
5.581440419048143697e-01
2.426329715824732947e-01
2.797615891078807371e-01
6.709559840801759822e-01
2.924002067686964912e-01
5.200897080227040448e-01
4.900449973557251954e-02
3.581263339416729252e-01
6.386490058135280146e-01
4.622935727108625215e-01
3.285076548200775992e-01
5.969485835838721499e-01
3.399134685995193195e-01
3.767678745188044465e-01
6.226296344386555992e-01
4.258589386348435868e-01
2.341847541519054554e-01
3.590407951228706818e-01
3.076751142247689530e-01
4.986480227554478395e-01
2.107489341728977783e-01
5.069300867756697526e-01
5.853850566761148455e-01
7.577997634584691111e-01
4.722321820286709548e-01
3.253316620173156704e-01
2.037248016681660612e-01
4.752429505280689193e-01
7.149007147581378785e-01
4.237283771567856294e-01
6.681950677011921913e-02
5.021849035696442920e-01
2.585082705858254282e-01
1.287749211178743636e-01
7.293419136914124357e-01
2.686386097606867640e-01
1.345724868266012231e-01
1.262255694855982102e-01
1.914391397979711973e-01
2.401339873884148768e-01
7.531690581033060328e-01
3.123287327429471461e-01
9.935576442960064592e-01
4.770993476528668231e-01
8.940227948524880341e-01
5.613800041521883610e-01
4.321199959522470380e-01
3.351449173345918964e-01
4.041939641321861676e-01
9.902927049052914765e-02
5.824407351477169925e-01
3.377651579588143438e-01
2.357985615948610392e-01
4.425817284692644127e-01
4.130798872217934514e-01
4.160799211469958236e-01
6.575451752497649682e-01
5.742709203998062062e-01
6.813525028079719936e-01
6.377191873150289680e-01
3.837622901304159062e-01
1.276149672549557468e-01
6.149835133164619494e-01
5.899021836676334729e-01
7.310498194590011600e-01
4.664895810959172051e-01
4.505600054130239340e-01
4.768658443422275073e-01
1.727195060273366556e-01
5.162351907844818788e-01
6.465971357408103470e-01
5.308417203565205522e-01
3.620440825445948030e-01
6.651749880800670311e-01
1.796882462330361141e-01
7.881441294558104715e-01
2.348667484839773723e-01
5.816616093391370201e-01
2.558293281380530915e-01
1.395707070897016788e-01
4.766181060345109910e-01
8.030229443848138637e-02
6.262087113295673468e-01
6.842067857601161762e-01
6.013503616216600012e-01
4.010008364376551060e-01
4.293208885008156228e-01
3.571888255226677300e-01
3.521963667141599919e-01
2.922827769186686075e-01
1.817850563284069410e-01
3.640558203696665496e-01
3.791917542925424267e-01
2.881391879222991448e-01
5.084583202368540000e-01
4.669942882418232077e-01
4.086659557677563281e-01
1.212382775749603903e-01
4.350855978051653139e-01
8.679978894615837659e-02
6.073215073364812699e-01
4.572108486443345887e-01
3.816633719633503175e-01
2.101726889695829659e-01
2.466160127185335338e-01
2.963860188723543287e-01
3.579824175153993315e-01
1.017954486208920484e+00
3.789259833927720034e-01
3.721045322288182855e-01
6.807350830012248721e-01
5.620962296288897209e-01
4.957822938311146066e-01
6.754394293181530395e-01
6.234404261754353804e-01
1.468762677897861857e-01
9.216267015478907254e-02
8.989154760811445266e-01
2.113357852462307007e-01
3.420459510503699452e-01
7.743850961143612377e-01
3.153593059174095159e-01
2.054981907200460201e-01
1.083844972071733581e+00
3.744594087809038352e-01
8.912346585982879044e-02
3.092388195141547169e-01
4.470480571081457688e-01
2.632004522139416158e-01
7.437837853821925860e-01
5.099022454637675006e-01
3.825513695377613654e-01
3.633099856024126773e-01
3.924950224086712347e-01
5.013949049469299535e-01
3.271719718207928840e-01
1.086474960843754750e-01
6.743509077762642745e-01
1.580370886947670139e-01
1.790876906531286283e-01
5.930172561308845458e-02
4.107354966368561566e-01
2.658459347036305487e-01
4.776799229348542286e-01
4.481232021631916251e-01
4.399200925127136896e-01
3.823057981625586632e-01
4.836184794704572187e-01
1.018767166304058769e+01
1.436212216282307386e-01
2.799471413384189700e-01
2.955275535082069194e-01
1.646638943384806097e-01
6.140724982352070427e-01
7.486326776622298507e-01
1.314164256995054292e-01
4.608174374718181920e-01
4.392936499102562675e-01
2.619799267489987815e-01
4.690880893167941879e-01
4.246162147063979875e-01
3.460175547504201199e-01
6.697391828034855443e-01
1.376161089640035029e-01
3.292075407834176848e-01
1.793015445643597605e-01
5.815513727931117538e-01
4.236822291932192397e-01
6.055826002855460022e-01
4.211184877700931972e-01
5.479850603502418593e-01
3.926811193265007383e-01
4.750661601680604140e-01
5.434448234839209940e-02
3.655704834810214465e-01
4.715139931129139761e-01
4.004252726129288731e-01
3.868373552065020871e-01
4.070026611904857816e-01
4.246009537187462879e-01
4.907221924781340894e-01
7.871790985422302267e-01
2.870871513998779490e-01
3.456949077679623561e-01
2.035643500146067930e-01
9.243188915583732124e-01
4.771386673025494463e-01
3.973180687814386047e-01
5.846774983689685401e-01
4.881632593470688897e-01
5.682189680801696952e-01
2.660850317241911789e-01
1.908621961983730797e-01
5.862122797869530055e-01
3.521963667141599919e-01
7.800457196268060223e-01
4.556517048654912805e-01
8.290072908436442178e-01
4.766188226538499717e-01
1.374926587934282018e-01
5.120019592050819579e-01
3.657881198064538153e-01
1.700477530348013799e-01
3.437221951058029301e-01
4.345698240497711251e-01
1.891721234847997535e-01
2.027583282386990204e-01
1.894332926670482808e-01
2.081129502820034949e-01
3.600899723544866982e-01
4.729271264624781979e-01
5.439315633301146091e-01
2.477815310647592806e-01
5.851781750575709706e-01
5.288180912437681069e-01
6.337953171029320210e-02
3.522747917048888455e-01
4.058338880433224327e-01
5.253180817013398674e-01
4.179148090606257804e-01
7.632447369295699592e-03
6.041986796860274733e-01
1.402552996227808269e-01
5.786779237871771953e-01
4.501003868191604806e-01
5.046507319071834585e-01
2.068043508109985718e-01
3.227142978869320111e-01
7.246758262102726000e-01
4.113466831683909586e-01
3.925412755609362092e-01
4.442435488610096961e-01
7.176534959087680354e-01
2.611679536385508316e-01
7.623707835662318910e-02
4.531262454914460891e-01
6.385887007836131835e-01
1.015640589745760436e-01
5.690029995763028481e-01
5.339816090550300043e-01
5.119968184845286041e-01
4.970684827064381084e-01
3.539672658447027276e-01
3.047011829179160913e-01
6.821275442498014874e-01
6.698510779534793125e-01
2.145368275921631651e-01
1.691068317869259263e-01
5.217430241238194544e-01
2.241976779497378836e-01
4.868041122116661401e-01
4.644367567789839391e-01
5.653197623149170958e-01
3.906639147513338295e-01
4.240365826106676228e-01
4.283883725933015363e-01
5.556594360902892271e-01
1.057399866409185346e-01
3.458061349279278329e-01
4.991256327260362724e-01
3.266969645194763849e-01
2.847512161769519823e-01
3.879869424564852398e-01
2.746506101935197730e-01
1.152883253158630966e-01
3.832700136713396155e-01
3.742675868816177087e-01
2.925099190753992495e-01
4.209068091235619868e-01
3.355304641946456057e-01
2.581025422730702235e-01
3.492214480688456968e-01
1.479707688003884802e-01
2.924470569319860269e-01
2.775863130343346197e-01
2.555150754406609326e-01
2.564606342797688954e-01
9.737536896635797801e-01
3.031537180620826333e-01
6.078749737096309502e-01
4.291393255641320348e-01
2.386479333559482219e-01
4.977119143119652089e-01
4.546456833789807028e-01
6.482360789420503755e-01
3.488366566782673539e-01
3.709683514625161105e-01
5.287015381136973557e-01
8.405397103313997365e-01
1.828791884622863739e-01
6.177069975300533144e-01
1.892179824236533414e-01
6.322174284760949670e-01
3.122692173701699381e-01
2.196131615533643000e-01
4.216680229553894654e-01
1.931338925368251414e-01
2.958341468102049787e-01
4.805193654382142188e-01
4.174510586535489232e-01
6.179402367615459690e-01
7.044811939389122868e-01
1.870063141850464017e-01
3.549949509794266683e-02
4.818084009292905590e-01
4.195916812013503749e-01
5.463809428542117791e-02
5.960081699835952929e-01
6.329740385405063785e-01
2.699502047555386031e-01
2.506085432019984904e-01
4.063635602185168283e-01
5.843880185623474832e-02
6.758164864429725416e-01
6.795328066100679576e-02
6.774733138732340620e-01
2.461184568983693921e-01
3.440294958839157369e-01
2.218444172318586316e-01
7.394666082499484761e-01
3.408667356739921162e-01
4.844536372801182544e-01
3.655704834810214465e-01
2.702464762631365813e-01
5.722852601637619108e-01
1.804139700615048914e-01
3.348480198050933221e-01
3.974872008649767974e-01
6.818756314758466219e-01
6.287332029880765560e-01
5.245524790251400171e-01
4.191102938546597545e-01
5.486172868465123420e-01
3.173730649042346141e-01
7.598521300317432337e-01
6.021868502122822431e-01
1.464288294776314725e-01
8.404390770167748936e-01
5.087099967164297742e-02
1.689252960274171267e-01
6.472995628960422909e-01
2.467307703932849761e-01
5.003078086356349541e-01
2.477192200818794099e-01
7.112621149826150457e-01
4.991503428509767581e-01
3.350911825408116052e-01
8.767565717203905651e-01
3.000828608025541411e-01
6.526494561550397755e-01
4.295806074016231824e-01
2.174656220025492914e-01
2.752919540522028030e-01
2.960582744066193039e-01
4.553873446865401298e-01
3.673954446063811274e-01
2.039261656992021610e-01
1.449539465459832310e-01
3.527049084474724316e-01
2.028879219627999220e-01
4.788695695438546229e-01
8.331757170561310266e-01
4.358810220793152279e-01
5.722794727189232100e-01
2.481131697185823271e-01
4.393798699793531881e-01
8.982754533227135241e-01
5.957025972093352717e-01
6.022153157331117113e-01
3.059992425619896816e-01
6.470581825780612473e-01
3.554084890513882211e-01
3.379819183316354336e-01
1.865392201059707100e-01
3.647752735081340458e-01
3.498580010030217236e-01
2.652781827849686191e-01
1.350436882254768267e-01
2.606861942997947823e-01
3.301279538931549129e-01
4.483925237952139375e-01
2.891182700970796327e-01
7.033074596696252678e-01
2.433846049813312151e-01
7.410277273454549674e-01
4.384306078039596488e-01
3.384253948749273433e-01
6.098757089187685221e-01
4.671432127591780836e-01
3.934430972112019087e-01
4.517102480910748508e-01
6.112948030213730677e-01
4.962987210217971734e-01
7.831976524256006877e-01
2.238440758063182934e-01
3.774842626582252669e-01
4.129215201349436537e-01
2.907522339911756126e-01
3.507274332924089633e-01
6.612246925444700274e-01
1.510085784819737709e-01
4.758600527713417461e-01
3.905363504820630327e-01
5.482449651984870886e-01
5.318646883772109035e-01
2.006683962754216566e-01
6.098205132744367596e-01
5.251376125231718150e-01
2.285667315642861963e-01
4.258589386348435868e-01
5.555506354871225794e-01
1.469385663787696472e-01
7.516198592390935795e-01
5.813990255501279014e-01
5.915806397590581689e-01
6.193985526447958190e-01
3.707503501134399859e-01
6.824314872999877046e-01
3.416211709383606410e-01
3.953014375684959503e-01
5.910480860274688192e-02
1.117131531697956592e-01
7.016048931753757767e-01
1.638469367372353824e-01
3.644083631075560881e-01
3.423157335863639128e-01
5.685759510274066564e-01
5.330140980142320517e-01
3.806314593904993049e-01
6.274551485428357944e-01
3.422618132349645736e-01
2.742538576305177389e-01
3.819958677970461403e-01
4.436068630917399114e-01
6.083778857761674708e-01
6.827935698199145698e-01
7.480056387468216883e-01
2.125015187797840155e-01
2.122905297461981644e-01
4.187810953354272336e-01
1.007483383449030656e+00
9.592137957312230068e-02
3.181169258163550340e-01
2.781154970326505382e-01
5.210968001486649959e-01
3.974440525223529863e-01
4.752149912648863661e-01
5.408431135524160993e-01
3.582066663724536859e-01
2.145453516014266815e-01
3.576113011814642251e-01
5.861029022860535509e-01
4.911790798514916595e-02
6.749229194588158842e-01
3.825131288426650289e-01
3.994271646823481792e-01
2.523982634985982854e-01
5.135322487675282321e-01
2.379773075835998897e-01
3.765019895239104519e-01
5.695600425922291432e-01
3.001297357086040729e-01
4.198610187563457941e-01
4.946741501324588008e-01
3.268784713101188788e-01
4.196646227552110475e-01
2.019619301226740216e-01
3.198835084419910380e-01
1.752159078514466395e-01
2.921451296460063074e-01
3.393003904729746112e-01
4.328114382747510480e-01
7.559538259192581933e-01
1.302936207158981730e-01
1.746682424024449121e-01
2.617683597301018184e-01
8.679047833058659012e-02
3.937651362621575335e-01
5.572099542009871787e-01
3.408667356739921162e-01
6.617069280196585801e-01
7.940321617996494441e-02
3.800258184732203670e-01
5.391616847417720626e-01
3.818962591853075073e-01
3.701093791626515195e-01
6.747954058789920051e-01
1.276560121483552024e-01
2.243459746549893163e-01
5.188053628480058244e-01
2.022939100421804470e-01
5.140811006434840014e-01
2.252624348979092861e-01
3.432335590458331365e-01
3.774356627151947974e-01
4.137575592148077797e-01
4.118975937636663587e-01
4.312639729374550535e-01
2.353651403509014473e-01
5.303293293045607815e-01
7.222342224912063902e-01
1.939990166084973044e-01
5.866039649001442147e-01
4.347501996112372868e-01
5.743438508286652366e-01
3.208480405146207914e-01
2.496540995725908541e-01
7.647908279040385171e-01
3.367778056673645382e-01
4.821789215351522939e-01
5.965642789653177180e-01
5.249334984238665514e-02
6.191936737319642114e-01
4.315597560054891257e-01
1.108697756699177778e-01
6.053234081880392026e-01
3.363298468687519471e-01
4.888729901451911442e-01
6.316295848921026357e-01
8.179332605729487948e-01
3.354176297931046324e-01
2.792801468386412744e-01
1.718170373641085547e-01
4.168806734335036013e-01
7.102246051261361381e-02
6.377061858031136676e-01
4.423011467647031680e-01
5.380846152530838200e-01
3.560422233460405206e-01
2.065858536891570507e-01
4.197298850829684902e-01
1.536623735981510475e-01
2.861719561156166325e-01
4.482031877162251932e-01
5.563223728047406169e-01
4.459418649798926326e-01
4.534224050212289914e-01
3.663758056411953179e-01
7.086272609245842791e-01
3.720999029854648588e-01
4.645638158519529992e-01
6.359075786324207558e-01
4.141541151812183630e-01
3.382412023512282873e-01
4.215900803587542822e-01
2.998662881582127987e-02
