3.473593419667414395e+01 2.022746395824271914e+01 4.503660184508314046e+01
3.910668102198121687e+01 3.264718165784793769e+01 2.824613732017084544e+01
3.963170747625519397e+01 2.794949888682246097e+01 3.241879363692235216e+01
3.740084871949350998e+01 3.379176840688998595e+01 2.880738287361648275e+01
4.143916334258799594e+01 2.715147258929510699e+01 3.140936406811689707e+01
3.806972554122881292e+01 3.336083749744647520e+01 2.856943696132470834e+01
3.733380246032827188e+01 2.429924303187504009e+01 3.836695450779667738e+01
3.208762419727081294e+01 3.202250132997887988e+01 3.588987447275030007e+01
3.548245835199901421e+01 2.840428188371681983e+01 3.611325976428415885e+01
3.945724730040873141e+01 2.947040020128176607e+01 3.107235249830950252e+01
3.687383772210345256e+01 2.214542033779839869e+01 4.098074194009814875e+01
4.091588211371489336e+01 2.948250815669884872e+01 2.960160972958624370e+01
5.083728947020941291e+01 2.045308887657606434e+01 2.870962165321452275e+01
3.957240128872655305e+01 2.348349541472988022e+01 3.694410329654355962e+01
3.333892704570356358e+01 2.695999390942349550e+01 3.970107904487293382e+01
3.777793161498587438e+01 2.133361541759891722e+01 4.088845296741520485e+01
3.764854672653542877e+01 2.282908299776967098e+01 3.952237027569490380e+01
4.084787371129479538e+01 2.580124945489576760e+01 3.335087683380942281e+01
4.363277582650813713e+01 2.282538882873218355e+01 3.354183534475968287e+01
3.420319864795273190e+01 2.586037612041086575e+01 3.993642523163640590e+01
3.925430836395194945e+01 2.292643340274002739e+01 3.781925823330801961e+01
3.342025941601065142e+01 2.795091338682964022e+01 3.862882719715969415e+01
3.833276851849036859e+01 2.089642205823967913e+01 4.077080942326994517e+01
4.399392378560904859e+01 2.892619988656602814e+01 2.707987632782491261e+01
3.290674579044706860e+01 3.395159429490169600e+01 3.314165991465121408e+01
3.365242880181993002e+01 2.061984482614312952e+01 4.572772637203693336e+01
3.576152592270799602e+01 3.294200281916827322e+01 3.129647125812372721e+01
3.599530428458908204e+01 2.053965475231390414e+01 4.346504096309701026e+01
3.108296548614636734e+01 3.254951373784130908e+01 3.636752077601232003e+01
3.738791802182036861e+01 2.825371557419105883e+01 3.435836640398857611e+01
3.405999755988893440e+01 2.570115696533735772e+01 4.023884547477369011e+01
4.395238580550496721e+01 1.981848597466528616e+01 3.622912821982973952e+01
3.421964500447056423e+01 3.003261217291702323e+01 3.574774282261240899e+01
4.054243988080941818e+01 2.606131113551624523e+01 3.339624898367434014e+01
3.630619142971148250e+01 2.157706286957824204e+01 4.211674570071026835e+01
3.314349789945465830e+01 1.763675278172379279e+01 4.921974931882153470e+01
3.831769945180025871e+01 2.667019574855663677e+01 3.501210479964309030e+01
3.772060816371980962e+01 2.276710080525690927e+01 3.951229103102328111e+01
2.989529998256734089e+01 3.237859845034989803e+01 3.772610156708275042e+01
3.566444359052084678e+01 2.923265029952910155e+01 3.510290610995006233e+01
3.385913196667583946e+01 3.276140973348780960e+01 3.337945829983633672e+01
4.158797446472116377e+01 2.568565120180761951e+01 3.272637433347121316e+01
3.750439843073033330e+01 3.411712636292713086e+01 2.837847520634251808e+01
4.176482474710401505e+01 1.788798958036455744e+01 4.034718567253142396e+01
4.070229938913632850e+01 2.612299609696692571e+01 3.317470451389674224e+01
3.795053848974025357e+01 3.035210521097528868e+01 3.169735629928445064e+01
4.243522621882100054e+01 3.061831828512653786e+01 2.694645549605245094e+01
3.875029205150448774e+01 2.838192621919148806e+01 3.286778172930401354e+01
3.904878873870233491e+01 2.098693562869596718e+01 3.996427563260167659e+01
3.382370615512297007e+01 2.589242464815686517e+01 4.028386919672015409e+01
3.135845627964236115e+01 3.144283296312234199e+01 3.719871075723528975e+01
3.859456013445460343e+01 2.643793118339592496e+01 3.496750868214946451e+01
4.162168779070610469e+01 2.384155156033381928e+01 3.453676064896008313e+01
3.745034243137696706e+01 2.365081071458385154e+01 3.889884685403918496e+01
4.715891366712847343e+01 2.067450049541512058e+01 3.216658583745640954e+01
3.691954948197663100e+01 1.884948353064007165e+01 4.423096698738329735e+01
3.261780524166064765e+01 2.310069526058493139e+01 4.428149949775441740e+01
3.514895707592997098e+01 2.577451855265178793e+01 3.907652437141824464e+01
3.311640942305031388e+01 2.856136693067949395e+01 3.832222364627018152e+01
3.866481913966793371e+01 2.089200632287612791e+01 4.044317453745593127e+01
3.940187164785321272e+01 2.016493264605676217e+01 4.043319570609001090e+01
3.548228003700166511e+01 3.507620815034452022e+01 2.944151181265380757e+01
4.324705413837641288e+01 3.127929093581304798e+01 2.547365492581056401e+01
4.199723067901987861e+01 2.602080502401363304e+01 3.198196429696649190e+01
3.915628383243143418e+01 2.974804203245451362e+01 3.109567413511405576e+01
3.499331783700262832e+01 2.230618360158527125e+01 4.270049856141208977e+01
3.536927163657848894e+01 3.002001078450316029e+01 3.461071757891834011e+01
3.312068654633372944e+01 2.552756832525538044e+01 4.135174512841088301e+01
3.660090832225497337e+01 2.437176388826710749e+01 3.902732778947792269e+01
3.554093457899192998e+01 2.866782573828941594e+01 3.579123968271866119e+01
3.368462047817561000e+01 2.967899518877787912e+01 3.663638433304650022e+01
3.470740850308162351e+01 2.288523559782732875e+01 4.240735589909104419e+01
3.924275769915561085e+01 1.860299381147800091e+01 4.215424848936639535e+01
3.268639802055713517e+01 3.521557309824724058e+01 3.209802888119562425e+01
3.027212905795837372e+01 2.929897751476667622e+01 4.042889342727494295e+01
3.545026938581039389e+01 2.861207469034911455e+01 3.593765592384048091e+01
2.911779887242208531e+01 3.062578337006820917e+01 4.025641775750969487e+01
3.391851731040812723e+01 2.483824862251467991e+01 4.124323406707718931e+01
3.026935156180795516e+01 3.308843254495851482e+01 3.664221589323354067e+01
3.655620062875675558e+01 3.146189184889604107e+01 3.198190752234720335e+01
3.764320018158516490e+01 2.047997186898275856e+01 4.187682794943206943e+01
4.238825246254230450e+01 2.190310649832089496e+01 3.570864103913680054e+01
3.053970681796162623e+01 3.315360352363004637e+01 3.630668965840832385e+01
3.584215804296336216e+01 3.628902709096101376e+01 2.786881486607564185e+01
2.938186877715256529e+01 2.784509943279612187e+01 4.277303179005132705e+01
3.411488244233242995e+01 2.075298101652064275e+01 4.513213654114692730e+01
3.847113657965359579e+01 2.231032182084988236e+01 3.921854159949652541e+01
3.602858229750654573e+01 3.070474227944693979e+01 3.326667542304651448e+01
4.032020833725925968e+01 3.122920253383459865e+01 2.845058912890615588e+01
3.911460424550310933e+01 2.769607347418105547e+01 3.318932228031584231e+01
3.747213904857963485e+01 2.494863811854714086e+01 3.757922283287321363e+01
3.875328201851092302e+01 2.681849133299379773e+01 3.442822664849528280e+01
3.666214921485662614e+01 2.515823613530702119e+01 3.817961464983635977e+01
3.741092859525951297e+01 2.527162008819419015e+01 3.731745131654628977e+01
3.749614445950772534e+01 3.489368031925581448e+01 2.761017522123644952e+01
3.295768135702581958e+01 2.484130671099934418e+01 4.220101193197483980e+01
2.716605206763104619e+01 2.546716464683638748e+01 4.736678328553256989e+01
3.720283525640000022e+01 2.681569080492656809e+01 3.598147393867341748e+01
2.597554641161779898e+01 3.073587117128406732e+01 4.328858241709811949e+01
4.081073633615541496e+01 2.064375134091328690e+01 3.854551232293129459e+01
