6.169666287618612577e-01
1.540587973692274515e+00
9.952401800463519521e-01
7.311254032726188790e+00
3.065222658597008376e+00
5.975968817228744179e+00
2.589394185464509590e+01
1.626159017232085802e+01
6.402260201421891006e-01
3.332725737431740498e+00
5.496953133282812765e+00
7.546400532376654091e+00
5.468819189725219410e+00
1.049942487271797020e+01
2.538116159078371581e+01
3.050182235564222921e+01
2.358652138543769983e+00
1.008882699077718037e+01
8.032452677314781297e+00
7.771446963866140756e+00
5.483867824289276882e+00
5.720337910171746643e+00
6.557575399064945465e+00
2.724381486441457767e+01
5.188299370166731705e+00
7.464545100064784444e-01
2.054101435734136061e+00
3.020412669726749044e+00
5.688464703961874314e+00
4.690753232347998569e+00
2.354590136841168047e+01
7.424945200835776582e+00
1.356494702320394197e+01
1.085813899226115176e+01
9.143661377974668270e+00
5.369627345163517695e+00
1.134339912447312848e+01
9.688448690610291791e+00
1.438997803814548071e+01
3.341978772951052434e+01
1.049717531856527275e+00
2.669662445092012337e+00
1.389085022116374857e+00
1.375051534259971620e+00
4.403227034231655068e+00
6.516311512021643715e+00
3.194804188658812105e+00
7.290646322475851093e+00
5.296886697642032793e+00
6.666666666666666963e+00
4.446050030008830589e+00
6.332637276330814302e+00
6.572900343948631985e+00
1.044391355201969951e+01
6.391828924471774975e+00
3.412637832380665426e+00
4.044424210264392916e-01
9.819231989966473728e-01
4.812334043854511911e+00
1.900258584324594269e+00
5.141319340812419370e+00
3.746809316886252073e-01
5.481712203725320087e+00
3.283582713656622243e+00
4.569439048404267401e-01
1.247460246937605488e+00
3.293284920338199750e+00
7.070998831812079111e+00
6.049580580439633870e+00
2.154341532324608011e+00
2.221325723751077064e+01
8.470466842163393295e+00
1.483071540354758300e+00
2.394134747814421704e+00
3.781044898981896552e+00
8.376411341165436397e+00
7.187421329169666251e+00
1.115289419527018389e+01
9.066108552954366573e+00
3.020444830397600455e+01
3.355047337330282264e+00
3.756997640353234136e+00
5.570232372994198045e+00
1.088378115761915943e+01
7.127527694148587223e+00
1.326465935857025080e+01
5.239343194013410532e+00
9.936192824451788752e+00
1.606554183403210656e+00
2.200114609535809507e+00
1.589177036627097861e+00
6.208957943377764188e+00
4.894632531759067540e+00
6.289362734090125251e+00
4.889514355412994284e+00
2.160788600461127729e+01
4.689730194699777144e+00
9.894139936449610317e+00
6.183193054337966288e+00
4.116422304204031768e+00
3.369819647469417756e+00
5.873503219492602234e+00
1.407604960616186851e+01
1.667826661617882067e+01
1.014624469763826253e+00
5.293519290849515890e+00
1.858234837176071297e+00
3.895366733743863108e+00
1.257278176557679927e+00
3.034118373992338302e+00
3.047377878990592759e+00
4.381640304159532207e+00
7.951243188454729882e+00
6.024050283735554068e+00
8.308959863108519528e+00
6.573702738583382832e+00
1.013050844365007741e+01
4.870132753081293231e-01
5.071456486082266402e+00
6.067787083912501878e+00
3.716686468239522867e+00
2.796665717468188372e+00
4.944149716502056258e+00
2.520135439027976876e+00
8.146163625186495949e+00
1.022067553402034035e+00
6.141844413608648523e+00
3.019248076076593623e+00
1.244419590895532224e+00
1.280012904974239474e+00
1.115256747867899634e+00
2.429637923109318365e+00
7.087048507305884648e+00
3.267274896670220752e+00
8.805729693579630535e+00
2.778769044199771887e+00
1.453658147789167687e+00
3.523935076633522900e+00
4.388861015420175704e+00
9.508702259497150422e+00
5.641593880199678779e+00
1.015194333269847426e+01
1.474103342771807545e+00
4.156123652674541091e+00
2.313548268225420035e+00
2.655127794281533227e+00
3.911715527530220893e+00
6.953936750423857838e+00
4.815874978257316918e+00
6.806893286853790137e+00
5.469430594005795676e+00
3.906136516820202331e+01
2.832132152010293336e+00
1.244323555147029081e+00
3.200696783942023060e+00
1.157770136802608762e+00
6.117321798283545498e+00
2.844204937823358481e+00
3.704855127206175158e+00
4.840318272134139121e+00
2.234733846075412256e+00
1.606344151723476443e+00
2.790911201489639115e+00
7.140145475539251274e-01
6.034948739195651335e+00
3.854007412757160633e+00
8.026913750869404396e-01
2.501469587578554421e+00
1.228137778835908911e+01
9.119044684521981026e+00
6.684330086254830938e+00
5.917108519410770207e+00
5.500978964905517188e+00
1.003795254465531173e+01
5.963999822061907707e+00
1.190970520123257437e+01
9.480350222014924944e-01
1.216568025880102155e+00
1.723948107926712936e+00
6.024676653517673230e-01
5.817761850006276880e+00
1.712343647880804953e+00
4.708307199460165293e+00
3.546292444560958046e+00
3.455119475138606955e+00
8.919802487968210292e-01
6.049992269692942237e+00
8.859222849344130069e+00
1.345203488197982189e+01
5.281896578929656805e+00
1.837597192167964977e+01
7.117465850969712626e+00
1.695813897248112712e+00
1.641316841761778278e+00
1.773180007556144799e+00
9.526599423552040591e+00
6.435695216047705003e+00
5.814051417752779116e+00
3.652272555996991965e+00
1.051949059883500581e+01
1.441387556481482646e+00
3.435447496104127030e+00
1.701443544597965429e+00
3.913949723597293318e+00
5.598714805318792287e+00
1.723419861405217857e+00
8.641708451988172612e-01
4.911477718236652912e+00
1.396926755004803455e+00
8.999125346883604104e-01
5.438631829838591614e-02
1.898604681489686641e+00
7.123862017854919237e+00
4.727077655034746861e+00
3.667389730066361153e+00
6.195341141467725521e+00
3.189152565475215084e+00
3.757633204093918433e+00
3.501597380503255863e+00
1.889724114097958818e+00
2.918501796388721203e+00
5.619298960152065092e+00
2.772917331482223968e+00
7.211984525545819480e+00
4.024429915269357672e+00
1.385840929117463816e+00
1.610295396456222550e+00
2.693031160891180775e+00
8.030615551063295499e+00
3.919879853017472104e+00
1.065232525778355566e+01
6.070122775448755448e+00
2.240728159551527821e+00
1.180843540464305619e+00
1.574693814459077190e+00
2.192558829929149855e+00
1.299086934769167812e+00
5.308803325302719145e+00
4.862673474240726712e+00
2.876440119445197841e+00
4.418200909360507467e+00
3.638712281249917968e+00
4.241313675924022419e+00
7.614418099305516385e+00
9.590699156879400888e+00
3.435451681728514117e+00
6.666666663394955172e+00
1.301648665043667386e+01
2.439472364965202811e+00
1.141317328706018541e+00
2.201223559917498296e+00
2.778873772116469354e+00
4.004723342042545653e+00
3.950541995290520081e+00
4.735975257735027810e-01
5.691183459686524948e+00
2.191192135742423996e+00
7.218993050491544494e-01
1.073469721789102316e+01
1.691464618978177015e+00
3.062958957042404506e+00
1.316325951152380469e+01
5.084236561893599848e+00
6.417138424850150180e+00
4.822647056760378526e+00
2.695779614303494665e+00
1.117590807103085782e+00
4.377991973896322442e+00
7.054085974918177016e+00
1.235600122599805673e+00
7.611502477503858444e+00
3.832503072198978344e+00
3.925377729273407112e+00
1.319299858541851167e+00
3.289011396423397127e+00
5.205893644459127501e+00
6.242321794053903083e+00
2.608921601003894697e+00
9.631636746822538342e+00
1.565579706166128349e-01
5.291841739570720016e+00
6.236886451685111687e+00
6.326424441179153924e+00
4.016314933581042190e+00
2.292206928039751457e+00
1.801881904677475221e+00
1.787000641731159023e+00
3.086556336552084279e+00
1.932392838975448113e+00
3.395688694918154393e+00
1.439594655395741940e+00
2.654331351988032051e+00
2.753764045002329741e+00
1.943567324334471325e+00
2.235700945769574677e+00
5.158674476748736915e+00
2.195049567308979821e+00
1.040479368625182532e+00
3.137726025508349448e+00
3.049564108298965071e+00
2.114090549194548085e+00
2.605242257399614236e-01
2.532114975942023172e+00
3.826121785722922386e+00
2.067029672772029869e+00
1.301969332213251673e-01
2.918543735696373265e+00
2.715204213320002058e+00
2.459040524255717397e+00
6.763354842371569475e-01
2.815702142227090921e+00
5.304963277099213892e-01
1.025539499843984537e+01
5.396141103930065519e+00
5.184310195659993958e+00
8.978586175886041687e+00
6.189137533527532931e+00
1.063207858786080884e+01
1.426817916761579541e+00
3.624448765021044849e+00
9.927123995315128013e+00
4.679435428850911016e+00
6.663910547113244043e+00
1.421965694710257821e+01
6.544707427182227200e+00
1.328870474214938291e+01
1.629427806018637170e+01
7.287682832833211499e+00
7.912809297717615209e+00
3.123751965197468561e+00
4.828802949825928614e+00
1.063626302907410626e+01
5.247843414112831617e+00
1.009374217911862992e+01
3.265015186199606845e+00
2.897557921160190286e+00
1.175093073330900317e+01
6.987745682127100899e+00
1.308669313769539144e+01
1.380125004879683814e+01
1.600767252158811971e+01
1.635621473737725751e+01
9.635242309710465136e+00
3.731341788199831200e+00
1.205715321758825098e+01
8.648696198557379589e+00
6.666666666666543506e+00
8.222347586283804688e+00
1.238425452711283015e+01
6.687528040610715152e+00
1.054187238384398917e+01
1.914584212924579631e+01
8.130977524411173718e+00
6.536450233648686492e+00
6.338324589728245861e+00
8.295602254154141875e+00
8.075428242853627481e+00
1.004117043800460429e+01
6.146798743141516752e+00
6.477358232967930007e+00
