6.885526150406595214e+00
2.928901702671646490e+01
3.970635103762841567e+00
7.040916016153140333e+00
8.339736023254692654e+00
5.775166520975706597e+00
2.482295636993598009e+00
5.500049320662523833e+00
5.670710203115954862e+00
7.457188321477720372e+00
3.033949079804903359e+00
7.290543681119554975e+00
5.817712868550380279e+00
5.771864671367438859e+00
5.404742795213646644e+00
2.977281385114160628e+00
6.934982836565555253e+00
9.466955595840277127e+00
5.846682166240383616e+00
3.271923729218021659e+00
2.180324509454843795e+00
4.126225082555360579e+00
1.957590880257759069e+00
5.165831443517656218e+00
1.024338388982911852e+00
5.756492922032541593e+00
2.236798781672121095e+00
2.771887618307639745e+00
2.909257721718432776e+00
5.987521502522387351e+00
3.483923201239150558e+00
4.024473046922328656e+00
3.155532237408787299e+00
3.057511916252394713e+00
2.696470748608728485e+00
5.484143568016455639e+00
3.732333736372609678e+00
2.413162557166984357e+00
4.061492791958111859e+00
6.459929694957781798e+00
3.987687335431804314e+00
2.220075286176490525e+00
1.076777396235720774e+00
5.188534956770436857e+00
6.018562948847071548e-01
3.145022379966226023e+00
2.182787932596017999e+00
6.099304455415300197e+00
6.632847214087013166e-01
2.775432871958130931e+00
1.998039876086805888e+00
5.344075493379350839e+00
1.392017360033746654e+00
2.345537291113610312e+00
1.152533965720029085e+00
3.614711760035060450e+00
9.780442303243811475e-01
4.856107233736604911e+00
7.728525592834429858e-01
3.559937872807191983e+00
2.088947739371557422e+00
5.111185818887252985e+00
9.813826956073702368e-01
2.572519772410908789e+00
5.533992881046856382e-01
5.503877626061924211e+00
9.100913226883543539e-01
2.323016014018965958e+00
1.641590150211333254e+00
3.678477897945550357e+00
8.790993623922199740e-01
1.741099111881728945e+00
3.416047729268205213e+00
4.841824134785518652e+00
3.131205095982773745e+00
1.964475795605447717e+00
2.680865648914249277e+00
8.647167015806084933e+00
2.886445300968352168e+00
3.713885011855159402e+00
1.102477081217323018e+00
8.712801536860530049e+00
3.823537765243912645e+00
4.561056626122166335e-01
2.740043265011048224e+00
4.013069068994049360e+00
4.341177863798914238e+00
2.480892264297096972e+00
2.888785552714736582e+00
2.249466039043360066e+00
