3.365883501097689301e+00
2.618887108189738910e+00
7.060322655574405637e+00
4.131894313020377574e+00
8.800803852952061135e+00
5.355994680142667441e+00
2.992139475361490142e+01
6.219688429270341601e+00
7.395424255332393670e+00
6.978590972397920922e+00
6.660520919083694480e+00
8.456554679459221902e+00
6.141524332851258983e+00
1.351252020871439186e+01
7.925402127356360182e-01
2.142875129915297716e+00
6.370857857194504703e+00
4.403505440611671595e+00
6.539457151621718367e+00
5.754887979810130894e+00
1.144419016940602063e+01
9.961411412653966124e+00
1.787833073783547944e+00
4.200617706341096103e+00
3.769618698105821064e+00
5.915197871756846304e+00
9.765311097270048535e+00
1.047977200081468574e+01
1.857292865890418199e+00
2.134854166800617126e+00
6.515916426917063298e+00
3.427100671143573862e+00
4.139352156148278894e+00
9.637263126834577420e+00
1.666677166833698109e+01
5.411103113860032288e+00
3.903174590670175359e+00
7.736592367441981644e+00
3.336410254317438984e+00
7.571644672816726818e+00
7.075493703483904717e+00
2.950275586441963682e+01
5.288984547374285805e-01
3.500707164099061686e+00
2.480049045965207366e+00
6.473465360697201909e+00
2.158955407275612970e+00
6.668877277204028786e+00
3.444816359938149386e+00
7.801826593140130939e-01
3.447372874638857443e+00
1.564407900152919639e+00
6.826116045345572481e+00
2.890037065601234190e+00
6.432942837652831258e+00
2.867097904984262868e+00
2.184898572716141185e+00
1.917303850678642618e+00
6.968204338350440175e+00
4.543361885572664960e+00
5.693159838089928648e+00
3.029673492670127644e+00
1.128351378403138483e+01
2.843458891640407327e+00
3.628022981685111503e+00
6.913636829083382729e+00
5.473248856168335230e+00
9.274122437724811263e+00
4.686891492330691911e+00
5.013594166718699618e+00
1.522968890416628085e+00
3.019238636589125946e+00
1.186260002039205119e+00
6.803932302947562683e+00
5.801785658083292496e+00
6.234227753307194142e+00
6.232673193093052788e+00
1.455768038477986748e+00
3.020904739171774711e+00
3.387867798876456504e+00
7.566133551318596773e+00
1.030095729490472145e+01
3.510173812821309358e+00
6.277215823743358847e+00
2.347095129439762839e+00
1.414551368208587290e+00
2.271969507614826966e+00
4.276288584388784564e+00
2.575839679827628625e+00
2.389802340362665589e+00
3.470355989458494772e+00
4.735572438194554645e-01
1.678215903829801903e+00
1.481542891080626534e+00
5.808979272992766063e+00
2.207414212917645724e+00
7.232101352373207170e+00
3.786804280270717360e+00
1.021612136030131124e+00
3.436819492820948341e+00
2.486481409773726003e+00
6.105140387263056745e+00
2.332045575209671373e+00
7.268038509884715559e+00
2.998274690479869609e+00
1.759695368638032109e+00
3.656190924543103904e+00
2.376020733940938268e+00
6.489797369177750852e+00
5.309398425482600992e+00
4.426544832279773800e+00
2.496422774440142689e+01
2.733530286198259773e+00
2.211699133089570335e+00
2.116066998063059312e+00
4.003405363821954666e+00
4.282301222713861932e+00
2.492478601510138336e+00
7.897821630321708142e+00
5.473788036781480848e+00
5.804574036998675801e+00
3.423533088903653265e+00
9.344751204765581187e-01
4.652773916246773389e+00
4.386946116078282110e+00
1.101325346624538959e+01
2.565702409770207026e+00
3.985611135045996178e+00
8.063808491427812086e+00
9.038065283004319994e+00
4.486376020893668048e+00
5.375888090660605911e+00
5.571834421237523038e+00
3.447669757668592627e+00
3.024467583173530816e+00
2.562607341537609162e+00
1.151101184931499155e+01
2.176888434016878815e+00
4.671015081614094733e+00
5.157532138328936533e+00
3.373653577581583018e+00
3.312997695125395214e+00
3.703282423788891720e+00
6.334789012973625510e+00
1.449655517034078800e+00
3.476492180113847752e+00
3.738506031489890802e+00
3.990925007155913473e+00
2.922895545942804763e+00
2.220108073768777501e+00
7.742446388809118396e+00
3.428490548820473549e+00
7.945258606035234372e+00
1.436625114035578576e+01
4.704315052252245444e+00
2.425396438677080102e+00
2.270944119774307435e+00
2.330921589625629675e+00
3.455861906076525880e+00
4.334394140893141234e+00
5.241625273884065628e+00
5.664701101777796843e+00
4.793649185115733680e+00
2.051260079442711604e+00
2.973622217779839705e+00
2.616746877835529173e+00
2.634107383312027650e-01
3.876960649559206384e+00
1.625759646421783389e+00
1.384444256937798767e-01
3.230235180031321818e+00
5.225833937691628073e+00
2.666149094763985428e+00
4.891998570883608899e+00
4.469659549873543192e+00
1.146791339656627828e+00
2.692944232212238109e+00
4.165229892368312647e+00
6.106212308274088230e+00
2.468549834668166909e+00
7.763065435732606545e+00
6.172100695416938843e-01
3.505254443623568417e+00
5.847617084560728706e+00
3.713959683689758151e+00
1.518421500555987791e+00
2.594908273698737666e+00
2.600264681984217674e+00
3.773514519077282525e+00
2.892573496182857529e+00
1.687283274201661243e+00
3.670849930338407230e+00
3.320755246064692301e+00
2.774061527856531484e+00
2.806411024537311505e+00
2.810233888757488430e+01
2.045086741454819335e-01
5.560212337101114732e-01
4.085506809256142624e+00
1.935728709411478121e+00
1.896380959805370026e+00
4.766708830314472678e+00
3.403254019981374778e+00
8.499022012697803052e-02
4.560119669392843633e-01
3.085322781282825222e+00
5.042073419556828640e+00
2.344142832831229040e+00
2.508051732322919225e+00
3.029235797624740822e+00
5.814318599453301317e+00
2.051328016726480019e+00
2.643814138148760318e+00
2.010443416582143872e+00
4.133058812071581656e+00
1.312157914421457461e+00
3.160555893825414131e+00
1.960551087889598421e+00
3.127492973812632471e+00
5.301973115970121775e+00
1.355685233005653911e+00
3.950445583445303388e+00
4.931749073294584562e+00
2.802973188345995847e+00
2.490228525416663674e-01
1.089219592185410512e+01
3.155086784414872003e+00
4.388518747226020089e+00
5.926154205186633384e+00
2.605871491371915205e+00
3.175529929213458669e+00
5.613195768891462656e+00
1.883478693519749170e+00
4.541401266854314223e+00
9.348212455188734671e-01
5.310796488195904885e+00
8.757563887388357671e-01
1.447905001824697457e+01
5.564694264061960105e+00
8.670329288322484729e+00
4.913152487751973219e+00
7.506481706363030248e+00
6.068237115579032670e-01
2.949868384415466949e+00
5.777713152590854939e+00
1.250386981883785609e+00
1.523980849872752730e+00
5.422993434677614744e+00
3.492562825916972091e+00
6.095974719595711910e+00
3.270176189674647849e-01
7.678405519981272853e+00
1.669600389139997532e+00
5.674192330092798109e+00
8.909266935855052694e+00
3.248904090100135367e+00
1.138799574404369785e+01
2.497207370918270275e+00
8.103032196157698763e+00
2.229964190659401879e+00
9.363907973098548609e-01
6.936933392796013287e+00
5.386460349506208445e+00
8.256387715693584539e+00
5.305463604348052975e+00
1.661230213934023681e+01
3.598838816946165142e+00
2.996531407908054945e+00
3.522671171469648588e+00
6.905530978786657670e+00
8.080669564499922686e+00
5.119066802986254494e+00
6.593998178677630939e+00
1.100674321440295644e+00
2.245301789816591675e+00
2.872179865221539785e+00
7.143405393275373605e+00
9.785236464741975837e+00
5.523403162149899792e+00
1.450604581631671408e+01
2.912710730143800220e+00
2.278634507316687152e+00
6.751337910185966962e+00
4.998574765049756508e+00
2.728088995293973085e+00
1.439011744659385705e+01
5.597521408999305059e+00
1.120167559193423701e+00
4.359190718463395342e+00
2.347314488977782165e+00
7.729518569139997020e+00
2.465476878248840986e+00
6.440525376864694174e+00
3.387745672200745073e+00
2.736676415987597810e+00
4.127908759515879211e+00
5.439140130695524711e+00
7.543225183563134095e+00
3.651357915032908519e+00
9.236087686964660648e+00
6.134397520359478939e+00
1.796953751170143221e+00
1.493030354527426384e+00
9.828469584889619526e+00
5.069751495098311800e+00
8.198932702464411193e+00
4.510052955380150941e+00
1.249427612304812918e+01
1.720537306771763753e+00
2.819085336430805722e+00
5.148459838674976474e+00
4.747360330296980457e+00
7.208774289497945631e+00
4.840663996844483563e+00
9.224794113774295923e+00
8.861560516770600193e-01
1.207660840764313237e+00
3.718051259580770651e+00
8.318772976523611362e+00
5.287058519418423863e+00
3.257895643786819395e+00
5.629079587710163146e+00
1.935483297894518673e+00
1.347393344354460565e+00
5.798793297704895044e-01
2.742045450836430032e+00
2.684338746027881140e+00
3.329813362848521141e+00
5.616878567377416864e+00
1.748598198316372532e+00
1.245844212473913970e+00
2.786583137523332088e+00
8.289488010351043101e+00
5.776928974144368567e+00
9.773586865642243993e+00
7.412808733850385856e+00
8.884577053435714911e-01
1.207787777364644599e+00
3.717390371875031629e+00
8.318078858651100305e+00
4.268167616473154347e+00
9.710160724584484981e+00
2.735138447527142969e+00
8.198336080019998917e-01
2.055621619319113247e+00
2.893125812044464951e+00
6.025755320333307630e+00
3.334371533997738002e+00
5.227724069535995000e+00
1.088005599500967513e+01
6.792547569817605213e-01
1.120286021217596018e+00
1.698374120583472147e+00
7.231067681343218645e+00
6.394728283460934470e+00
3.147915184403113353e-01
5.800813095140750164e+00
1.926327015102321072e+00
7.247629122743326491e-01
3.547575498971326624e+00
3.061902687769168185e+00
2.220381357926342503e+00
4.133036726506066572e+00
5.101666041109825578e+00
2.770352888710922112e+00
7.824360551898260629e-01
4.814950552953958685e+00
5.600956929007671725e+00
2.173469284961711878e+00
4.259123695137004617e+00
3.947556697315926844e+00
1.482688113568618293e+00
3.166640458109602374e+00
6.043004309786025097e+00
7.230990417230921175e+00
2.655741363723341575e+00
9.543669680405551858e+00
3.318590733252051450e-01
2.291559205967009571e+00
1.556626839790767436e+00
2.327459058691943028e+00
1.613991821996118459e+00
2.448474273217374098e+00
2.305875599313120805e+00
1.349111358729337162e+01
4.110979456375535968e+00
3.386217163276444619e+00
9.266827880907358983e-01
1.722906291584228144e+00
3.508525285288551121e+00
5.345133525485077364e+00
4.633291032916207364e+00
1.491525958752042413e+00
1.606335035039525350e+00
2.300920147984273800e+00
1.282280817953643348e+00
4.210720273590500828e-01
2.097824149499190494e+00
4.719218700895994267e+00
1.974945840481123982e+00
1.111317228602940022e+00
2.540693866152555103e+00
1.175456991034778298e+00
8.543256825609782945e-01
3.208153107576350749e+00
2.990633522841136482e+00
7.248597276097053843e+00
5.734000165188935405e+00
1.004041225606400189e+01
1.237964838357115127e+00
8.909355508584408057e+00
3.113644301710820628e+00
5.718766380428765395e+00
3.204473944723043477e+00
2.559459212963927310e+00
4.224202669575042535e+00
2.021510765041803381e+00
7.616604882961262923e+00
9.836281196101902324e+00
4.787916245415649641e+00
3.333333333333357018e-01
1.975716368782512999e+00
1.338983716538391322e+00
2.251706367668113273e+00
7.527263645128431158e+00
9.005180470362640577e+00
5.508673884145144362e-01
6.921878226917731247e+00
3.248567606851602729e+00
4.568332712927253958e+00
1.516882390359491239e+00
3.416984075595753012e+00
4.561985294252981937e+00
9.839591691964763243e+00
5.443274151938640948e+00
5.009186426258840363e+00
4.677745432710163520e+00
3.847154607324630771e+00
6.552753178159207437e+00
1.537912710736317079e+00
2.950118616409601824e+00
2.730658903661755232e+00
2.664429798646796854e+00
5.440552595589863927e+00
2.950031055592575058e+00
9.632814421255028847e+00
2.294246809198767778e+00
8.816238189323193808e+00
3.282032366148044389e+00
1.074018742544088356e+00
5.437119026387960297e+00
3.210773504763674513e+00
4.059108001627484974e+00
4.464279348160611782e+00
1.089166447065378129e+01
1.526125435585520052e+00
3.475022129818931660e+00
3.866142013355272411e+00
5.127443404665892324e+00
1.872984503621210051e+00
9.376144417939258346e-01
3.934425820441457944e+00
1.555423175302813377e+00
1.953396413512618723e+00
3.996150114627662564e+00
8.725012422567770543e+00
6.616395216480619901e+00
3.421064024035094686e+00
1.084954993352941166e+01
1.908449091511873918e+00
1.146983347904532380e+00
1.847399835975004123e+00
3.119509600183788312e+00
5.315683464767981370e+00
3.936562944642455708e+00
6.867160611883889487e+00
8.294499565151340903e-01
1.537070127354335680e+00
3.569671747982553711e+00
8.292529724038898209e+00
4.335607527084381907e+00
9.737509572812463432e+00
2.935422159504894157e+00
3.118706205314789148e+00
1.371178499500653514e+00
4.666581180692394248e+00
7.548444577040876347e+00
5.773277431499370671e+00
4.355295587156849280e+00
1.594509548379193120e+00
3.812551152605621496e+00
2.680934314725890832e+00
3.226467507485951902e+00
6.886464564177060765e+00
6.251401430324713182e+00
5.847144522753585427e+00
6.403607052002723954e+00
1.919209016656717948e+00
5.360716977274364581e-01
3.675324073708738926e+00
5.767647558113641715e+00
6.531897002005753627e+00
5.829842490546648826e+00
1.577323406897192193e+01
1.605163643498125792e+00
9.545451456040385807e-01
1.401979330028927107e-01
2.875786613534766278e+00
4.531914853304182422e+00
3.501243184617569337e+00
6.202801958203017385e+00
2.938459507102422208e+00
1.271122229417632754e+00
3.459574444689047734e+00
4.859980194866646563e+00
2.139364351498097339e+00
4.987171771901010686e+00
4.817293304587604297e+00
2.805632655526821395e+00
6.224564895996197444e-01
4.193399553312635142e+00
7.409742215720797276e+00
4.005756951503651742e+00
1.184320391572477682e+01
7.735260315302734391e+00
3.471304183988564773e+00
5.751439916474670788e+00
2.919455907266994998e+00
4.446445374686812890e+00
2.707179873183342522e+00
2.687708638253790472e+00
4.815852236197824432e+00
1.492118052707766651e+00
2.307933818782456736e+00
3.454957771541456335e+00
9.248114759755404757e-01
1.548402545730435120e+00
1.673101331925209934e+00
9.801690191004192698e+00
3.066042064204443474e+00
1.780929416900941531e+00
1.723211398963324426e+00
1.240221687737824707e+00
1.631786207189913851e+00
4.247933841558837464e+00
3.480246288657621978e+00
3.799431558948801690e+00
2.781346805882245921e+00
3.275170594461106699e+00
8.004427229564541335e-01
1.263346111901820334e+00
2.530677016496535980e+00
2.314434299758441060e+00
2.091020315242230421e+00
1.335594112175255477e+00
1.733995269883924495e+00
3.419009507470458065e+00
3.499142974500474512e+00
2.522437840569826673e+00
7.764249800260462742e+00
1.052327745697830608e+00
1.448992719863023693e+00
1.794371652116734994e+00
5.028481318405889633e-01
5.757133930701072266e+00
4.749986293428352546e+00
3.833673675090475630e+00
1.442154359902855676e+00
2.815987956754997246e+00
3.165211311342940093e+00
7.361763116762555237e-01
5.784022509959161340e+00
5.891871712797096983e+00
3.317731816295541591e-01
7.591142781945198870e+00
4.890584790657849901e+00
6.320465866764156893e+00
4.408797959256986587e+00
3.878995650286201080e+00
7.119419989002248039e-01
3.372063682338060975e+00
8.891040513885917207e+00
7.641154677611315726e+00
7.073589297788061891e+00
8.914034055386991895e+00
9.990902289328444041e+00
1.111911912705764927e+01
6.359066253506729716e+00
2.945130429370536262e+00
1.213959984011154347e+00
3.330894081545211716e+00
3.692775891452820591e+00
6.037535782151405073e+00
4.764548346093041009e-01
7.835515545402024884e+00
3.433477379590300416e+00
8.686577451526032334e+00
1.919144981951584894e+00
5.939931275308775405e+00
4.315530475453855708e+00
2.217818905835706733e+00
1.422205068894900570e+01
1.447715853381282614e+00
1.692442669829006263e+00
2.707657955545047290e+00
8.345698533430812915e+00
4.701400180015668617e+00
3.544146526825178167e+00
6.545680632465180615e+00
3.745770376951801151e+00
1.644390162119760079e+00
1.653902144207053837e+00
3.394465748588287202e+00
7.093433240884148283e+00
4.781920215960819398e+00
8.216573033402132964e+00
1.071075878584352381e+00
1.280404233482641985e+00
1.414346869227736336e+00
8.554729338793363169e+00
4.615080090556475056e+00
1.088183578183989653e+01
3.649542753282776886e+00
1.745683309425591689e+00
1.583181233627432904e+00
1.206024214487686264e+00
9.071627504400678887e+00
5.317552033235486419e+00
4.273536720185284743e+00
4.054736856652681354e+00
4.208689634906240262e-01
2.013027065239631153e+00
9.874772451485233082e-01
4.104930980260448337e-01
3.660621197247973413e+00
2.491507070827414960e+00
7.875167174500956158e+00
8.613980473382246705e-01
1.523337416364502817e+00
1.255033721118602896e+00
3.639055248783421348e+00
4.372151021882582533e+00
4.528376435129889188e+00
3.099823146660818818e+00
3.801336961136617898e+00
1.938276862385049926e+00
5.286597200553452502e+00
3.385731211860043000e-01
2.658279860548982132e+00
5.557911741418507745e+00
3.835934096970079477e+00
2.275249691126925544e+00
1.861000388966488117e+00
1.279093930185259964e+00
4.369579734464418941e+00
4.959566616698078967e+00
1.003633381379374079e+01
2.897174358905326930e+00
1.683684063228215733e+00
1.800585227541688482e+00
5.569637962882626248e+00
1.499996548913036465e+00
2.773939932573072920e+00
1.784987637292800855e+00
4.981636397832932772e+00
5.730776174581558857e-01
1.558516558583318501e+00
4.030697810411844273e+00
2.975297237941551654e+00
8.835859071644899032e+00
1.003083720899324760e+01
5.920226658945182407e+00
2.379803494511184336e+00
3.999130835274466111e+00
1.616702161151852835e+00
1.061270105893730831e+00
2.651653504196200828e+00
4.731042996145448321e+00
2.799242080183903525e+00
2.394011487152482687e+00
3.364626866918342785e+00
6.459714104419560066e+00
1.077409582190010040e+00
3.596531432778070414e+00
3.192893879874754592e+00
4.840744093949260751e+00
1.787074281938837883e+00
2.041599703576669977e+00
2.969980364528369776e+00
8.693422329122407755e-01
3.515859714417107540e+00
6.956808933335888234e+00
6.249676838352999475e+00
5.994141978923366310e-01
2.888553959365334212e+00
1.925372558980643634e+00
4.324146783654422954e+00
1.051053582535170783e+01
5.797742205467434351e-01
9.982591161296646476e+00
2.637438715966913261e+00
2.610436552592304338e+00
3.172437907455937900e+00
1.983067067830630803e+00
2.045959342888592047e+00
2.709892753215719097e+00
1.014234631176456247e+01
1.546497838544960812e+00
3.008228275385699035e+00
1.764807124851217823e+00
3.595163983065795321e+00
1.512674574184321274e+00
1.792792135717699464e+00
6.046626300707157675e+00
1.487018801396847723e+00
1.225687632827979767e+00
1.435196531022609134e+00
2.189569353247104999e+00
1.282333860950710003e+00
4.932113267629141262e+00
5.112803805815596903e+00
4.133887678848277680e+00
2.793762567341512071e+00
2.903829888642786461e+00
3.589874484870103633e+00
2.092631493634470985e+00
4.659907025153246174e+00
3.788605781138784323e+00
2.990714801051403526e+00
1.508385055343175019e+01
5.607040801182449741e+00
3.403449428271110744e+00
5.107926677719640374e+00
1.712428202568331770e+01
3.185128322508177678e+00
3.124187892554876722e+00
6.921826085684301688e-01
1.245019461777769676e+00
3.747526668487979773e+00
6.332158471175518777e+00
6.216099794430722802e+00
3.268421163457154055e+00
2.532655859012727717e+00
1.091420673433165289e+00
2.335457488563389195e+00
3.642259771973610949e+00
3.599864458862023664e+00
2.799672752418211008e+00
3.981648605249764050e-01
3.927695604177129152e+00
4.781862336915857270e+00
1.677743564849662361e+00
3.879925733838307966e+00
9.440124171318123203e+00
1.704081311374125107e+00
6.600413677072090479e+00
2.412605740181291480e+00
7.509161189828811311e-01
1.972441810586123223e+00
1.750891760172223144e+00
3.286057481973028160e+00
2.099393692368418218e+00
2.542955136701067431e+00
4.709066384490455448e+00
1.188635374379722665e+00
2.128592752965884571e+00
4.470066707850421039e+00
6.872597949475472312e+00
1.186022810578459596e+00
6.159011685672396652e+00
2.050249911879987508e+00
5.262647659779323694e-01
1.787435841429027450e+00
3.431327827958379206e+00
3.286978208420601621e+00
2.042775588115792740e+00
7.121848508478059614e+00
1.906652124741922139e+00
1.420319979518059883e+00
1.972705164217736451e+00
3.410827515025830703e+00
3.020071805437064771e+00
2.708770375512529416e+00
3.787672629834247573e+00
2.113988681738388831e+00
5.255339776474935443e-01
2.611734304741505586e+00
2.531322912965644267e+00
2.110710119941666907e+00
2.864628039590184638e+00
8.511053358723495998e-01
1.904192406628227419e+00
2.876842646830690686e+00
1.344738025679298010e+00
2.416369522151703197e+00
2.570557864056131958e+00
1.784971897779589201e+00
5.140207504380886583e+00
1.831190022829815689e+00
3.178338238665436410e+00
1.357323721609334788e+00
2.608710928825185960e+00
2.697303017963468275e+00
1.932739596865388876e+00
2.186523101103782896e+00
1.423332071738832694e+00
1.070233910622396367e+00
3.465303071831705939e+00
2.743955266674949822e+00
1.120735774476164126e+00
8.943260627604369961e-02
5.278401154144991558e+00
1.148120185414313177e+01
5.245557084275311865e+00
7.586067031126181526e+00
1.654913657541045424e+01
6.968368275423292069e+00
1.407896777050356896e+01
2.928682237394581112e+00
7.435088076783448408e+00
3.311518938964203240e+00
5.873414781100215976e+00
1.179765038375301422e+01
5.470187941465098902e+00
1.130668256264900151e+01
6.241134391305465101e-01
8.910180596100275352e+00
4.898976670208075923e+00
5.895664811681098350e+00
1.286206595643595385e+01
5.693135175694455263e+00
1.105769003957695240e+01
9.331086710770833292e+00
9.350125940344481634e+00
4.629758187347891685e+00
7.536327679625268949e+00
8.433664126632823610e+00
7.353748288868672489e+00
8.903298881733755721e+00
1.152100232629344667e+01
