6.666666666666658081e+00
4.842696415802026699e+00
1.997390901920812212e+01
4.873631694116530078e+00
7.144211787717551942e+00
1.221599590277556580e+01
3.934459706835681914e+00
8.324332769392675857e+00
6.250421490619998188e+00
3.331721863585471510e+00
8.401906277493214503e+00
6.894946881843839748e+00
5.383979914510445219e+00
4.564347753299625055e+00
1.064835478284557801e+01
6.557236302928163951e+00
8.090903626317855313e+00
1.054139928990663044e+01
6.920395083362808286e+00
6.890112902680517237e+00
4.761742013685061004e+00
5.750415392471222020e+00
3.332254670521294315e+00
6.375480711746575047e+00
7.706325970889044363e+00
4.866293369011041925e+00
3.489286960760978218e+00
6.529719122176632418e+00
2.769197248114333210e+00
5.402969947637786596e+00
2.492757715791086071e+00
7.118897973877589713e+00
1.246534482172867797e+01
6.059871907417905268e-01
3.924964732252535615e+00
7.179538939492421612e+00
9.644869224415563158e-01
6.397554734997382475e+00
5.409615970908892457e+00
2.281647164372079484e+00
2.710887003067673273e+00
3.736271667374703398e+00
2.918059879354425679e+00
3.962974865510967337e+00
4.949252415580436271e+00
1.938215405844720296e+00
2.398979348653961896e+00
6.271156585874110512e+00
2.095167222683727459e+00
6.172905711602559187e+00
6.309996278232357092e+00
3.490731003306829283e+00
7.307645826558590407e+00
3.385916302781462495e+00
2.247613210903580239e+00
7.718886247213334606e+00
6.324610700008224562e+00
2.597594975267597306e+00
7.509344465601055951e+00
2.675607302946649835e+00
1.498973916790134808e+00
3.885591779328782192e+00
9.170636614233615092e+00
2.924470823390446839e+00
5.245764395568889960e+00
6.392444571300138989e+00
9.650904261862223166e-01
5.766370799198974773e+00
5.945545299057982902e+00
2.883830224263773889e+00
2.565408577476271379e+00
4.360054073834485955e+00
3.149179400401552531e+00
2.126139323903601053e+00
4.116725998897237560e+00
3.644237545977977444e+00
2.455870723295248581e+00
6.578523149446549034e+00
3.762719459737477568e+00
6.349963009110766166e+00
4.672450861016328894e+00
2.022060325514875245e+00
6.403767508929131935e+00
6.963656890513163944e+00
3.275176641397654631e+00
5.622735366685383873e+00
6.444295272484576564e+00
3.657029596728563092e+00
6.528719270223370508e+00
2.624485479596501136e+00
1.736730508898989056e+00
1.711520416347198648e+00
4.770060408431303856e+00
3.522660118317549660e+00
2.543971171350823735e+00
2.716067783679790182e+00
2.890110293395982577e+00
1.808231079015366616e+00
6.998543480984654508e+00
3.499291682820590665e+00
1.921549804620350299e+00
1.737519912362965213e+00
4.003742613591081856e+00
2.122620826217991752e+00
6.473528954904214316e+00
1.121262590582517760e+00
5.198533407380239169e-01
5.757364177271806938e+00
1.639526471661457263e+00
5.177166624603782630e+00
7.019015821059393367e+00
1.585276367947480169e+00
5.164150954466105503e+00
6.016310190605310027e+00
6.066698936285774835e-01
2.796496512763729125e+00
4.050962966440369684e+00
1.517822838946633723e+00
2.798085036337302878e+00
4.269485484730826674e-01
2.759070097630174079e+00
2.446801254234605150e+00
6.561905842096821040e+00
1.930841780860113488e+00
5.795262771261273649e+00
8.471274658757058873e+00
1.565091746323816535e+00
5.222877259046385667e+00
2.576673898259395745e+00
1.063040462624978533e+00
7.362753720993386430e+00
5.609686548427124997e+00
1.786384142834428035e+00
6.504375953550010081e+00
1.469987021061532007e+00
1.805480032698502102e+00
2.358443901662246045e+00
7.843556891152019261e+00
6.229606383669489267e-01
2.056390054907415443e+00
2.858350397851059821e+00
1.340527595412832396e+00
2.361418338272201822e+00
5.999900163017817256e+00
2.269031356924001042e+00
2.559869742795811476e+00
4.555429413615319056e+00
2.001630534235269376e+00
2.080871294840458408e+00
5.898479413754626144e+00
8.936336722786943909e-01
2.942326847099843601e+00
4.475339833128205491e+00
1.401651276246106859e+00
4.179723394713154683e+00
3.148546922111260304e+00
1.166146028205486074e+00
3.399307891812529903e+00
5.646950979063885434e+00
1.370123830264278197e+00
3.777231258068148634e+00
1.562964742621777647e+00
3.580494179158527412e+00
1.645132150210304900e+00
5.449720544320658000e+00
1.647720810523747970e+00
3.114203418471916507e+00
1.235785441440922172e+00
1.087586808043120357e+00
6.912033889250031926e+00
1.199461498620462407e+01
3.404231821886762877e+00
3.889132645260456211e+00
7.066783563524796641e+00
9.412704851193302025e-01
6.277577991159233761e+00
5.784645336375310087e+00
9.121959627760342082e-01
3.436776523582745657e+00
4.956172262963945307e+00
8.269658096872328779e-01
4.983019726962448992e+00
5.161370774023661845e+00
1.483387411001099165e+00
2.052890753614486474e+00
7.171930411518947501e+00
1.938147295258578540e+00
5.632040625306292903e+00
5.910263049387388001e+00
9.845378169336432839e-01
6.670433241622428788e+00
2.724374995721959181e+00
1.346278021995762630e+00
6.423868691407411013e+00
8.193782349633620399e+00
4.855482163718936595e-01
5.661385319262744353e+00
3.300816592895273516e+00
1.084290960462463760e+00
2.348705825216422571e+00
4.140513741182171081e+00
4.530657582436035113e-01
9.960357273479445439e-01
3.412116809938964934e+00
1.509847056826577161e+00
1.358899069884908384e+00
5.617933977278698698e+00
7.995812170274992914e-01
2.644841739361746935e+00
2.657894772515959403e+00
6.698985011811492418e-01
1.235292267249725739e+00
5.309659142032490564e+00
2.863728986936990850e+00
3.055592742332140066e+00
5.367057828812503040e+00
2.865808079598423763e+00
3.514659114128023898e+00
2.764022082782474854e+00
8.827940519343590031e-01
3.426929364840896941e+00
6.516286331596186976e+00
1.002403700269970388e+00
3.628828072843361952e+00
1.222377688880257551e+00
9.257004117682186006e-01
4.174924509103044024e+00
6.295665113330676910e+00
1.183297084823756506e+00
4.283758305848883730e+00
2.171532578789855616e+00
1.003259094546166352e+00
2.293126072357485778e+00
5.521929873872402084e+00
7.408164920242560347e-01
3.321336938673843941e-01
2.738787560842761426e+00
9.211044105695501694e-01
1.580104360458119528e+00
5.748176371572147225e+00
7.309057153747454683e-01
4.952266772568532649e-01
2.715421036004836086e+00
1.952200215211131296e+00
1.291658760396785510e+00
1.313461367296735460e+00
1.529452129552074213e+00
6.596111057084783624e-01
1.947716854169627254e+00
1.180554110629205011e+00
2.060053472572340283e+00
3.627828527269920666e+00
3.006935251359010408e+00
1.202699126987472056e+00
3.605734585465731445e+00
1.867612419135002311e+00
9.563296903563022866e+00
8.607887815791473329e+00
2.112762804482024137e+00
8.573391193686999756e+00
6.017413181485220086e+00
2.760847894083880760e+00
3.759084096012097920e+00
3.953633352760550945e+00
3.486872050756034014e+00
3.392050140486697618e+00
1.341961139691355553e+00
2.630041736338168956e+00
3.972298931747005213e+00
8.044263673401665926e+00
1.258654503673902525e+00
8.309748075037024506e+00
6.073718080604614933e+00
9.079381952507171727e-01
8.620523329358132258e+00
3.053811972895819626e-01
1.760086494056821493e+00
7.025207068612179917e+00
6.507650643857298967e+00
9.504958505007484737e-01
8.569922219751051173e+00
4.491512006188386863e+00
2.756278366397230339e+00
2.563045159926119254e+00
5.446710367149099064e+00
3.448737788825108286e+00
2.067555221984742619e+00
3.134218784097849042e+00
2.332066480375639461e+00
2.812608116482564924e+00
6.472721349932914592e+00
3.518031243265686836e+00
1.702030675078987088e+00
3.535348279547728456e+00
2.549308616018642226e+00
2.532392578967455510e+00
7.009274310876606684e+00
2.079763148462350220e+00
3.264952054230215506e+00
4.343907608948637922e+00
2.627778216984457682e+00
3.380562352941467452e+00
3.103957770321452703e+00
1.736554970238664453e+00
2.868034158325782013e+00
3.711932943542212815e+00
2.536239458760443544e+00
3.975296586335286264e+00
2.248890441689591402e+00
2.841794294280300281e+00
4.920373516494279897e+00
6.138015377843403009e+00
1.875141305522366908e+00
3.662488308175440466e+00
1.282002617957983093e+00
3.702226637969957324e+00
2.766428210889332107e+00
5.753554488200959049e+00
2.765284624852829776e+00
8.008746351725513080e-01
2.608468991864789643e+00
2.565709439357301225e+00
9.723628420525489702e-01
5.967852287487457552e+00
5.429254781300770105e+00
1.667565973584674621e+00
5.571586343697854993e+00
4.396978514003521354e+00
2.844707951969194237e+00
7.542105041120851894e+00
3.455386942907485714e+00
2.320444035332192456e+00
2.931421315299677754e+00
1.817570788770882073e+00
1.969733688393990434e+00
3.941039924163212138e+00
2.692885918312436733e+00
1.933212760089967786e+00
3.512684307211769497e+00
3.569855098312087360e+00
2.195680466351381366e+00
1.353056928047442709e+00
2.918040176935851715e+00
1.274567751945044902e+00
6.774057369556810926e+00
2.002734565645231779e+00
2.670589521522865883e+00
3.892702801603254326e+00
1.911086602172024529e+00
1.979327604951251374e+00
5.065511305600047365e+00
3.219416093851284355e+00
2.988751845359963966e+00
1.514443583531279502e+00
1.805931660800039085e+00
4.928140434535066561e-01
3.151301599029022071e+00
4.106151219657893314e+00
2.221664895337617907e+00
2.187108037386443993e+00
