4.750725807013473023e+00
3.282691923185287575e+00
8.353388476516029115e+00
3.337308979769327610e+00
5.603313224138741333e+00
2.239061687704733572e+00
3.050105838991972629e+00
4.004509240538217441e+00
3.922577420621479405e+00
9.614618364776893245e+00
3.475168961919616439e+00
7.655072435009934395e+00
6.207744989539595970e+00
4.677793099013162426e+00
9.244902388073269250e+00
3.051438279847564328e+00
7.850356076606868072e+00
4.533547908967269002e+00
4.201761812265279339e+00
8.713581985049378531e+00
2.008790212603069225e+00
7.425383875210040507e+00
4.193746676801391793e+00
1.003643713634672530e+01
1.062558722715450088e+01
2.673914528195012963e+00
6.585164401266578871e+00
3.752610861875159909e+00
9.013160938053244919e+00
4.456880332501725661e+00
1.317716004057112089e+00
5.191478222435350176e+00
6.695763451697395396e+00
3.687687949434670376e+00
6.336910930180049917e+00
1.362124079300607749e+00
8.016720432826494047e+00
6.856162728693352193e+00
6.647477009433686135e+00
6.607712179233092620e+00
1.692958609445119889e+00
6.480657732814641747e+00
2.646674103137792944e+00
5.487717267997602733e-01
8.439722631226631577e+00
3.032783259250408037e+00
5.917682860678881163e+00
2.387345899177300002e+00
5.739599498305327785e+00
5.587900455922276244e+00
2.260516593288012022e+00
6.004798427999986643e+00
4.370748684622479452e+00
6.048645261942415807e+00
7.031066181927021042e+00
4.084138942224854851e+00
1.176451818306195607e+00
5.870063891394445399e+00
7.314885884536238336e+00
7.770025231292560619e+00
1.564808314691856994e+00
1.405080428802160553e+00
2.348706088113795776e+00
4.006606564194128417e+00
9.095486046940738589e+00
1.835432307798056994e+00
8.411741936039334178e-01
7.636580144305753493e-01
7.684668826683420662e+00
2.963190829383618219e+00
4.490988240046433155e+00
2.110204970940662061e+00
8.267398495324395080e-01
7.407777017991434398e+00
6.550323530537677463e+00
1.177730974695817140e-01
1.700084788302916650e+00
5.198621459174595394e+00
2.406701070124744657e+00
3.462245430507984167e+00
1.817575603744100876e+00
2.512494541130247061e+00
6.407163565857934451e+00
5.422644926580734825e+00
3.928809566956888322e+00
3.517067094916885850e+00
1.558921862109149403e+00
6.196767672658247683e+00
6.094412879402436367e+00
2.475720156813129957e+00
3.861600141447573353e+00
2.391102686284279688e+00
6.625390040171814654e+00
2.626598202152810924e+00
3.907474288960629760e+00
2.040269968398256140e+00
2.687023229911721156e+00
6.522553991947275698e+00
2.615380297534656506e+00
3.439457688999738139e+00
3.105682796098763188e+00
2.114064695267108274e+00
5.688941365143932671e+00
2.342447262766777616e+00
6.078122075779595512e+00
1.530339915625744451e+00
3.314858362619010901e+00
3.534490663081679696e+00
4.800666739364629620e+00
4.587906835884902002e+00
2.190583410154754773e+00
1.740499595650981890e+00
4.688040000390908624e+00
6.517240822316558990e-01
1.116560323858090875e+01
1.120880830658754990e+00
7.585629744132202035e+00
3.162985528639671085e+00
3.350311001588588855e+00
6.734381572124213733e+00
1.221137847631061701e+00
7.132368565611844957e+00
2.652299273021981207e+00
5.675957025836908976e+00
5.450744066161377965e+00
1.481011256512157814e+00
7.744201171361413394e+00
3.269887011471032334e+00
7.265443584360149920e+00
4.314818871451564064e+00
1.995157557492963862e+00
2.242598081057811665e+00
3.430161199843885900e+00
4.590902094494109242e+00
1.116540730987022023e+01
7.486039275749186706e-01
4.052342322397421981e-01
3.116103546513087963e+00
3.117641044232508651e+00
6.707279286977853694e+00
1.983735157313854414e+00
2.232427247319213048e+00
2.334830187810747137e+00
3.892559741204223656e+00
7.158397727239106167e+00
2.003310098436173359e+00
2.115615747585948725e+00
2.446357485878356552e+00
3.912966871614351749e+00
4.827362318112675688e+00
8.635803316756037740e-01
2.207329900742768469e+00
7.122851457249624652e+00
3.445918213291908838e+00
7.760292972949353718e+00
4.630552867390444471e-01
1.910229656935930054e+00
5.590629206522181427e+00
5.453052055777930285e+00
5.003399422936343655e+00
1.476016319052848802e+00
1.425897137499210432e+00
5.842888883945872358e+00
7.819609511108694733e+00
7.034456584960726566e+00
2.104824521253107150e+00
3.427577118203804840e+00
8.155097044686653973e+00
5.495802766844292364e+00
8.010710982100343713e+00
1.296323717439157974e+00
1.829833697988230368e+00
7.357952612543159354e+00
3.926706436788686805e+00
5.476295711403721178e+00
6.199406038038374200e-01
2.052169671545764462e+00
6.883438350681848839e+00
2.769059825205237413e+00
6.453859896855288270e+00
3.751626709694334760e+00
2.338375651990572290e+00
2.987322887829341411e+00
6.356860530432679290e+00
7.148725973125123367e+00
1.744185129473605045e+00
1.347062682358653118e+00
2.615783012723037704e+00
6.213740003807558310e+00
9.888904143974826866e+00
2.202220683569095172e+00
3.008325942057980651e+00
2.184537919414211160e+00
4.977740556553936990e+00
6.493321079044487298e+00
1.201898676999189064e+00
1.137184221938632334e+00
4.065327523872383608e+00
5.584609462781536138e+00
6.163297333779723886e+00
6.988398596069563817e-01
2.043623061739933799e+00
5.253053386777586375e+00
2.427234270484772249e+00
4.332179490652021236e+00
1.197064589775674648e+00
3.027512002968679727e+00
5.494619517104722739e+00
4.964636130895087263e+00
4.545033642589384471e+00
2.627823514024620888e+00
3.923886784621390067e+00
6.099349272400181654e+00
6.280782660236571502e+00
5.027731436643108509e+00
6.076896777480170764e-01
1.273236356924628554e+00
5.417740979955605773e+00
2.196889235438211241e+00
3.692321733742023770e+00
4.459338843424346943e-01
1.036792806114340548e+00
1.010833638156291947e+01
2.692160224637504484e+00
2.929407240713468585e+00
1.532351738042258660e+00
4.607018235804894779e+00
7.035824913555784654e+00
2.464175185129235501e+00
6.358616881720988268e+00
1.481858438933052469e+00
2.478626947739029251e+00
2.290579615256071122e+00
2.758017446149002350e+00
6.711963582060303857e+00
5.428891723865927332e-01
2.199714048612644746e+00
2.769677264053290511e+00
4.584732828610651900e+00
4.154085387947758612e+00
4.267715854533875586e-01
2.908099219059087748e+00
2.422194343744308753e+00
5.278068066160337857e+00
2.855017748453642756e+00
1.047799731307890170e+00
2.689521294813822294e+00
2.422834259668741996e+00
7.133043745444211936e-01
3.531421481859100542e+00
1.148987698709903471e+00
4.147957601389020255e+00
3.066239387358914659e+00
1.930817207625760146e+00
3.148738014200906488e+00
5.638174240167929119e-01
3.307671854265153311e+00
2.347191841749629138e+00
2.133984981613020526e+00
5.896526359591415911e+00
2.518499414423550409e+00
3.353821096792292789e+00
2.409963635048204988e+00
5.241819660872216957e+00
5.052281659542493308e+00
2.214341718840861617e+00
1.783869702472184571e+00
1.769882214848611968e+00
3.654125114895407478e+00
5.376453647155491344e-01
1.227599697173854310e+00
3.390956478447812117e+00
2.186329213721222686e+00
6.155250686473227262e+00
6.087493683036325542e+00
1.772974026374689815e+00
2.193705034407788190e+00
8.222376710915924036e-01
6.122554521890053003e+00
1.138304966454891654e+00
2.837067096228641727e+00
2.965659205669444187e+00
2.751649957769636057e+00
3.176262533310989511e-01
4.489244255127668559e+00
1.690944573400713580e+00
4.784732411145301789e+00
4.765589609325816767e+00
3.531397726762662614e+00
8.532594528233818920e+00
1.888784344064194043e+00
7.432100335806086200e+00
3.206100568338845047e+00
1.586417161434923173e+00
1.026325988755145247e+01
7.249718759639165455e-01
5.976664358196462246e+00
5.693640727686926084e+00
8.516001888206123027e+00
1.085231552742328631e+01
1.742688727966594797e+00
6.349341298092441299e+00
3.769469340538786017e+00
9.015687410034466609e+00
3.837103906128807917e+00
6.514359648204788300e-01
2.266954504288866357e+00
4.658460802984752291e+00
4.184202276398693243e+00
9.435272137533106118e+00
1.941996277546801819e+00
2.595452478776051120e+00
3.643132814933418562e+00
7.564768929548184140e+00
1.232126453907583397e+01
3.208293557803254092e+00
8.227357748005677263e-02
2.366422226608202894e+00
3.956708414642486904e+00
6.932508429282413509e+00
4.137184482260281015e-01
2.195478055399753714e+00
3.802657877976547862e+00
3.200822221698528924e+00
3.470231033322505709e+00
7.735726815524882616e-01
2.631479052918905381e+00
7.940933244267625035e+00
2.670967283796253700e+00
4.917245878596379960e+00
2.280512062201557111e+00
2.738038916184081017e+00
6.660199833334058184e+00
8.358300518464750084e+00
5.082293572304404705e+00
1.525046810736758518e+00
3.986378277527364844e-01
6.154244069689677410e+00
8.077688334399832470e+00
4.610884996144098302e+00
1.323420310565386560e+00
2.671084713245273523e+00
7.847185471677419422e+00
2.627853214131216308e+00
5.233360380399287415e+00
1.840019175651993466e+00
6.869657112165114654e+00
5.886465062417659766e+00
3.595990713961853658e+00
2.803729025845408618e+00
1.413927635978834418e+00
1.568659778604446275e+00
6.537467187201620789e+00
2.415249405966827911e+00
8.370265451831714998e+00
2.417229153953807330e+00
3.184533863933129538e+00
3.851607106364931976e+00
5.750915044309437896e+00
7.116205999706637364e+00
4.160029291148622299e+00
1.683991647162782046e+00
1.999719442298086847e+00
3.395222129973831215e+00
9.050538045914711560e+00
2.433110056510663810e+00
2.724912833282741698e+00
2.743679308633502956e+00
8.631536389036382317e+00
5.246255607738436133e+00
4.526581905492444768e+00
1.674017814975468754e+00
4.032306254321397887e+00
3.974037323538700317e+00
5.970944904921604568e+00
1.180049282028145852e+00
1.936185496510422155e+00
4.061390816541585735e+00
2.496704119707484182e+00
4.777636764032506811e+00
1.522557562547566024e+00
1.921485186446149074e+00
4.630161598980911286e+00
2.649500787825918913e+00
4.362929039614090954e+00
1.099897453095197930e+00
3.773899599041126152e+00
6.045957454879808957e+00
7.573848291171987768e+00
2.523223331085650667e+00
1.425930191937967662e+00
4.284727592290789033e+00
6.495746265799152930e+00
2.061220575516969689e+00
4.812029655024399055e+00
1.609489188036964835e+00
3.661683807163679916e+00
6.676439002161905556e+00
3.769173596938126369e+00
3.780531455688096454e+00
2.355180016510667773e+00
3.289837869458570818e+00
4.766384495039979186e+00
1.780715699516652650e+00
6.795820121842677253e+00
2.854019969262200807e+00
3.428048048035547968e+00
1.731561460423066023e+00
2.751354082222405850e+00
4.098768197516430511e+00
1.331038365760548459e+00
1.619633955163842787e+00
4.140659067870124943e+00
5.462238351267178160e+00
3.579470091525737363e+00
1.010235352304296841e+00
2.716190869904570260e+00
9.441028912736774137e-01
2.846136732606536324e+00
2.350458264300423483e+00
1.463680481046788939e+00
2.155267906010060130e+00
2.198555368982503921e+00
1.615775004896496059e+00
6.897535157734914435e+00
5.649553722391260635e-01
3.525452456461862116e+00
2.518109784769514192e+00
9.799517312137595582e-01
2.440759776014895355e+00
1.571484580756892457e+00
2.766501327313513059e+00
1.755407583891373635e+00
1.026841767501683877e+00
7.202747787990046113e+00
1.370448175392563028e+00
4.353429553877361968e+00
2.680185976922961455e+00
6.667226797010289197e+00
5.026753816892608917e+00
8.333502055067754100e-01
3.039685242370565366e+00
2.280563100226601136e+00
5.872337510138156524e+00
3.138295737273315122e+00
1.316792705030778166e+00
3.397792248332022869e+00
1.818044593880031812e+00
5.997635330150271393e+00
7.237819048264601207e+00
1.328186923665728214e+00
4.180333892714937605e+00
3.214649527851160205e+00
6.570186032665685794e+00
3.896285091236535436e-01
3.119073971947775359e+00
1.750002522693830498e+00
2.645677067431383644e+00
4.889513415330731583e+00
1.278311333467730293e+01
1.418007255536765099e+00
1.329530709325573712e+00
2.918739058782222173e+00
3.527216582985848614e+00
9.132387796727355678e+00
3.524691485587084117e+00
1.409276593336433292e+00
2.332814416405862179e+00
3.876994403428369651e+00
7.111411743777115824e+00
1.192063905025295467e+00
3.076131243065835630e+00
3.339296342002981532e+00
8.451110740899155260e+00
5.598700726264667082e-01
9.944779032574521116e-01
7.971479789099747970e-01
6.725457376554650146e+00
2.548884582380848141e+00
4.281006150642032715e+00
1.854763623129864980e+00
1.416519570968548081e+00
5.286638822682618866e+00
5.063168312914644531e+00
5.389203251545702678e+00
2.956246347923089157e+00
2.428822230614780420e+00
5.472973276784632191e+00
3.566376456323069544e+00
3.452731186996478296e+00
2.338063113710253216e+00
1.872613486209766975e+00
4.752686508072280880e+00
1.725696954452918819e+00
8.491756398041841791e+00
9.913024293793361030e-01
8.253701626325208318e-01
7.875337344795990902e+00
4.468697580434191075e+00
2.531769835441755045e+00
1.373888523262839501e+00
6.710069800135993745e-01
5.590903203380917397e+00
2.595353061892154756e+00
4.475324646323667110e+00
1.749504989130452826e+00
8.756377035178566359e-01
1.623846332046438024e+00
2.963615650402781743e+00
5.628255916946225845e+00
2.892595896654372556e+00
1.632268025597140237e+00
1.293048227431067287e+00
3.388414162765409188e+00
6.117404821103065160e+00
3.810782701648084636e+00
3.363510378997828898e+00
4.298550598671629253e+00
2.563445180799195366e+00
3.194882747495910280e+00
1.970457360990155449e+00
9.125458224598119727e-01
5.186864940194956253e-01
1.263084944277916177e+00
6.110565686386479456e+00
1.898136284373596494e+00
9.481795742976716346e-01
1.866909735475239529e+00
3.302190058467175504e+00
3.145496763976723287e+00
5.442478327315427578e-01
1.264622975631329638e+00
2.425027824969026025e+00
2.393483196667579360e+00
9.496278992170902100e+00
2.227665795982877395e+00
4.574735666052306193e+00
2.358620504790200467e+00
4.219608755990670090e+00
3.391962363260572655e+00
8.541860243870283975e-01
1.315967582888344367e+00
1.904472987493318614e+00
7.351455454746475660e+00
5.270406335536034881e+00
2.421168880091670417e+00
2.151553386176004778e+00
2.094213101705515445e+00
6.459951696923259767e+00
6.222741171577287567e+00
1.626589392302281167e+00
2.094658806862495837e+00
3.013388214209205440e+00
6.216702362339411536e+00
1.352481950191868121e+00
2.456745589609504066e+00
1.064511631709564865e+00
3.405732549919109342e+00
2.377428632806669384e+00
4.981864753213167241e+00
8.999975753421078639e-02
1.333576489174834734e+00
2.272899308803296492e+00
2.597838400316142771e+00
4.360857726620146479e+00
1.747225873227828741e+00
3.888484959168968746e+00
3.450810372662397985e+00
1.370494668801199412e+00
2.959644046124436212e+00
1.844608731711576466e+00
3.376931044436719986e+00
3.673663160918292814e+00
1.235801256328599607e+00
5.823957227353588451e+00
9.485637634428391030e-01
1.368871796248695150e+00
3.883453617066740637e+00
2.412523925011759385e+00
2.696155887637966320e+00
7.094122604752707284e-01
1.305579204777037150e+00
3.335383720618447345e+00
2.429182865577473649e+00
5.777356311047157078e+00
1.768825221078069942e+00
1.174186662367170397e+00
3.976561777519844298e+00
5.431612409164780608e+00
3.595878450849816943e+00
1.851096260569420338e+00
1.951653766806800583e+00
2.639676787584603002e+00
4.404298168264666913e+00
2.383149293207734443e-01
1.005071876838978140e+00
1.364506719256598943e+00
3.991953414699889180e+00
5.989268068557831448e+00
6.102338395503434931e+00
1.354795887033584334e+00
1.215438233988040295e+00
4.208295373810927664e+00
5.904020773232956820e+00
5.135462261747628654e-01
1.645103248771692395e-01
1.738367018022614063e+00
2.826717961646758592e+00
8.439730013393026420e-01
3.287953029375302094e+00
1.234318956162006486e+00
3.320223782327340611e+00
2.689947038263557744e+00
4.507533456749793110e+00
1.886004538980159850e+00
1.720008321334470791e+00
2.381995567902263300e+00
3.263282494500649111e+00
2.085289872238969000e+00
4.917431612874670677e+00
2.974428504819986774e+00
2.345281582251684593e+00
3.024995382116892895e+00
3.308417144874866267e+00
1.538160332761833615e+00
1.856589099844114799e+00
2.607264528124915159e+00
5.063604625309476859e+00
1.583322817251281434e+00
4.987396543908924507e+00
2.479861778984452148e+00
3.790576466071655659e+00
5.673679639868766778e+00
5.812651095026714065e-01
5.827612145669159638e+00
3.542966957461648914e+00
6.943701121293578638e+00
5.363297998326594040e+00
2.401995346373903661e+00
1.057637926685304386e+01
1.623002942835832130e+00
4.786121653197284331e+00
4.504166019405649202e+00
2.758316177232974287e+00
5.672143742932010291e+00
2.962516168112436787e+00
6.360340229596054940e+00
3.091130320921157359e+00
1.015637000616158758e+01
3.523257748787985477e+00
3.252212368090487526e+00
7.918674357728956004e+00
6.104362212479628624e+00
7.862147107892930364e+00
5.652706431530987174e+00
6.245753217434616422e-01
4.422000170837350197e+00
5.355596333643515727e+00
4.459143861306263723e+00
8.134078040313729829e+00
3.031783612651698601e+00
4.312848145175384396e+00
2.641800490355355802e+00
8.732984124976965745e-01
3.364527959294044468e+00
1.678220816560922257e+00
2.214692762383478453e+00
4.484003277288067579e+00
9.764817287514661714e+00
1.019746896432070571e+01
3.357248530086328397e+00
5.257218530545031854e+00
4.503712932072119202e+00
8.713732698123331843e+00
1.222267729225052335e+00
1.577712808077800899e+00
2.018727546032887066e+00
2.906402100526977339e+00
3.756499043816271755e+00
6.234539077265044860e+00
2.209666811583768098e+00
3.717761306087647544e+00
7.372268764283252729e+00
7.205317797701224158e+00
3.847293505173099870e+00
1.294859226826960308e+00
2.063750796573273760e+00
8.563392889849913203e+00
5.601701061206786569e+00
2.515482472591135998e+00
2.985692593294421382e+00
1.092880336749066261e+00
4.518932694704592912e+00
2.745312788272310289e+00
3.691643575873781113e+00
1.742441878290923229e+00
2.090151355271492317e+00
3.039481583316314239e+00
4.749680489549414908e+00
2.814152378230359464e+00
9.173033909393287777e-01
1.899641466194324835e+00
8.212962126014438979e+00
4.297769691921000224e+00
9.649216458856717082e+00
2.348602640562011512e+00
1.984990599485069396e+00
5.170478138840375770e+00
5.681557782147791613e+00
6.780063745228154914e+00
1.926263923541602141e+00
2.460857069687049314e+00
3.569080930512631422e+00
4.369156448451097852e+00
1.224100208268461465e+01
3.330280545705325945e+00
2.702702157678325445e+00
2.208635631951329170e+00
8.434278999910768349e+00
5.483759538255050359e+00
1.527397289602075547e+00
9.249999611081894946e-01
3.016905638616468988e+00
3.566715467013656049e+00
4.153575516146356783e+00
1.975354606434976290e+00
5.442284089293891292e+00
6.431234177923709439e+00
2.604150338624558358e+00
2.942170034407019941e+01
4.570083600406722901e+00
4.319131046878048608e+00
6.684140260582419835e+00
6.792070159519617789e+00
6.223656563915549889e+00
2.601237584257103830e+00
3.706338873923944899e+00
7.083155916524805917e+00
8.443707308746033036e+00
5.404673897417135997e+00
3.824102069862822528e+00
5.964294589506344835e+00
6.155681595295486197e+00
2.518615231273239718e+00
5.457601606220303658e+00
2.996139630861819114e+00
5.678937317292355402e+00
4.925902327384677371e+00
3.521217708550040015e+00
3.037461225081680705e-01
1.668716286273223659e+00
4.113919613207239756e+00
6.614430219770249586e+00
3.468261434455930381e+00
6.597724764116293272e+00
1.045534332967654079e+00
2.520118416599674394e+00
1.570502571852093299e+00
2.712277466982394802e+00
4.373491588041434674e+00
1.169098313855083004e+00
1.612508521133824813e+00
5.998433826574682826e-01
4.479531107933044431e+00
4.448184847594887081e+00
2.589212117497908139e+00
3.414266028206913717e+00
1.704045041632961555e+00
6.164028839380555347e+00
3.853309078764972639e-01
2.006781356285943563e+00
2.308336208321172478e+00
2.352415899003299504e+00
9.480318371031254410e-01
3.702689763946748425e+00
2.889085563841054860e+00
4.409268598298065278e+00
2.265443522497842199e+00
2.094541267357863834e+00
3.520770324857684042e+00
1.921272655904355586e+00
2.721544405151270496e+00
1.287085064755136843e+00
1.732711097084911556e+00
5.668547009378642976e+00
3.615047870385093010e+00
4.667026484016637333e+00
4.240001774326273676e+00
6.193473520281674638e+00
4.026568716970556849e+00
1.784066746442853457e+00
1.266057555017252811e+00
1.078331231062807261e+00
3.037737522801856382e+00
3.508725113930798667e+00
2.797182429574386564e+00
4.271839791868177194e+00
2.243086870234122898e+00
6.730026729795564044e+00
6.067873117517609494e+00
4.669546815379504778e+00
6.504978428758637854e+00
3.227719096119725517e+00
4.410418346621021612e+00
1.854796653275244012e+00
7.274394327034391372e-01
7.601437442015134272e-01
3.848983668467438779e+00
1.613014456877439384e+00
7.098890454391700189e+00
3.650631289458976081e+00
9.392683315214830353e-01
2.698098115568721145e+00
2.954192455228779490e+00
4.381326773446478917e+00
5.337900715002822372e-01
1.223778136992506260e+00
2.634001417433353254e+00
9.449423191955608203e+00
5.555623615863616749e+00
2.343292408221550716e+00
4.970750435208060480e+00
2.903119105560946878e+00
3.630158565375285473e+00
4.632115391247921821e-01
1.999344403289824212e+00
1.718367661264435853e+00
3.777484603052065015e+00
4.621862519205746089e+00
5.909678143113882065e+00
2.669318807238473479e+00
1.560250842338491539e+00
6.645593827166112355e+00
7.682227775497629807e+00
5.455319570505632321e+00
1.470069832540562116e+00
1.116025868727132719e+00
6.587426741970240585e+00
5.603510594994642879e+00
2.639271654942872303e+00
4.419174621997750130e+00
2.457875532226410531e+00
4.350901092675038662e+00
3.266290719107824092e+00
4.332234275711217109e+00
2.511858271717743119e+00
1.058112973317167915e+00
3.549794383705572987e+00
3.648178628947817970e+00
2.785020045743465289e+00
1.164845464283729370e+00
1.412417277220962220e+00
8.461881750682302084e+00
4.639779954930877359e+00
1.079227050685148015e+01
2.044937088763921107e+00
1.254534876110096731e+00
1.898673753946042098e+00
3.134697345446399108e+00
6.352508815627657235e+00
1.569976430937896739e+00
1.621431161445308078e+00
1.503156973071931191e+00
5.297965534496854367e+00
7.305914421729217345e+00
1.326596880682226809e+00
1.571519295124858884e+00
2.374794538515350606e+00
5.479062367160811853e+00
7.745251335156865480e+00
3.814534703047494535e+00
2.386828619112101979e+00
3.005907313287750071e+00
5.122093009859464807e+00
6.557013870402222722e+00
8.014728369021805188e-01
1.582444269422306204e+00
1.305607521756700917e+00
3.077552584550294679e+00
2.674990486791473554e+00
1.260434604063174646e+00
1.943348185352987256e+00
2.865013409526606214e+00
4.362521998741186735e+00
8.287053972821853520e+00
3.483997511412951553e+00
3.013627835869122862e+00
9.748463401007185780e-01
3.861672201166307161e+00
4.956638542651745638e+00
1.602981664277192353e+00
5.192063497012026296e+00
7.905215750821715792e-01
2.736232419631873025e+00
5.523548866096265719e+00
5.552242007047425432e-01
2.075102813157996717e+00
2.993214676749772707e+00
8.508890616289425779e+00
1.001722817642959917e+01
3.648924816549821148e+00
2.558516847665989413e+00
3.597563508297748402e+00
5.733449161685983064e+00
1.935321131418286766e+00
1.052236631760588237e+00
1.134083045327305639e+00
8.283958637234599687e-01
3.114555170536457585e+00
1.816725911107136326e+01
8.353869977129804170e-01
2.628661519417506920e+00
2.675763534164598667e+00
4.047996010102787423e+00
4.191862018775822207e+00
2.042038392071473307e+00
2.443907911246896436e+00
3.759838794274411811e+00
5.566874202738746114e+00
3.431137199073712285e+00
4.666479318257889197e+00
2.094680617096647879e+00
4.300372204561319300e+00
1.319861078974028601e+00
3.816216907916525347e+00
1.243878559528489802e+00
3.001254978939006168e+00
1.301631454719008874e+00
2.220216325933402235e+00
4.989334736635545831e+00
2.501152133250357679e+00
1.246437184298494261e+00
4.068798919225634414e+00
9.857803563611516884e-01
5.610550192082015108e+00
5.577957182682037107e+00
3.479591328498209624e+00
6.769628991657384631e+00
6.681137492318378612e+00
3.645930294208000078e+00
2.736716723673232821e+00
1.895683458529949350e+00
3.365603396801513103e+00
3.547629225455494861e+00
2.208290482372746055e+00
2.780046022633115399e+00
8.212660245745061482e-01
4.566685679478948323e+00
5.491122113251353021e+00
5.655423951996827903e+00
5.694282792951010030e+00
3.796063549899315159e+00
8.196694029509274060e+00
6.807206126320821227e+00
1.192392667742595336e+00
2.152802141568066929e+00
2.120194794663255333e+00
4.440312976390231370e+00
1.474050819348138530e+00
3.662342688432505877e+00
2.359771009052058499e+00
1.667589502609253982e+00
1.356003835811669944e+00
1.014664804586679736e+00
7.258141238659447048e+00
2.205693856121297980e+00
2.928107810508209230e+00
2.652234698972792071e+00
1.202195689044290416e+00
4.069959762642424650e+00
1.277784934986134546e+00
2.077726348017687297e+00
4.120115539834333873e+00
1.317814373951134543e+00
1.129224521368001888e+00
5.087704456195008440e+00
5.368322975647156881e+00
1.003870742199604571e+01
2.713626271297528092e+00
1.020957919469677400e+01
1.006149653902930652e+00
1.682992857360308792e+00
4.224554983515928619e+00
3.213835662670732063e-01
6.078296234629616102e+00
2.933324194344876901e+00
2.526561846267867395e+00
4.118166403743425796e+00
2.833359201736129762e+00
9.080052826713181702e+00
2.402151481264217292e+00
9.558466317266862688e-01
5.508344843731170393e+00
8.181099267439314815e+00
7.492600809682993912e+00
3.179549215647062166e+00
1.064524141939832136e+00
5.562145864191208489e+00
7.949446767824425386e+00
3.947499547976699663e+00
1.558557579705052376e+00
9.427404604532156895e-01
3.037771562268557712e+00
3.537736565421018664e+00
6.095723306335560032e+00
1.507052309862101369e+00
6.723792805611287227e-01
7.116835909638827395e+00
1.062450839950291126e+01
3.583643708134891970e+00
1.318231845555961401e+00
1.727409727994881905e+00
5.580635132568359857e+00
5.278001614520227314e+00
3.390928277785803857e+00
5.200610082881288454e-01
1.425171395156091592e+00
4.985667506987773834e+00
4.835622233340444609e+00
3.042962929530146798e+00
1.499430568079086923e+00
4.304491639257520319e+00
2.744739734970173206e+00
5.119253551348857734e+00
2.927685999246223858e+00
1.778545311475322022e+00
3.108172070036099743e+00
5.058754787886555526e+00
4.191173287921898805e+00
8.130471794163044663e+00
1.199180442506358135e+00
1.226120828901586135e+00
1.539629647219759478e+00
3.253959032082898606e+00
8.303095926155682704e+00
1.803651417684858815e+00
2.420532476808465727e+00
1.308308525080908113e+00
2.957848227387342543e+00
8.885063627880311898e+00
2.731958222167012451e+00
2.554719064069397749e+00
2.227815984678860328e+00
3.880444124811412099e+00
3.200004316130029114e+00
2.243598492325754368e+00
1.413812901661363641e+00
2.224216463600233507e+00
3.991519233260485411e+00
2.957370672632512409e+00
1.387811183464113585e+00
2.189122731992723114e+00
5.171542863801652068e+00
5.605114113637644557e+00
3.061187093979981455e+00
2.860456855540780108e+00
6.736848657168698074e-01
3.623074987648990941e+00
3.301354543184667367e+00
1.285487587613989469e+01
4.817894372602419928e+00
3.967422110738795027e+00
4.314115351207855831e+00
3.629598917144759351e+00
5.118952568094888633e+00
1.839977122636343720e+00
8.816753211790301359e-01
1.168413060849045282e+00
2.827607181710809048e+00
4.097298527512094779e+00
1.172013500648828144e+00
1.170122273655903600e+00
3.002467160835090798e+00
8.180152621541763480e+00
9.951917697567274956e+00
2.405186420268849989e+00
1.768308571245460259e+00
1.287049049262075640e+00
3.666358074627319663e+00
2.224084854832331981e+00
2.150123778580145029e+00
2.223561411808375965e+00
1.539581487558920658e+00
1.636115362259156880e+00
9.794595951432519598e+00
1.222798438763954776e+00
1.599462825467204086e+00
1.826400543031397206e+00
4.773795205117552065e+00
4.142546673143178815e+00
3.952976836763932855e+00
8.949822437984616963e-01
3.580962533087983957e+00
5.234255258956273416e+00
1.461005811617620109e+00
2.333910928869973755e+00
1.219310165754582842e+00
3.264114722894319698e+00
9.033231483489743141e-01
3.998373890022130173e+00
2.593523445519345216e+00
1.622960030029394263e+00
3.621423492121768728e+00
3.124987995220976700e+00
5.197429806208664793e+00
2.001023959194604629e+00
1.354603942902019353e+00
3.236593299937416734e+00
5.718643890307836264e-01
7.222769816610186133e+00
3.435825289063203059e+00
1.675623605861403576e+00
4.432824449840023107e+00
5.201479132861578591e+00
4.011840673279304603e+00
2.792636643970956012e+00
1.441877779482292565e+00
2.247174088869444031e+00
4.538594998749624132e+00
7.494644002894782497e-01
2.606533723929146618e+00
1.192094936807059469e+00
3.786487182782951155e+00
6.294555634564484414e+00
5.906323097704901492e+00
5.185882677622444703e+00
2.747051682609234380e+00
7.888169915375572439e-01
3.819859135409438888e+00
3.823812132654722973e+00
1.799068089155504424e+00
1.127199968256551443e+00
2.858186920168943601e+00
1.855032927332733950e+00
6.011330083868223539e+00
2.581589159992480287e+00
6.772819406026057143e-01
4.087710032448190312e+00
1.775199107052690239e+00
2.996431583512645602e+00
1.573149663993153924e+00
1.229471055623549303e+00
2.509756644641603085e+00
4.128257335591456467e-01
4.818344523700386794e+00
1.433308748688621792e+00
3.648140609303520132e-01
2.631540379810644481e+00
9.079024003738425108e-01
6.411836510956637758e-01
4.256939005297439849e+00
2.515161044037588223e+00
6.374542323049166015e+00
3.684483042755606785e+00
8.029830756277370085e+00
7.348738505677374633e-01
7.060453259988257457e-01
1.497899066965070747e-01
2.742217401030174528e+00
3.609105114053835717e+00
4.597957081184323336e+00
1.254367383027479521e+00
1.792044988236798586e+00
6.376302140862357248e+00
3.315726202184254845e+00
2.423827042322763248e+00
3.406197510322224620e+00
1.529276437653312115e+00
3.618742432566532941e+00
3.873871787671987477e-01
2.574548627470780726e+00
2.264509283970743692e+00
3.059059196715453677e+00
2.730902443170004634e+00
3.423967284441154835e+00
1.443909986625816488e+00
1.961209039127690401e+00
9.212816679553957888e-01
3.979846490658422109e+00
1.167161727541379035e+00
2.144164844329793596e+00
2.184866299895579456e+00
2.415321863749500864e+00
2.963830506777298979e+00
4.420819549877569976e+00
4.825521348606831573e+00
1.584208742078428545e+00
2.778300869867774470e+00
3.825157530866748257e+00
5.152656194272585033e+00
2.300044079325786583e+00
1.976363312729067845e+00
1.992569412358392356e+00
3.717060247481453583e+00
2.308259286144135558e+00
2.256121936345844237e+00
2.243003347137509706e+00
1.568342117498702448e+00
8.347449901668957395e+00
1.076542526121843224e+01
4.715586617075461895e+00
1.949458079789905041e+00
3.026394893521997087e+00
8.409167415970033588e+00
1.515658435908543877e+00
2.499174360798603001e+00
2.883195649227729973e-01
2.255930612891547948e+00
2.538157792673975788e+00
3.510521386083996997e+00
1.438193188641311737e+00
1.028664685642079801e+00
1.601049477230873874e+00
2.837457158459765427e+00
4.161428952256138736e+00
3.553708645573010472e+00
2.014142338628573725e+00
2.540220857540752331e+00
9.370306640180862123e-01
3.377503281333817053e+00
1.179106740604953130e+00
8.005137077913957455e-01
1.734195920972523508e+00
2.517981575750312118e+00
3.105485641427966126e+00
6.589086850771832538e+00
3.075577366456565986e+00
6.039754737315463196e+00
5.922127898705578097e+00
6.966251359796363118e+00
1.867558138498845777e+00
5.987512205815713751e-01
1.943714430081437072e+00
3.106127478758614391e+00
4.932181370097264761e+00
2.108382890949231925e+00
7.334461421336774256e-01
1.183843552018836620e+00
3.065597333587282147e+00
2.518229620187154016e-01
2.372614808424936772e+00
6.712089763601672976e-01
1.565150981661103557e+00
3.107879503553903078e+00
4.228352946667221168e+00
1.733812066630517679e+00
4.464177939630419867e-01
2.271286179080126644e+00
3.309772683467800736e+00
1.178121143250085767e+00
6.084100343146483958e+00
3.292303582813822516e+00
4.412603124253761777e+00
7.991185804964665351e+00
6.650143630270676454e+00
2.725767704161685234e+00
7.985324397710916733e-01
2.019115525294099545e+00
4.521710544376536411e+00
1.672118809282179486e+00
