M5,53.72684000511224,27.354348922913655,18.91881107197411
M6,32.46994107344248,37.63755875984457,29.892500166712956
M7,54.641993679937535,45.358006320062465,0.0
M8,18.90918384733706,5.53374722912367,75.55706892353926
M9,95.0595765912266,1.6795681259924018,3.2608552827809962
M10,23.596414483498656,69.64030724413377,6.763278272367586
M4,20.948507277347932,18.98355109050691,60.067941632145164
M6,29.86451506623014,38.031811724624795,32.103673209145065
M7,53.57383667500673,46.42616332499326,7.105427357601002e-15
M8,17.580905646793525,5.182016442708592,77.23707791049789
M9,94.58228727498133,1.0168989720068553,4.400813753011819
M10,8.839072160231169,81.42436326508907,9.736564574679761
M4,24.319179780732526,17.873909786544562,57.806910432722916
M5,54.18867832859881,25.49302261858177,20.31829905281942
M7,54.92943911042015,45.07056088957991,-5.684341886080802e-14
M8,17.261247620567666,5.75671336517042,76.98203901426191
M9,94.83088624585851,1.4010592437817613,3.7680545103597307
M10,10.091970757142697,81.46384132391454,8.444187918942774
M4,15.767635852495717,23.018386669122634,61.21397747838165
M5,52.590670102649334,29.572788337905475,17.83654155944519
M6,30.413587376526625,38.678052150247794,30.908360473225585
M8,17.02924429986679,6.366572342127037,76.60418335800617
M9,93.27415484176151,3.0804313387378452,3.64541381950064
M10,10.632138303746764,80.85190088452262,8.515960811730622
M4,14.820829958166815,19.210757363152748,65.96841267868044
M5,52.823544571707565,29.07095062211046,18.105504806181976
M6,29.70428648370623,38.208121825514915,32.08759169077886
M7,50.76060491036153,49.23939508963848,-7.105427357601002e-15
M9,87.70093024162884,5.635033305005085,6.664036453366076
M10,4.5993537256212536,84.95898952054017,10.441656753838572
M4,23.11623095152475,20.062944819572,56.82082422890325
M5,53.85204816556709,28.95953001847618,17.18842181595673
M6,29.61074117608921,39.96905979016923,30.42019903374156
M7,48.121349712463484,51.79619660149313,0.08245368604338665
M8,15.991597326796592,7.96894970148324,76.03945297172017
M10,5.12828034103329,85.7872159909904,9.084503667976307
M4,24.7935071629015,20.47091997387575,54.73557286322274
M5,55.839322592125185,26.20938174725177,17.951295660623046
M6,35.034188581531794,34.869830154953604,30.095981263514602
M7,58.033328076632515,41.96667192336748,7.105427357601002e-15
M8,14.381959979278559,7.9292479963692655,77.68879202435217
M9,97.33454689304698,2.462679514030392e-14,2.665453106952999
M3,9.790170819384695,67.4750112449169,22.734817935698402
M6,26.93543421866163,36.88007924052722,36.18448654081115
M7,48.40370983492698,49.19790785268974,2.3983823123832835
M8,19.556752711911827,5.117842649334888,75.32540463875328
M9,89.27651003634445,5.9359931260271805,4.787496837628372
M10,11.477910260250242,81.73406482079463,6.788024918955131
M3,8.002657257280202,69.62768766248092,22.36965508023887
M5,48.361551816419485,28.3716562639666,23.266791919613915
M7,47.675415440479355,50.5454877660453,1.7790967934753468
M8,10.884636165446231,6.409654094505236,82.70570974004852
M9,90.63673078296759,4.471811396138448,4.8914578208939625
M10,13.480623344691447,79.13753416320448,7.38184249210407
M3,8.446201808081709,67.55675851820101,23.997039673717282
M5,51.5305179676046,27.20327117479038,21.266210857605017
M6,25.106097549539335,40.882907160254916,34.010995290205756
M8,13.431694412524449,6.003273102624649,80.5650324848509
M9,91.24016117616948,3.537429874655558,5.222408949174962
M10,18.808458836028798,71.98179330651662,9.209747857454587
M3,11.1424501610289,70.47728091051894,18.380268928452153
M5,53.82453690878856,28.37431411132485,17.80114897988659
M6,30.425888433697256,40.12717345439553,29.446938111907215
M7,49.625087851105334,50.37491214889467,-7.105427357601002e-15
M9,89.94915491163667,6.385239574702522,3.6656055136608092
M10,7.614146592771106,86.83277895863678,5.553074448592113
M3,11.650169240436373,69.10762434192588,19.242206417637746
M5,51.454790507803075,28.557710291554038,19.987499200642887
M6,29.961003706095205,39.40672068979413,30.632275604110674
M7,48.96823601353964,50.7417300973438,0.2900338891165646
M8,12.958767358039303,6.290238930849375,80.75099371111133
M10,7.956418405839097,83.9583119792655,8.085269614895395
M3,6.825476431849669,73.70561884049205,19.468904727658284
M5,52.34924698686468,30.100805877455343,17.54994713567998
M6,29.422297730309865,40.20037951112965,30.37732275856049
M7,47.76260105323675,51.454045686643525,0.7833532601197248
M8,16.546509921149223,7.254233367058984,76.19925671179179
M9,91.63257873316381,4.483487377393601,3.883933889442588
M3,10.874776533881406,69.00298716600078,20.12223630011782
M4,21.641646212726098,21.779647493199437,56.578706294074465
M7,51.0549112827019,48.91210448657195,0.03298423072615009
M8,12.258556602448365,7.540052436756018,80.20139096079562
M9,90.49922941076852,5.455100553471245,4.045670035760234
M10,13.128665605874197,78.56087653381066,8.31045786031514
M3,14.867032790981767,57.318540112848545,27.814427096169688
M4,19.56258395175526,21.50098052588851,58.936435522356234
M6,26.814325482750363,39.21862492763418,33.967049589615456
M8,11.75718969856523,7.346575566088706,80.89623473534607
M9,90.89101089814221,3.3348915990417765,5.77409750281601
M10,16.938326381054406,72.49258342150345,10.569090197442137
M3,10.977097679701693,68.78942343751478,20.233478882783515
M4,17.37654888181976,21.11197885407441,61.511472264105834
M6,34.135724410158645,34.24687793667639,31.617397653164964
M7,48.361988295226816,51.63801170477408,-8.952838470577262e-13
M9,99.6902174169636,0.10681718454737758,0.2029653984890169
M10,5.9754942467470045,83.8527814365871,10.171724316665902
M3,13.219413867563667,68.21264437442302,18.567941758013305
M4,24.738138858361918,20.09003201413888,55.171829127499194
M6,34.7666013504265,36.20492729986799,29.028471349705512
M7,48.454190579175695,50.972655008289024,0.5731544125352812
M8,14.556558335157048,6.495376742680723,78.94806492216223
M10,12.277217894291935,79.39469350499179,8.32808860071627
M3,14.25346760578407,68.09821793681297,17.64831445740296
M4,26.62884907697505,19.312462793216838,54.058688129808104
M6,34.86917016114847,34.96957145958951,30.161258379262016
M7,48.668515730256715,51.08948777143381,0.24199649830947578
M8,14.431644498306332,7.9395856386159585,77.62876986307772
M9,96.13924222822305,3.42025961154123e-14,3.8607577717769117
M3,11.382767992233152,77.3298708210183,11.28736118674854
M4,23.742421016345876,20.132011413103946,56.12556757055018
M5,50.54134426765964,30.7981412793774,18.66051445296296
M8,7.06348166797514,11.424615794942211,81.51190253708265
M9,90.44233681894478,4.807702538569208,4.749960642486011
M10,7.227161554755409,84.3217817476052,8.451056697639387
M3,8.826559158535096,69.32298446866646,21.850456372798448
M4,16.980395725817885,19.312880646636337,63.70672362754578
M5,56.863298831933115,29.383209071873836,13.75349209619305
M7,48.60722890089665,51.392771099103356,-7.105427357601002e-15
M9,84.59322214221925,6.264493424767007,9.142284433013746
M10,7.4953376523379545,86.78497513807085,5.7196872095912
M3,11.037417718758318,69.99862407562408,18.9639582056176
M4,23.789632593216602,20.070945723792597,56.13942168299081
M5,52.66738216094085,28.913024985716454,18.419592853342692
M7,46.338869643085616,51.874077860079225,1.7870524968351589
M8,12.517810261847133,7.683958348512588,79.79823138964028
M10,6.291953556435766,86.04745768440219,7.660588759162039
M3,10.80023440755794,69.8244667544654,19.375298837976658
M4,24.524743820666014,20.257943708663607,55.21731247067038
M5,53.70362669172184,29.104773605171605,17.191599703106558
M7,48.18392567267371,51.74786598936853,0.06820833795776338
M8,13.602500320560187,7.856653604711172,78.54084607472865
M9,89.10939282596941,6.678876245878714,4.211730928151878
M3,7.497226937917451,68.71500173313719,23.787771328945368
M4,17.368299438102515,19.575328468550087,63.056372093347406
M5,45.9273630385147,27.857955716725535,26.214681244759767
M6,21.502440211599964,39.299532101643415,39.198027686756625
M9,89.8756859291762,6.83950386825612,3.28481020256768
M10,6.790314167088607,85.99248116708621,7.217204665825179
M3,10.638802781836892,69.94753681741875,19.413660400744362
M4,23.741519965694952,20.068641471407947,56.18983856289711
M5,53.68845308297029,29.136425700336286,17.175121216693423
M6,29.70898467732503,39.98212495172637,30.308890370948596
M8,12.764046930933786,7.707671491703195,79.52828157736302
M10,5.68026733275226,85.39179136589074,8.927941301356995
M3,11.7806281945631,70.24124127535156,17.978130530085352
M4,24.97382825137415,20.314418136165465,54.71175361246038
M5,52.634803113118274,29.00852045834315,18.356676428538577
M6,29.17559162087847,39.804771112810464,31.019637266311072
M8,14.017069915599413,7.896942742015838,78.08598734238475
M9,88.60316137996178,6.588358892720787,4.808479727317438
M3,8.006594478084933,72.83229759480616,19.1611079271089
M4,24.10990965630229,18.35320862383668,57.53688171986103
M5,53.57573494338076,28.55678459659739,17.867480460021852
M6,28.429471841902043,42.235075969593545,29.335452188504412
M7,41.975074032527885,55.50936048005589,2.515565487416225
M10,11.50954108217241,79.13846742224278,9.351991495584812
M3,10.256805165417186,71.50979243054917,18.23340240403364
M4,16.483736532168955,20.382370249410158,63.13389321842088
M5,45.574144395962406,30.753693003776874,23.67216260026072
M6,18.186673023426643,39.63782521422952,42.17550176234384
M7,44.412779912691825,50.86937076008192,4.717849327226254
M9,89.31447758022635,1.8817198049182482,8.8038026148554
M3,12.017488015208546,70.00570780709755,17.976804177693907
M4,24.811903149634034,20.374288463954265,54.8138083864117
M5,53.281338043978764,29.239825447692578,17.47883650832866
M6,28.9715172126068,40.30122872309911,30.727254064294094
M7,47.97607212193832,52.00133242456636,0.022595453495320328
M8,14.45673952510638,7.821844918118052,77.72141555677557
M2,69.83730145556578,11.43543142871925,18.727267115714973
M6,22.7262078128547,37.217804611125246,40.05598757602006
M7,51.382210458932946,44.5793450801859,4.038444460881152
M8,12.886569762453911,4.463246362681315,82.65018387486477
M9,93.1684781796044,1.0253395723853584,5.806182248010235
M10,14.300454532014076,78.46355537938899,7.235990088596935
M2,64.36555353179774,18.981795269733635,16.65265119846862
M5,48.312827857744495,28.292277416876924,23.39489472537858
M7,47.57996905887701,50.20288080516125,2.217150135961738
M8,11.413525489075631,5.543771113385583,83.04270339753879
M9,86.61461109075132,11.450797937209982,1.9345909720386931
M10,13.214854536626328,79.65851126810452,7.126634195269148
M2,63.76615586213929,13.008993429329454,23.224850708531253
M5,48.67029720561093,28.763202641219173,22.566500153169898
M6,28.010427451663546,37.79889880021266,34.19067374812379
M8,12.072958987055591,5.238573096386274,82.68846791655814
M9,91.97477893869507,2.830800058626585,5.194421002678348
M10,14.999108296434748,77.12087313293807,7.880018570627186
M2,71.00324421700653,13.958660290710116,15.03809549228336
M5,59.76892104660506,28.60027825960808,11.630800693786863
M6,29.654872308488425,38.4612296639717,31.88389802753988
M7,50.6327434492617,49.367256550738304,-7.105427357601002e-15
M9,90.61484179496155,6.268261238384086,3.116896966654365
M10,7.114771409792009,85.38354573208211,7.501682858125875
M2,68.99546396631554,16.976342392165673,14.028193641518786
M5,53.18518643351735,28.745681158541206,18.069132407941442
M6,30.471597441150088,38.95813982962963,30.570262729220275
M7,50.40370077534548,49.52210458301811,0.0741946416364101
M8,17.65891971262044,5.240633492374669,77.10044679500488
M10,12.642826530392988,79.06031993617525,8.296853533431758
M2,70.52671447088704,16.04377757238751,13.429507956725448
M5,48.809940706194624,29.140475072952718,22.04958422085266
M6,29.700019972959932,40.146034787753,30.15394523928706
M7,50.24106009399344,49.340064671028834,0.41887523497772605
M8,18.579883332023513,5.215470311371686,76.2046463566048
M9,90.79580546625063,4.9977966592305005,4.206397874518872
M2,72.32734681276484,16.722829275856547,10.949823911378608
M4,15.574947964494653,22.72250584320053,61.702546192304816
M7,47.992573812226134,46.19798514764037,5.8094410401335
M8,11.41862357858179,4.866041580621347,83.71533484079687
M9,89.51043992117272,1.0449824476648426,9.444577631162439
M10,3.5267871743108157,83.18736630776948,13.285846517919708
M2,68.01807315735677,17.018473574050518,14.963453268592716
M4,20.126913003589,17.787574293160056,62.08551270325095
M6,31.2694573570358,35.08923485191005,33.641307791054146
M8,12.549781028177128,7.100014912618184,80.3502040592047
M9,89.55238633703266,2.815122981397676,7.632490681569665
M10,9.089875593805383,81.25552599697754,9.654598409217073
M2,70.1206149938145,16.918430914683135,12.960954091502366
M4,23.058459169655897,20.12301787135684,56.81852295898727
M6,23.022764271074006,41.517709646313904,35.459526082612086
M7,48.53625176887679,51.10226305487427,0.36148517624894083
M9,81.2399851469121,10.146366612621803,8.613648240466093
M10,7.563780014877228,78.31521481163229,14.121005173490488
M2,67.42065023495451,16.551178097661627,16.028171667383866
M4,24.301240070201402,19.85991889004003,55.83884103975856
M6,27.408935571694897,41.16249517051092,31.42856925779418
M7,47.22126587952937,52.13850899632013,0.6402251241505041
M8,16.545290191755626,5.539861159952009,77.91484864829236
M10,9.45466044941476,81.73951296086192,8.805826589723324
M2,69.49087092981311,15.927012154525979,14.582116915660908
M4,21.959635781373013,21.279536974140242,56.76082724448675
M6,26.308632912236327,42.440494424799105,31.25087266296456
M7,48.650213247258435,51.34978675274156,7.105427357601002e-15
M8,13.377349617193238,9.025370813449307,77.59727956935745
M9,93.61187621154812,2.3883177621332887,3.9998060263185895
M2,71.10516364551184,19.31221783902295,9.582618515465214
M4,14.599590455755736,23.69507700001062,61.70533254423365
M5,50.86128939626521,30.508299208885095,18.6304113948497
M8,9.083761472845405,6.329111128603569,84.58712739855102
M9,90.77478947964259,3.4190067279898537,5.806203792367554
M10,7.091539464892155,84.56475238663556,8.343708148472288
M2,63.330679034966515,19.454594437772908,17.214726527260577
M4,14.372281802023425,23.144626758696482,62.483091439280095
M5,52.00918701106297,28.91940951558859,19.07140347334844
M7,45.1643863265638,52.637161558397736,2.1984521150384637
M9,89.41180954789948,6.292514354085848,4.295676098014671
M10,14.440215646428046,77.24043355535392,8.31935079821804
M2,68.11152477587409,16.709861798467863,15.17861342565805
M4,22.34441012788997,19.974727044209693,57.680862827900334
M5,52.53821280278436,26.779485742887385,20.682301454328258
M7,44.77417460919677,54.74175269113911,0.48407269966411803
M8,16.965782174964083,6.229643677196525,76.80457414783939
M10,2.14372355311349,85.48056212419793,12.37571432268858
M2,67.95444416540302,16.265732426354063,15.779823408242919
M4,16.1056205774983,20.55608705319417,63.33829236930753
M5,51.45829278053129,28.735628129326408,19.806079090142305
M7,47.18213124461001,52.135151847265504,0.6827169081244833
M8,10.982178153017255,7.57454269710634,81.4432791498764
M9,88.4798329002759,6.539653695191524,4.980513404532581
M2,68.72868182424142,15.442553751467944,15.828764424290636
M4,21.53624327958525,20.308678133683248,58.155078586731506
M5,52.75334971102315,29.266184142402302,17.98046614657455
M6,25.464749295029645,40.11827726729357,34.41697343767678
M9,87.02742702459587,6.49347501321881,6.479097962185324
M10,6.043087737132329,84.44869445950239,9.508217803365284
M2,67.73764937810068,16.695409974997833,15.566940646901482
M4,22.603396792578287,19.744085876024435,57.652517331397284
M5,52.392625572011184,26.649511086040256,20.95786334194856
M6,28.841421069504182,39.71193256133028,31.446646369165542
M8,14.256169663390915,5.734913403369994,80.00891693323908
M10,3.839655637260835,86.76093165347247,9.399412709266699
M2,69.05874646821269,15.066565683951444,15.874687847835867
M4,23.389769808629264,20.17926203309305,56.43096815827768
M5,52.190979142468905,28.897278922207935,18.91174193532316
M6,28.627981807286613,39.733551965696556,31.638466227016828
M8,13.749310704380127,7.7357505885234925,78.51493870709639
M9,89.61167563079857,6.64600513536734,3.7423192338340874
M2,66.82032989704898,14.55862441661337,18.621045686337652
M4,25.50634709172971,20.6823386299368,53.81131427833349
M5,53.40244903462952,29.072222814587157,17.525328150783324
M6,31.148427870115658,38.71393539194667,30.137636737937676
M7,48.28125828336792,51.390980914405766,0.3277608022263152
M10,5.367543897699754,85.58787710653249,9.04457899576775
M2,71.11914948760885,14.805175627098288,14.07567488529286
M4,23.295095422731457,20.309554496721066,56.39535008054747
M5,54.06380053366587,28.822304728733524,17.113894737600607
M6,29.512026545268867,39.976861986659216,30.511111468071917
M7,48.87632828020756,51.12367171979243,7.105427357601002e-15
M9,90.18060853254514,6.592424697717994,3.22696676973687
M2,71.83695600631144,14.291021906568085,13.872022087120476
M4,26.642032538403583,18.650921822241227,54.70704563935519
M5,52.34839235736319,29.35916002725947,18.29244761537734
M6,30.53552105111334,38.270336717579156,31.19414223130751
M7,49.87688727627162,50.12311272372838,0.0
M8,17.132655741975555,4.996075240918161,77.87126901710629
M2,64.37192596063045,18.581995045546766,17.046078993822785
M3,7.688408262015106,66.60576481045422,25.70582692753068
M7,47.23743475243784,49.15093923679577,3.6116260107663862
M8,6.669773004113714,7.922186195182381,85.40804080070392
M9,78.30807485989976,6.391102446843903,15.300822693256336
M10,5.797195607339616,84.36072089023139,9.842083502428991
M2,66.2659916691296,16.834838762401926,16.89916956846847
M3,9.242611868975889,68.20303601557724,22.554352115446875
M6,21.17372405217865,41.12025699655905,37.70601895126231
M8,11.605048586049838,6.348209680824209,82.04674173312596
M9,86.29360824073277,9.221545290144828,4.484846469122406
M10,10.697266163344256,82.68336089339685,6.619372943258895
M2,70.22253371314605,16.74178521290961,13.035681073944343
M3,11.269237784701913,69.73442360102057,18.99633861427752
M6,31.805079731283076,38.35559575283385,29.839324515883078
M7,49.19305085014957,50.505098947801564,0.30185020204886825
M9,87.8807317591138,6.192986252328779,5.926281988557421
M10,2.5132857619666553,84.22845937085587,13.25825486717747
M2,67.6989215667479,16.192840866697306,16.108237566554795
M3,11.720057356214998,69.06936489124695,19.210577752538057
M6,26.975952416736217,40.99115622961602,32.03289135364776
M7,49.23901681531471,50.424927565704934,0.3360556189803532
M8,12.787377650749086,6.6201754589013975,80.59244689034952
M10,9.184448959365788,82.87187829104776,7.94367274958644
M2,64.8801866224073,19.370745566217053,15.749067811375653
M3,7.517420221127685,71.2922853727172,21.190294406155118
M6,22.52138796496314,44.77981106244753,32.69880097258933
M7,47.401572633789904,50.608014274953916,1.9904130912561797
M8,8.163439211481553,12.00049405193059,79.83606673658787
M9,90.9119587360262,4.750163463152389,4.337877800821418
M2,65.39318992683417,16.8525355404485,17.754274532717332
M3,2.4282771733990685,78.89720305290496,18.674519773695977
M5,46.477444295139286,30.985455669700453,22.53710003516026
M8,8.08867432470517,10.90948598850008,81.00183968679475
M9,91.60515516766488,2.727755355603619,5.667089476731505
M10,18.49986401757792,70.62470183195725,10.875434150464827
M2,67.71940876023093,14.41612400588127,17.864467233887794
M3,9.154589774439774,69.067560513938,21.777849711622224
M5,48.027175269466845,30.107686960487932,21.865137770045223
M7,46.77415242565032,50.898218146807565,2.3276294275421137
M9,89.55270685763442,6.675675038675577,3.7716181036900034
M10,10.583334063576324,84.1344570674228,5.282208869000868
M2,64.79845579706782,17.22087206269354,17.980672140238642
M3,12.126256358688591,68.37258528727037,19.50115835404104
M5,51.047664342377765,29.570787811507554,19.38154784611468
M7,45.12526734225997,53.021930604565995,1.8528020531740381
M8,10.649040794658065,6.625395649539021,82.72556355580292
M10,11.415099422324946,82.46844588318689,6.116454694488169
M2,64.7722862183589,17.36536402779364,17.86234975384746
M3,9.092968447253355,67.86253642130629,23.044495131440357
M5,46.78711252245282,30.139609570250613,23.073277907296564
M7,46.366318086583384,51.29149693996219,2.3421849734544296
M8,10.857030019400955,6.303840333116222,82.83912964748282
M9,87.47488332220661,9.622242733880066,2.9028739439133258
M2,69.8908946896723,14.15283869820013,15.956266612127576
M3,10.333395993311893,71.30911726334406,18.35748674334404
M5,52.4536588784842,29.314058230687518,18.232282890828284
M6,27.819689860222145,39.26377092787495,32.91653921190291
M9,88.97013105541771,3.023752435053766,8.006116509528525
M10,7.704617320816128,83.69179606692207,8.603586612261807
M2,66.22395943566566,17.072205876567043,16.703834687767294
M3,13.214390572695006,69.2460601566704,17.539549270634595
M5,55.98810225466181,27.346409054766127,16.66548869057206
M6,29.047446288902943,40.55981100247507,30.39274270862198
M8,11.938332458781387,7.53603882585686,80.52562871536175
M10,7.74207710299632,83.9772158163618,8.280707080641875
M2,66.99581799658762,17.741987238989832,15.26219476442255
M3,6.718774258886694,73.86156027842019,19.419665462693118
M5,49.830304079891,31.4902969185935,18.6793990015155
M6,25.05373711079151,43.49761022942552,31.44865265978298
M8,7.980780555447475,12.708856241422376,79.31036320313014
M9,89.71818414621863,7.099548032988895,3.1822678207924726
M2,66.07765338134712,15.688415405774771,18.23393121287811
M3,11.294978994469488,72.70883401743038,15.996186988100135
M5,55.103957133188665,26.493571286422874,18.40247158038846
M6,31.584885452773367,37.81672335877985,30.598391188446783
M7,49.86195576427207,46.83481269878534,3.30323153694259
M10,11.059710669397026,68.40514311477509,20.535146215827893
M2,68.70972921860604,13.978094879136622,17.312175902257337
M3,11.398902636512311,70.77124251480588,17.82985484868182
M5,40.4500211260149,26.57636125496132,32.97361761902378
M6,26.60393363267163,39.55063380610676,33.845432561221614
M7,46.8238436620544,49.18764584447567,3.9885104934699314
M9,87.41734120264186,6.011412905406961,6.5712458919511745
M2,70.52364747950996,14.57628736556337,14.900065154926668
M3,10.665715150426292,70.16857826804592,19.165706581527786
M5,52.749962618144835,28.41569675907265,18.834340622782516
M6,29.337059808082646,39.92197828275391,30.740961909163445
M7,48.77496692334679,50.64540583019854,0.5796272464546703
M8,12.107214460831985,7.969441232243198,79.92334430692482
M2,72.34917632649677,18.218018921019347,9.432804752483879
M3,13.723165687728551,75.15903078763016,11.117803524641289
M4,19.84260613502301,26.245873127895877,53.91152073708112
M8,7.36406797343682,5.059926069241096,87.57600595732208
M9,89.40879597522954,8.0376186782378e-12,10.591204024762424
M10,11.263286176732413,76.12219391682399,12.614519906443604
M2,67.63019818682257,14.459951294190464,17.909850518986968
M3,15.495146861007695,71.35535626367859,13.149496875313716
M4,17.619466406741466,19.20546510440599,63.175068488852546
M7,48.958585637306065,51.041414362693935,0.0
M9,91.320049124146,1.7575112543619311,6.922439621492073
M10,1.884347574834641e-13,81.49390013634427,18.50609986365555
M2,69.31346042815096,16.07184208241766,14.614697489431379
M3,13.992731090808428,67.65987583333239,18.347393075859173
M4,23.36290573443044,20.658394100487385,55.978700165082174
M7,46.311689604135104,52.386891473723374,1.3014189221415222
M8,10.253729959426158,10.03849531466648,79.70777472590737
M10,11.51037253587981,77.39248958462792,11.097137879492266
M2,66.17765295885901,17.232969329096914,16.589377712044072
M3,12.833319995137071,67.99349911837795,19.17318088648497
M4,23.803351619477237,19.525875804487953,56.67077257603481
M7,48.2283299821546,51.58167770891722,0.18999230892818275
M8,11.35308938611425,6.186786441749168,82.46012417213659
M9,75.67165851031108,7.371977073560684,16.95636441612824
M2,65.91929274256401,14.695346769979201,19.385360487456786
M3,9.178517734415367,69.23257439621548,21.58890786936915
M4,20.69696633518446,21.240382317309315,58.06265134750623
M6,22.48512428563957,41.29903848854015,36.21583722582028
M9,85.29559939398781,9.289420490730302,5.4149801152818835
M10,5.017775350688713,86.62713583703169,8.355088812279604
M2,72.14270398810284,14.305300080065237,13.551995931831925
M3,14.420769291215032,70.54888583960579,15.030344869179174
M4,24.76921341469247,20.27732181088085,54.95346477442668
M6,22.29168025618842,38.171845513806964,39.53647423000462
M8,10.288352947890145,5.6478609578505505,84.0637860942593
M10,7.8807449666427045,85.82458545723586,6.294669576121436
M2,70.75859716763392,15.567350975104041,13.674051857262036
M3,12.691943084759362,69.4257052508759,17.882351664364748
M4,23.583084534262383,21.846028887404373,54.570886578333244
M6,26.774769768981514,42.07847061190048,31.146759619118008
M8,13.562107627348945,8.534838210671861,77.90305416197918
M9,89.83807028726736,5.612298063086416,4.549631649646227
M2,69.05989366966143,17.060274631493744,13.879831698844821
M3,1.0300066284692726,73.0977116317068,25.872281739823933
M4,24.940722011635344,21.55773800460753,53.50153998375713
M6,28.96837718507525,40.61311852881922,30.418504286105524
M7,44.63768405744416,54.56954227952193,0.7927736630339055
M10,4.151993847036871,87.12449913975418,8.723507013208945
M2,71.22281803447898,14.811776629817647,13.965405335703377
M3,4.601889195645539,68.3120767280029,27.086034076351552
M4,24.154291158154546,20.437905416622755,55.407803425222696
M6,28.557257572383733,40.10702939971019,31.335713027906074
M7,48.89685781944951,51.103142180550485,7.105427357601002e-15
M9,89.83229244990656,6.560778917426475,3.606928632666964
M2,71.3693247806071,14.892105514352302,13.738569705040597
M3,11.882574028490794,70.385042601689,17.732383369820212
M4,26.121926963911374,20.629607371607875,53.24846566448075
M6,30.306481820852,40.10361667731203,29.589901501835968
M7,48.700067791847786,51.299932208152214,0.0
M8,14.500817139998725,8.06562507732875,77.43355778267252
M2,61.20921929885941,22.826561051002773,15.964219650137817
M3,1.2215407424799534,81.65871658602562,17.11974267149442
M4,15.679557830685445,20.908930764961806,63.41151140435275
M5,55.27739634086021,30.82478483732285,13.897818821816944
M9,87.82138626592365,8.88983212977182,3.28878160430453
M10,3.517624841697018,78.8088743508159,17.673500807487088
M2,69.57546105280727,15.081098803092457,15.343440144100272
M3,10.720662865835873,69.63327656157578,19.64606057258834
M4,24.736910037415328,20.162633528645785,55.10045643393889
M5,52.891611685584714,29.16439792835516,17.943990386060126
M8,11.75754014308022,7.558725361749395,80.68373449517038
M10,5.119856916181075,85.66217735621241,9.217965727606511
M2,67.72948656890549,16.708025560359815,15.5624878707347
M3,10.23555999266459,70.03546152100033,19.72897848633508
M4,23.110155747653394,20.009407896100193,56.88043635624641
M5,53.14897677550508,29.003624150875417,17.8473990736195
M8,9.704297912432306,4.921633630178904,85.37406845738879
M9,89.62489098486232,6.736956711569653,3.6381523035680283
M2,66.22818100354486,14.0006845158242,19.771134480630938
M3,8.662529634419798,68.99811286178267,22.33935750379753
M4,23.62867437237352,20.450156660626757,55.921168966999716
M5,45.25487691753661,31.83545222661472,22.909670855848667
M7,44.295292557631136,53.35522890624165,2.349478536127215
M10,0.8680558786463202,88.17492998001397,10.957014141339712
M2,63.15658486701082,19.573581966066907,17.26983316692227
M3,12.518344230760755,69.75578253968513,17.72587322955411
M4,23.321414104134135,21.96509629543577,54.713489600430094
M5,43.30297629414672,35.46757830376589,21.229445402087393
M7,43.423845609163564,55.33242902680878,1.2437253640276538
M9,88.34946035799979,7.989817264833505,3.6607223771667066
M2,68.719138032803,17.10910500426525,14.171756962931749
M3,3.6076214899826153,77.51840568716581,18.87397282285157
M4,25.124081237271422,19.833938726799676,55.0419800359289
M5,50.06591848453537,31.087379490981434,18.846702024483193
M7,44.9509918181452,54.50206434260355,0.5469438392512487
M8,15.852306032627292,5.788146218885258,78.35954774848744
M2,68.9941089532248,18.046577429234578,12.959313617540626
M3,14.220405521163034,71.02279474965033,14.756799729186639
M4,24.796873296031062,22.989277028864393,52.21384967510454
M5,49.80344995368291,31.417260674722886,18.779289371594206
M6,24.58658202287651,43.339213911146636,32.07420406597685
M10,9.5825271257702,81.4547692502709,8.962703623958902
M2,72.82205086654122,15.381060134687562,11.79688899877122
M3,8.590060954641865,74.24909456954148,17.160844475816646
M4,20.7727783899938,24.727023389337106,54.50019822066909
M5,42.77454925464663,35.44111323435848,21.784337510994888
M6,22.088470736205366,44.759088577130484,33.15244068666415
M9,84.77441337673226,8.899212835382981,6.326373787884764
M2,67.89548610858405,17.139401039189828,14.96511285222612
M3,26.26866683650865,59.27318979161253,14.458143371878812
M4,25.37543121687321,19.77605292159327,54.84851586153352
M5,51.29847693073752,30.568859703207515,18.132663366054963
M6,26.80656187331258,41.71899132230373,31.474446804383696
M8,16.466009326637664,6.237825958715728,77.29616471464661
M2,70.63626045696674,14.012814667247946,15.350924875785315
M3,12.463701593862396,70.66643963342013,16.86985877271748
M4,24.205456251634285,21.235320095665482,54.559223652700226
M5,52.19759738074439,29.729818554519408,18.0725840647362
M6,27.103833688207587,41.471370825028,31.42479548676441
M7,50.43126388097557,48.96970072286228,0.5990353961621508
M1,41.2200858620866,30.471277294890367,28.308636843023034
M6,28.93785334865373,39.592692175176325,31.469454476169943
M7,52.363894925833115,47.245213592818764,0.39089148134812035
M8,14.627618665295701,6.002384863382983,79.36999647132131
M9,86.90366932250004,8.658360893499102,4.437969784000861
M10,9.46151422294173,82.36782626005827,8.170659517000004
M1,35.98550823093096,32.05068546367666,31.96380630539238
M5,57.46322549099363,24.010991093475738,18.525783415530633
M7,56.491304433936264,43.50869556606373,7.105427357601002e-15
M8,17.178153809046513,4.47025119628564,78.35159499466785
M9,92.97107704318492,4.4595031995170435,2.5694197572980366
M10,11.813822585201384,81.13348660636227,7.052690808436353
M1,36.63842039090112,30.706053852889692,32.65552575620919
M5,52.97220995211793,24.60495061567682,22.42283943220525
M6,32.826443854692066,39.076943620108345,28.096612525199596
M8,13.470141424811816,5.461034882189958,81.06882369299822
M9,88.70961812650427,8.958308946524445,2.3320729269712874
M10,9.099360666828094,87.37739565663449,3.523243676537419
M1,34.36067326553591,32.9870127183105,32.65231401615359
M5,55.33593815192673,26.43615040523143,18.227911442841837
M6,25.86681003974083,38.0054377442649,36.12775221599427
M7,49.361464620192436,48.0550089162879,2.583526463519661
M9,89.69489360320557,5.833270321205837,4.471836075588592
M10,7.946786153674014,86.90271418625927,5.150499660066714
M1,35.048508846436505,32.99470833386702,31.95678281969648
M5,55.18806131619902,27.883114504229173,16.92882417957181
M6,32.36024138856095,39.39285701430608,28.246901597132968
M7,47.6097218913234,48.27139151979638,4.1188865888802155
M8,19.428426674863715,8.452075150239454,72.11949817489683
M10,3.1991533221581125,85.40408835146938,11.396758326372506
M1,33.108412504439784,36.75933105274344,30.132256442816775
M5,58.50531412824815,23.230620061831782,18.264065809920066
M6,35.755439513577585,34.23174137490032,30.0128191115221
M7,58.209209820736284,41.79079017926372,-7.105427357601002e-15
M8,24.83370578276449,0.09154974329616576,75.07474447393933
M9,87.22208598914898,8.404451962713068,4.373462048137952
M1,35.6857872578542,34.882501367561744,29.431711374584054
M4,18.480803577065355,19.98366151484471,61.53553490808993
M7,51.45470997790188,48.54529002209813,-7.105427357601002e-15
M8,18.136505536761337,4.1271405026114705,77.7363539606272
M9,91.75308613782201,4.538243587055505,3.7086702751224854
M10,44.32418662796621,52.63958206784913,3.0362313041846534
M1,35.64261486794416,34.33118881339751,30.02619631865833
M4,17.567109388725562,23.394603278988292,59.03828733228615
M6,28.5155161313055,38.748807931634026,32.73567593706047
M8,17.985649876289802,2.530724934350627,79.48362518935957
M9,95.944706359261,0.838398779143338,3.216894861595657
M10,23.12788501216773,69.84811846635385,7.0239965214784235
M1,35.49194524327248,33.12683652222162,31.381218234505894
M4,25.463621426218307,20.60635643392374,53.930022139857954
M6,27.700843392185284,41.9129495614793,30.38620704633542
M7,47.47000789503728,50.17921516529174,2.350776939670986
M9,87.23158859819607,5.93029904063176,6.838112361172171
M10,5.376980627034809,84.04871001211434,10.574309360850847
M1,37.664994846887204,32.53097880508448,29.804026348028316
M4,25.475747452841,20.86116908888938,53.66308345826961
M6,29.756748378965188,39.98068586948713,30.262565751547683
M7,48.39585578151305,51.34559131147268,0.2585529070142698
M8,17.545095027342235,5.371472105791293,77.08343286686647
M10,15.214614437381938,76.6552331562436,8.130152406374464
M1,35.88237552191356,34.5898920220519,29.527732456034542
M4,26.428123616846953,19.904298364785934,53.66757801836711
M6,30.733515227792047,38.976888402151054,30.28959637005689
M7,53.59465976281154,46.40534023718846,0.0
M8,22.90430632167655,3.2152952515926305,73.8803984267308
M9,96.80065710361991,0.7292119725427577,2.4701309238373304
M1,38.4787313907842,32.45730893512439,29.063959674091414
M4,14.251593605598185,25.010308390991874,60.73809800340994
M5,51.86365459902516,29.462968795459425,18.673376605515415
M8,13.917228923921526,7.4429645050073345,78.63980657107113
M9,95.67208023221232,0.5961381017894617,3.731781665998215
M10,13.4940268279101,78.04526907209788,8.460704099992014
M1,34.80920991347682,34.890096669122784,30.300693417400396
M4,18.935152963815135,22.184964739064363,58.879882297120496
M5,54.03259744171654,28.614009520963695,17.353393037319766
M7,50.24972436524104,49.75027563475896,0.0
M9,86.01020316642469,5.523334261109704,8.466462572465609
M10,16.302467625981148,73.03915387236918,10.658378501649665
M1,33.824474531464354,34.72664675975912,31.448878708776533
M4,20.973093273220094,21.42827836045866,57.59862836632125
M5,51.26744239925108,28.97593303594934,19.75662456479958
M7,45.38878486398417,53.66975490835851,0.9414602276573163
M8,13.023901960804261,6.656042705858356,80.32005533333738
M10,6.851012161992266,83.89818585398736,9.250801984020384
M1,34.83188562461437,34.99143468964821,30.17667968573742
M4,24.24717033895067,20.934100545430944,54.81872911561839
M5,52.623073604072715,28.974223905048845,18.40270249087844
M7,47.42070885158111,52.32388605030366,0.2554050981152258
M8,13.962439108524254,7.888483003089802,78.14907788838595
M9,88.4401773775759,6.692270925910206,4.867551696513887
M1,36.357210820393725,34.45204495516911,29.190744224437168
M4,30.5772695799984,27.290833881132592,42.13189653886901
M5,43.43430913053673,40.65325641127319,15.912434458190077
M6,20.909473794190458,44.67711336913652,34.41341283667302
M9,92.31907501172567,3.095801340583971,4.585123647690356
M10,18.55822280202278,72.50508065402977,8.936696543947448
M1,34.53577064921897,33.90752947753519,31.556699873245847
M4,22.75351803658909,20.32562502457608,56.92085693883483
M5,52.39561951502561,29.068130688258695,18.536249796715698
M6,27.435422899503425,39.85979883583894,32.70477826465764
M8,12.28813699394631,7.899876773349148,79.81198623270454
M10,6.164245884627542,86.48349012828652,7.352263987085934
M1,34.727322464852826,34.89930039690892,30.37337713823826
M4,23.99128344602278,21.39178112952031,54.61693542445691
M5,54.260000023198444,28.204723132027777,17.53527684477378
M6,30.410323652717416,39.66125311383722,29.928423233445372
M8,20.578772144457886,2.2418068599932743,77.17942099554884
M9,87.11309004926913,8.692371185845195,4.194538764885673
M1,38.45122561402492,35.624694488527275,25.924079897447804
M4,36.338800791280875,23.71859183757586,39.94260737114327
M5,55.131383509743685,29.755051156919393,15.113565333336922
M6,25.603418156710248,40.92130705564499,33.475274787644764
M7,48.40597436548403,51.47040797435107,0.1236176601649035
M10,7.833210276951268,86.9732452795178,5.193544443530939
M1,35.78186854161105,34.17066728318488,30.04746417520407
M4,22.197785938977443,17.351058693343592,60.451155367678965
M5,53.36952155618264,25.76107515760555,20.86940328621181
M6,21.447823994474067,43.96030727698617,34.591868728539765
M7,48.56590889927505,49.49300258891702,1.9410885118079264
M9,70.93544418503888,6.056131358229193,23.00842445673193
M1,34.51568196591125,33.60823386738043,31.876084166708317
M4,25.096598073045456,20.62873734449969,54.274664582454854
M5,54.20403624673318,28.677150901250144,17.118812852016674
M6,30.531444669325868,39.53328207655664,29.935273254117497
M7,48.97698193698041,50.80758259076971,0.21543547224987947
M8,14.964402897974765,8.069416881434023,76.96618022059121
M1,31.57411222701002,35.27436000831995,33.15152776467003
M3,7.66937772725317,67.66251404686939,24.668108225877447
M7,47.23547611901203,49.83283734787038,2.931686533117592
M8,6.000404833878334,7.200609532887081,86.79898563323458
M9,83.49335789549123,9.729793131278797,6.776848973229974
M10,4.899801188081107,83.04427359108836,12.055925220830531
M1,33.74388237006798,34.96778837848021,31.288329251451813
M3,13.87740220795189,65.90908455761935,20.21351323442876
M6,32.48785706276754,39.554631608752665,27.95751132847979
M8,12.753633337648733,7.5989371761542195,79.64742948619704
M9,90.01064226379239,5.867481919965021,4.1218758162425875
M10,9.587024629089463,85.28680169664398,5.126173674266568
M1,32.07776861162608,36.53377282959388,31.388458558780037
M3,7.184739804481883,72.60311529968531,20.212144895832807
M6,25.094411274709177,37.47214578136599,37.43344294392484
M7,50.94082583985594,44.58992313684021,4.469251023303848
M9,85.74374166595986,11.303293074418232,2.9529652596219087
M10,9.009881336217873,82.52702505079405,8.463093612988075
M1,33.17954547282541,35.78188319935748,31.03857132781711
M3,10.587389441521035,72.13299718447482,17.279613374004143
M6,33.007152865984104,38.402109328270214,28.59073780574569
M7,48.08505419886705,48.71187689341381,3.2030689077191425
M8,21.322205246397314,5.36128566690474,73.31650908669795
M10,6.662858771613735,83.10329175886804,10.23384946951822
M1,35.38064242529416,32.01724723384675,32.60211034085909
M3,11.064309942523264,71.19987265967531,17.735817397801426
M6,33.006654951414134,38.75214415031234,28.241200898273526
M7,49.25347043458838,49.419280946174894,1.3272486192367268
M8,20.79098830233154,6.515345528691114,72.69366616897734
M9,87.48960333396131,8.260134394787626,4.250262271251062
M1,31.630939678717994,35.12692032893457,33.24213999234744
M3,8.45318971806148,70.87095051853898,20.675859763399544
M5,50.84169204349452,30.70667250575312,18.451635450752363
M8,7.499965211728252,10.271395355779438,82.22863943249232
M9,92.91624500124203,5.4133149148547455,1.6704400839032223
M10,12.015624054439238,81.01953310405332,6.9648428415074335
M1,34.46962761093863,33.08169608540691,32.44867630365446
M3,10.718101718322051,70.6402929056198,18.641605376058152
M5,54.381434830855895,27.80155242792349,17.817012741220616
M7,47.366506436653914,48.85554830913137,3.777945254214714
M9,84.4710094444053,5.838410354444822,9.690580201149881
M10,5.041213604462006,85.62882427507263,9.329962120465368
M1,36.59738221017474,33.94742914101148,29.455188648813774
M3,10.88947004681532,70.28135547535783,18.829174477826854
M5,53.15334876024448,28.634477842982626,18.212173396772897
M7,48.806403853400454,50.96833005757946,0.2252660890200886
M8,14.797907268127158,8.210601514221304,76.99149121765153
M10,5.617842468803565,86.18968451388294,8.192473017313503
M1,34.81282192559856,35.58043211169311,29.606745962708317
M3,17.341685367285493,65.89482975242021,16.7634848802943
M5,54.01652383644721,29.026573161404738,16.95690300214805
M7,49.09298657683272,50.48016382490485,0.42684959826242874
M8,8.567701830867781,11.90693586593055,79.52536230320167
M9,97.51139128057409,0.15635305495959506,2.3322556644663166
M1,33.843770714832,35.86840125818579,30.287828026982204
M3,8.395652188899797,72.86802720758058,18.736320603519616
M5,50.985816739560086,27.563566330052453,21.45061693038746
M6,22.914594147318933,41.14411537365917,35.941290479021895
M9,87.57351619856107,10.096268742229613,2.330215059209321
M10,9.061810285589162,87.23228614309099,3.705903571319851
M1,33.88422729658381,33.71693201586475,32.398840687551434
M3,10.409827248258456,72.67474958625222,16.91542316548933
M5,54.74517938317306,27.31528003261352,17.93954058421342
M6,31.14973718384703,41.27223167550772,27.578031140645244
M8,15.478903557735524,7.927551190129808,76.59354525213467
M10,7.733265048527208,85.14205691235439,7.124678039118393
M1,35.31352138436739,31.77036327854389,32.91611533708872
M3,10.739194513985518,71.88007596440373,17.380729521610746
M5,53.691245420304824,30.942013438607148,15.366741141088028
M6,32.34138239309312,39.75496056639224,27.903657040514645
M8,19.91235180136223,7.947268953324926,72.14037924531284
M9,87.7171470789698,5.950763747676354,6.332089173353844
M1,32.30740229940198,38.274632932625494,29.41796476797252
M3,7.612322758269097,74.18081601409273,18.20686122763817
M5,50.54105047853551,28.173905537410565,21.285043984053925
M6,35.19501959485986,38.39581832246505,26.409162082675095
M7,46.21657915801097,51.08440008813811,2.6990207538509168
M10,12.164262661712698,82.25413247047173,5.581604867815571
M1,33.779233818816806,35.969932983243126,30.250833197940068
M3,8.510509641561764,72.67014015456287,18.81935020387536
M5,48.795149035327526,30.98727197127262,20.217578993399854
M6,22.864410720989614,41.24748510402514,35.88810417498525
M7,46.8409266271931,50.22545747603324,2.9336158967736594
M9,93.21913239558909,1.5869955273157268,5.193872077095188
M1,35.55251816341768,30.53372407494429,33.913757761638024
M3,11.643264735518203,70.31297014197273,18.043765122509072
M5,55.22069766339729,26.424524041010347,18.354778295592364
M6,31.416985582860356,40.770570416640446,27.812444000499205
M7,48.50206147250017,51.497938527499834,-7.105427357601002e-15
M8,15.919449778254178,8.931617835818393,75.14893238592742
M1,37.59671238048856,32.48194863280387,29.921338986707568
M3,12.895308816157957,68.01619101626497,19.08850016757708
M4,20.91387354994415,21.11854475678645,57.967581693269395
M8,12.687303783624364,5.807945744681666,81.50475047169398
M9,97.02880978693929,0.0,2.9711902130607086
M10,23.75513184119866,68.42674191275525,7.818126246046091
M1,34.544651808935676,33.33508817339476,32.12026001766957
M3,11.982145764914273,68.64452412694045,19.373330108145268
M4,17.76487008922899,21.084403972734858,61.150725938036146
M7,51.28005891121396,48.71994108878603,7.105427357601002e-15
M9,93.49479774406758,2.5175527158106306,3.9876495401217866
M10,12.781451299734615,78.33605302916524,8.882495671100145
M1,37.07787235079512,33.741871414329395,29.180256234875486
M3,14.986242078839945,69.87923197410599,15.134525947054058
M4,24.76814132994784,20.765431703036402,54.466426967015764
M7,47.03232480837046,51.99408165213241,0.9735935394971307
M8,9.930011029000658,7.802549085020885,82.26743988597846
M10,8.25258961621279,85.34728172832165,6.400128655465565
M1,32.32003959651015,32.77272504517015,34.907235358319696
M3,14.021840253702967,68.07154520560573,17.906614540691308
M4,26.478477456297732,19.3033316802742,54.21819086342808
M7,46.08710610581555,51.51447807875153,2.3984158154329194
M8,14.131839826860293,7.526698078182832,78.34146209495687
M9,90.03986858290322,5.405160440146734,4.554970976950042
M1,35.79723449345445,35.566029647989275,28.63673585855627
M3,9.724816420680625,72.51381003864226,17.761373540677113
M4,23.197173442815696,22.372742893440616,54.43008366374369
M6,25.32254911756604,41.762755264384424,32.914695618049535
M9,86.15975227502031,6.265100717587369,7.575147007392321
M10,7.269754472375647,87.06672888097252,5.6635166466518285
M1,38.045990791400776,35.126942984220626,26.827066224378598
M3,11.442269055550202,70.56604997839871,17.991680966051092
M4,24.63740884279783,21.917293242479545,53.44529791472263
M6,29.787031930297402,40.8439079093933,29.369060160309296
M8,13.634986405718708,5.8245919763275475,80.54042161795374
M10,3.9645790731055124,87.53399526815947,8.501425658735016
M1,37.12805017290337,31.84312139105729,31.028828436039337
M3,14.689559629318321,66.43669132765287,18.87374904302881
M4,15.58330247403752,26.641402958434828,57.77529456752765
M6,34.53705117337704,34.37219440175367,31.090754424869296
M8,14.901350305490464,8.43407613565423,76.6645735588553
M9,99.52540177472176,0.0,0.4745982252782426
M1,38.56111705852977,36.66010175432069,24.77878118714954
M3,12.045026561714632,73.38838087832153,14.566592559963837
M4,28.40959151726281,23.393955613616388,48.196452869120805
M6,27.162904117913882,42.67627691685373,30.160818965232387
M7,46.362209839977595,51.99517305327564,1.642617106746762
M10,3.6905957756230885,87.40141585692271,8.907988367454195
M1,34.54839103177852,35.32368692381846,30.12792204440302
M3,8.823349868613798,72.13779380456958,19.038856326816614
M4,19.429438457089965,22.091168030074464,58.47939351283558
M6,23.165115608422273,41.53831256661673,35.296571824961
M7,28.847182057908537,49.71842581483051,21.43439212726095
M9,89.02840249677837,6.503460786914577,4.468136716307054
M1,36.6930139441069,34.63592287193829,28.671063183954807
M3,11.407417159251501,71.0438149213577,17.548767919390798
M4,25.31737284753271,21.157716560863243,53.52491059160405
M6,29.149350670477723,40.678934275806895,30.171715053715374
M7,47.581094292212256,51.510510841300594,0.90839486648715
M8,13.741030283851002,8.315003922303177,77.94396579384582
M1,37.36395292555235,31.58721103494908,31.048836039498575
M3,12.366636740913801,69.80555384189724,17.82780941718896
M4,20.502157079481265,20.78130285242376,58.71654006809497
M5,51.15836335873218,30.55442836808656,18.28720827318126
M9,86.58807989283814,8.523234692595226,4.888685414566636
M10,6.969505619422199,86.28560526036962,6.744889120208185
M1,32.69362129273357,36.283569391102,31.022809316164434
M3,10.828442494811277,70.39282868292192,18.778728822266814
M4,20.296681494934163,23.573932329795518,56.12938617527032
M5,48.84995607811643,32.78791072108061,18.362133200802965
M8,10.507870523646174,9.741564933653802,79.75056454270002
M10,6.590465063542993,84.8251757458002,8.584359190656812
M1,34.02932837319571,35.575079678497595,30.395591948306695
M3,11.661244613037796,70.20541065990307,18.13334472705914
M4,22.823368865058576,21.527057836527252,55.64957329841418
M5,51.16715850758726,30.693034995807327,18.139806496605413
M8,9.762138857442121,10.656965664174693,79.58089547838318
M9,83.72413351606,10.330801168292615,5.945065315647392
M1,36.36916287322748,36.15234994008898,27.478487186683537
M3,11.032582347938847,71.74234212468569,17.225075527375466
M4,24.621867662625213,21.926985153822066,53.45114718355271
M5,51.31276880012014,30.572583418630668,18.114647781249193
M7,46.233357909247786,53.76664209075222,-7.105427357601002e-15
M10,4.92157477104558,86.66886339158933,8.40956183736509
M1,38.5100217925959,30.755792930728703,30.734185276675397
M3,15.371103019380755,67.6529117261626,16.975985254456646
M4,20.627454522831684,20.522797781568737,58.849747695599575
M5,51.55284014996738,30.336279791229362,18.110880058803257
M7,49.97685943481314,48.872482533288974,1.1506580318978834
M9,90.29012590164405,7.796739991286102,1.913134107069852
M1,35.22375627872211,34.67609860272944,30.100145118548454
M3,11.172277946314178,70.79688002738045,18.030842026305365
M4,25.617436140933467,19.329118626973933,55.0534452320926
M5,48.37364138995035,32.55253993829414,19.07381867175551
M7,48.259118658225994,51.72558891573461,0.015292426039394513
M8,9.544681166414454,11.319462174437467,79.13585665914809
M1,35.4800545458795,41.01934873298668,23.500596721133824
M3,11.564840247342387,75.43306746101256,13.002092291645056
M4,27.803097581440934,26.986867206655482,45.21003521190358
M5,53.85591628839112,32.633973425785605,13.510110285823274
M6,26.959129933056538,47.577795128109905,25.46307493883355
M10,11.596389360897085,81.35148953933235,7.0521210997705595
M1,38.125611644166455,39.20749384784213,22.666894507991415
M3,6.0642040444705385,79.18945386899352,14.746342086535932
M4,30.096049134121483,25.686816340064357,44.21713452581416
M5,49.32085645121497,32.7685141123368,17.910629436448225
M6,27.571998086087444,45.92758960193279,26.500412311979765
M9,89.48353048976792,7.567010138498779,2.9494593717333055
M1,37.36521445760974,35.9394629035992,26.695322638791062
M3,15.107109922113535,70.60069137700542,14.292198700881045
M4,25.52386344344622,23.703664985479097,50.77247157107469
M5,49.181474190356674,34.21863043363879,16.599895376004532
M6,29.044906749892696,42.999126776476174,27.955966473631122
M8,6.697396373860667,11.071924025436793,82.23067960070253
M1,36.096313163640176,42.71430743626955,21.189379400090274
M3,9.789577573825984,77.75629347959205,12.454128946581974
M4,20.379354168324216,27.559887112745475,52.060758718930316
M5,47.82668439326866,35.208696143846815,16.964619462884528
M6,20.774176175055658,49.35193890819319,29.87388491675115
M7,40.47986346014748,56.78086261967311,2.7392739201794143
M1,39.98163187929617,31.310909652463994,28.70745846823984
M2,74.29114174949437,13.575066912443509,12.13379133806212
M7,53.09431577113719,45.579236451343704,1.3264477775191068
M8,13.61320692595513,5.615778112478698,80.77101496156618
M9,88.46601423985508,6.666392207464987,4.867593552679929
M10,12.518333404620915,78.68744807790388,8.794218517475201
M1,37.55349358875526,33.941551534149994,28.504954877094747
M2,73.07889298176592,16.602097368826943,10.319009649407139
M6,21.003776279213866,41.67670892473356,37.31951479605257
M8,14.091986425247011,3.7702876917653314,82.13772588298765
M9,89.37578768697192,7.728179711052325,2.8960326019757563
M10,16.33645408097497,75.59876022151624,8.064785697508782
M1,35.75112985766025,32.9613032715051,31.287566870834638
M2,70.12388089541834,13.480533712406285,16.395585392175377
M6,24.264000849495716,38.41558228492074,37.320416865583546
M7,49.87418906060013,47.34123626049026,2.784574678909607
M9,90.82899164933983,5.730953045308912,3.4400553053512617
M10,10.096983526700713,85.86473585501183,4.038280618287459
M1,34.05892602617275,33.15015548523188,32.79091848859538
M2,70.5863448300137,13.932286107668538,15.48136906231776
M6,27.418141254198115,39.01769510167386,33.56416364412802
M7,47.73425698478273,48.53374997552502,3.7319930396922487
M8,17.24107586419784,8.250939312726505,74.50798482307566
M10,7.34420231936574,85.52879185677068,7.127005823863584
M1,33.03374863844369,36.77620861733649,30.190042744219824
M2,72.74494865891728,14.438741485727373,12.816309855355346
M6,33.57774528573765,38.36547615193717,28.056778562325178
M7,48.50660499305298,50.50988864517138,0.983506361775639
M8,8.570932290374373,12.762122246379784,78.66694546324584
M9,90.36339163400463,6.666498636393002,2.9701097296023695
M1,32.517877103464265,35.15754300888737,32.32457988764837
M2,67.00875385754466,16.541689543286726,16.449556599168613
M5,49.84950338742869,28.18597687042752,21.96451974214379
M8,12.051938591900251,5.855534151755357,82.0925272563444
M9,90.12220245191978,6.139658246037931,3.738139302042293
M10,12.493554770023717,81.13182876671185,6.374616463264431
M1,34.08752334455874,34.646872457499924,31.26560419794133
M2,71.23970541501916,16.84114506827153,11.91914951670931
M5,55.82350515956915,27.939914973699533,16.236579866731315
M7,52.09367451012431,47.90632548987569,0.0
M9,94.8557525458543,0.05608994341181009,5.088157510733889
M10,13.714196234460061,76.11659268855453,10.169211076985405
M1,40.80064691207191,32.54955767625577,26.649795411672315
M2,68.40349877604113,18.203440085892357,13.39306113806651
M5,52.830016811590674,29.295494546340176,17.87448864206915
M7,50.71134384204496,49.218967442620674,0.06968871533436527
M8,17.307816666229236,5.607155130906405,77.08502820286436
M10,11.390225992602499,80.03767344410706,8.572100563290448
M1,43.4988232618371,30.009274147755633,26.491902590407264
M2,72.07451077578192,14.924893645442713,13.00059557877537
M5,57.18630314216952,27.0350348750281,15.77866198280238
M7,53.1384746626444,46.67480242389528,0.1867229134603221
M8,21.90801459450888,5.2057350830295865,72.88625032246154
M9,86.26023563678433,8.638811777279432,5.100952585936238
M1,36.04904773387814,33.07104021027444,30.87991205584742
M2,70.3389244089629,13.571278554969416,16.089797036067687
M5,51.8988619048855,27.472409326461843,20.628728768652657
M6,24.202350831291557,39.00029506845282,36.797354100255625
M9,90.87404408584948,5.729811920691759,3.3961439934587645
M10,10.407233051638785,85.51284097644184,4.07992597191938
M1,34.72879024441499,32.96435898436675,32.30685077121826
M2,72.21208102678585,13.956952948029231,13.830966025184916
M5,55.43885400496193,27.68445957120578,16.876686423832286
M6,32.363585857082626,39.787640820891625,27.84877332202575
M8,13.802118534728557,8.231715024063016,77.96616644120843
M10,3.1363293663727263,85.53792054046022,11.32575009316706
M1,32.988685170860535,36.48109957425403,30.530215254885434
M2,72.89167664868916,13.021712950297571,14.086610401013273
M5,50.85541348414939,27.9752540889384,21.169332426912213
M6,32.150027346206244,40.44232497619519,27.40764767759857
M8,11.535287866278464,8.464753220928639,79.99995891279289
M9,90.42339670362685,6.192270917102115,3.3843323792710356
M1,35.47096903903973,34.36932295664687,30.1597080043134
M2,70.80871543848508,16.952768193120075,12.238516368394844
M5,48.12583114308823,31.240479717481364,20.63368913943041
M6,21.98934864718157,43.87851437602867,34.13213697678976
M7,47.29901447534243,51.02026359165933,1.6807219329982388
M10,8.084535749550868,84.57761592310258,7.337848327346549
M1,36.403966217439624,32.64582785067017,30.950205931890203
M2,70.65042249928459,13.27654798366868,16.073029517046734
M5,51.798681156742056,27.820076492826654,20.38124235043129
M6,24.620149103163705,38.37787687798104,37.001974018855265
M7,49.929190687625045,47.52604216249634,2.5447671498786164
M9,90.87315006554995,5.815449426080628,3.311400508369422
M1,34.73090687441014,32.95474475632349,32.31434836926637
M2,75.78284402039323,14.23309650957323,9.984059470033543
M5,55.45162328857951,27.669373665179943,16.879003046240545
M6,32.370018795389186,39.7829589910736,27.847022213537215
M7,47.40332147485447,48.54674241379047,4.049936111355059
M8,19.528003404050338,8.670255077358494,71.80174151859117
M1,37.95628323978463,32.74917821701964,29.294538543195728
M2,71.93239237882864,16.509646453493435,11.557961167677927
M4,21.82806601528124,21.316879598042675,56.85505438667609
M8,8.125853487333448,7.010662003979933,84.86348450868662
M9,86.48906981897879,5.708585380081764,7.802344800939445
M10,7.327257437450741,77.91721516082268,14.755527401726582
M1,35.704966689417354,34.46948076769943,29.825552542883223
M2,69.28717582298114,17.743947135929744,12.968877041089115
M4,21.493551750287462,21.13999812625826,57.36645012345427
M7,50.23346181774196,49.76653818225804,0.0
M9,84.01181040514783,6.767202203705369,9.220987391146803
M10,6.5680500991643465,76.98841108487508,16.443538815960565
M1,33.92587597478993,34.293486018525144,31.780638006684924
M2,67.76511516548702,16.709131703991993,15.52575313052099
M4,18.397708799694062,23.120052391371498,58.48223880893444
M7,43.81477737326321,54.50869659935058,1.6765260273862097
M8,13.272945914089851,5.553926714037083,81.17312737187306
M10,3.6066636086872146,86.71483548641058,9.678500904902208
M1,35.066357069932664,32.865706310071985,32.06793661999535
M2,69.17285372273105,16.86218939838158,13.96495687888737
M4,23.820178351088966,19.830281651880064,56.349539997030966
M7,47.67080902712311,51.4330343839837,0.8961565888931844
M8,11.18651096205639,6.312768980179648,82.50072005776397
M9,86.71565973810864,9.294329659862013,3.9900106020293453
M1,32.79089507339335,37.86579576450717,29.343309162099473
M2,67.20372073790058,18.073629185193905,14.722650076905513
M4,19.76393838615838,24.132976312152742,56.103085301688886
M6,21.31888480228071,43.691878738806906,34.98923645891239
M9,86.58376349396545,11.992529018205296,1.4237074878292546
M10,15.298393572255325,77.68859332459114,7.01301310315354
M1,35.08887297800286,34.057124090070076,30.85400293192707
M2,68.17054927771024,16.737652486920684,15.09179823536908
M4,23.23700862897538,20.395857977672744,56.367133393351864
M6,27.080539808704998,39.81212606688428,33.10733412441072
M8,13.231896328987224,5.654557831121328,81.11354583989146
M10,5.577629871369247,86.2450054715863,8.17736465704445
M1,36.58882616538591,34.119015725589094,29.292158109024996
M2,68.09208924025452,17.114776531445802,14.793134228299675
M4,26.216603480539863,19.762197927399537,54.0211985920606
M6,28.07601965726424,41.00249103374224,30.92148930899352
M8,19.040088470942948,5.333702396077835,75.62620913297921
M9,85.13357505427099,9.240480485606067,5.625944460122941
M1,44.09843496767104,31.104980100070126,24.796584932258835
M2,74.90292553347332,13.716282358773016,11.380792107753662
M4,26.30960061858852,23.106456244799414,50.58394313661206
M6,22.013454997803144,43.42390166980295,34.56264333239391
M7,45.55818670286571,53.07183807874691,1.3699752183873812
M10,14.837738968262956,78.91024290971285,6.252018122024197
M1,37.05563653051911,33.21877259485665,29.72559087462424
M2,74.90967092312454,15.40445645451148,9.685872622363982
M4,18.69976978305582,21.65414695958991,59.64608325735428
M6,22.075838407462513,42.18562668730118,35.73853490523631
M7,47.217035805911394,49.50272894881368,3.2802352452749233
M9,87.82578971578448,6.39939218882882,5.774818095386699
M1,36.62136363211853,34.27884803813537,29.099788329746097
M2,71.04514941986665,15.121922216694568,13.832928363438786
M4,25.74806346428873,20.757975692671486,53.49396084303978
M6,29.867996306074932,40.37008491386381,29.761918780061258
M7,48.19013972403388,51.809860275966116,7.105427357601002e-15
M8,16.743942484128482,8.349354731321403,74.90670278455012
M1,35.64294780793644,34.107046547259856,30.250005644803707
M2,71.64684721752057,15.311269461635847,13.04188332084358
M4,17.866132221721415,19.601698514619375,62.53216926365921
M5,52.82310618973484,29.280465642716713,17.89642816754845
M9,85.7114841910787,9.739389111095212,4.549126697826091
M10,6.050566314673719,86.30892912060273,7.640504564723557
M1,34.50276699819605,34.97577164661866,30.521461355185288
M2,69.37063669791233,16.141984418237307,14.487378883850361
M4,21.41362148393487,21.346803788838304,57.239574727226824
M5,50.61037672369995,29.872826370367108,19.516796905932942
M8,11.874965086345155,7.619232936981766,80.50580197667308
M10,5.883758962926414,85.15181285826667,8.964428178806926
M1,33.0988994175294,35.60688749899358,31.294213083477025
M2,65.98070424866908,20.25711783038025,13.762177920950666
M4,14.641781244939908,23.507182252329795,61.851036502730295
M5,50.533146483077225,30.316860401000095,19.14999311592268
M8,12.919755341148514,8.319141352358855,78.76110330649263
M9,90.47464856727434,4.1028292319066875,5.422522200818969
M1,32.18788592280147,35.741286111821886,32.070827965376644
M2,70.85751819667746,13.703794296476458,15.438687506846081
M4,23.42848042702129,20.237935385330832,56.33358418764787
M5,49.11154504563264,31.973835973383228,18.914618980984134
M7,45.8886139311915,52.796262265443715,1.3151238033647843
M10,7.907791318429765,84.97684258276809,7.115366098802156
M1,36.127829821394144,34.237525171503634,29.634645007102222
M2,70.96543035594564,15.159192545880462,13.875377098173896
M4,25.711454904929745,20.764088583041943,53.52445651202831
M5,53.36685298575164,29.266838106832182,17.366308907416176
M7,48.08024698863195,51.91975301136806,-7.105427357601002e-15
M9,90.06222190244452,6.798942557302041,3.1388355402534387
M1,34.711477432345305,34.099487392508806,31.18903517514589
M2,68.26148631248336,15.076578753308304,16.66193493420834
M4,23.65134871939716,20.376146084650735,55.9725051959521
M5,50.52806950983362,30.03555011114926,19.43638037901712
M7,47.45849513488107,51.76179973302384,0.7797051320950885
M8,17.661542866328027,4.992839043234853,77.34561809043711
M1,39.239433462345936,34.66206132993103,26.098505207723036
M2,68.35391541049475,17.608818490649526,14.037266098855724
M4,26.57060520574043,22.78343487688197,50.645959917377596
M5,56.505041432844855,28.452031125987137,15.042927441168008
M6,24.31846263439903,41.48748719776694,34.194050167834035
M10,5.069338904327174,88.48462970065869,6.4460313950141455
M1,35.91947686764249,33.703451887510525,30.377071244846988
M2,68.28409356558888,16.954570850626382,14.761335583784742
M4,18.71524518984216,22.57506496577334,58.7096898443845
M5,50.21224043961494,30.337956568984577,19.449802991400485
M6,21.55340748073175,43.676515105202625,34.770077414065625
M9,88.80778714085744,8.924683077423962,2.2675297817185953
M1,34.14651120393135,34.67620759202489,31.177281204043773
M2,62.080215825930146,21.340776326449973,16.57900784761988
M4,23.139543460533627,20.735114123068147,56.125342416398226
M5,51.280871358302406,29.755972214361176,18.96315642733642
M6,27.852671315980572,40.425457043544874,31.721871640474554
M8,13.46755710305859,7.923390059536925,78.60905283740448
M1,39.92763228985493,34.675519482805335,25.39684822733974
M2,69.75177175540809,17.37441562942917,12.873812615162745
M4,27.0143464021064,22.713918234872786,50.27173536302082
M5,57.04405699131409,28.489329737694952,14.466613270990955
M6,30.681770167659185,42.388960839447265,26.929268992893554
M7,44.1888642413625,54.96397525100033,0.8471605076371702
M1,31.93764972890878,35.98752263540411,32.07482763568711
M2,65.60742650927179,19.89084132195774,14.50173216877047
M3,8.296247085231197,70.64151298968719,21.062239925081613
M8,7.414309240719613,10.345501821132682,82.2401889381477
M9,81.20953158388988,8.154252511017152,10.636215905092964
M10,11.17458325092757,75.4961217846332,13.329294964439228
M1,31.83390210379449,35.551380157903886,32.61471773830163
M2,67.74324209202167,19.98216475237041,12.274593155607917
M3,9.565222079727484,72.67520484447049,17.759573075802038
M7,45.013280859940714,46.763180722250446,8.22353841780884
M9,78.81285595311981,6.44478417761083,14.742359869269361
M10,6.270092670005213,84.54459889174329,9.185308438251496
M1,40.61462253469378,32.2176343674342,27.16774309787202
M2,70.15145671442035,16.72333123554794,13.125212050031713
M3,14.463183223591882,68.22514228919597,17.311674487212144
M7,48.51439393533275,51.12037877492135,0.3652272897459028
M8,13.379565074911797,6.138092963912434,80.48234196117578
M10,7.992488834924378,83.50553038047165,8.501980784603973
M1,38.15254180413123,33.578333557004655,28.269124638864113
M2,76.37306788878428,12.062691665085538,11.564240446130185
M3,15.076372069174921,68.0031244507218,16.920503480103278
M7,50.535031206596265,49.46496879342221,-1.8474111129762605e-11
M8,10.60997027401207,11.725786945843799,77.66424278014414
M9,87.52510253584296,5.555641235481821,6.919256228675217
M1,33.338276666956496,36.89964283942594,29.762080493617574
M2,66.53632925145101,19.16413288357875,14.299537864970244
M3,8.196311305073158,72.50719639238572,19.296492302541125
M6,21.208434747692717,44.02699172779418,34.7645735245131
M9,88.75883534634875,8.341488194791136,2.8996764588601174
M10,15.663846557538474,76.8637518777955,7.472401564666029
M1,33.88071751711922,34.228716889572034,31.890565593308743
M2,70.27727353871508,17.15583818803035,12.56688827325457
M3,11.802767619445213,69.93551163683004,18.26172074372475
M6,30.840789227408365,42.33126517946099,26.827945593130643
M8,21.137928443929578,5.564794798334957,73.29727675773546
M10,7.814886137111876,84.22214201924879,7.9629718436393375
M1,34.81474100906716,32.861013570227385,32.32424542070545
M2,72.29465045590388,13.888550651954274,13.816798892141849
M3,11.644760388846457,70.15922958963813,18.196010021515406
M6,32.462265347379684,39.65119232672577,27.886542325894546
M8,12.429308265032867,8.090271520373465,79.48042021459366
M9,88.8055539181293,5.942416724236267,5.252029357634427
M1,39.52494670999359,34.885357344469014,25.589695945537393
M2,73.99594558286476,14.259989540770029,11.744064876365208
M3,11.443817246596456,72.37278785616316,16.18339489724039
M6,25.13671960800427,40.58284625358338,34.28043413841235
M7,48.224221531913024,49.490991338886246,2.28478712920073
M10,6.3868815420185605,86.2234310027622,7.389687455219246
M1,32.89177596776465,37.78916017904089,29.31906385319445
M2,65.95973732153635,19.921550048108923,14.118712630354725
M3,8.012693372923318,72.94814846181647,19.039158165260204
M6,21.294407491849178,43.632657760426746,35.072934747724084
M7,47.10598924297023,51.04715088675944,1.846859870270329
M9,83.65630425693446,9.688933705828473,6.654762037237065
M1,33.775521730994946,34.53820646103805,31.68627180796701
M2,71.29112708926333,15.384043768875292,13.32482914186138
M3,11.327319035287523,70.80726237099601,17.865418593716456
M6,32.56124350899535,39.19328397833121,28.245472512673444
M7,47.92001836351646,48.54079263336468,3.5391890031188566
M8,21.248840877705423,5.452537331915823,73.29862179037876
M1,33.60811179260084,34.997219681231336,31.394668526167827
M2,71.53361638953434,15.142802999035094,13.323580611430561
M3,11.852196122328298,69.78745965515422,18.360344222517483
M5,53.61121737305634,31.067629113908463,15.321153513035195
M9,86.50589790539809,6.087449523043218,7.406652571558696
M10,5.350668290704027,85.81428746730454,8.83504424199144
M1,37.52302926369889,33.26983930811323,29.207131428187886
M2,68.36549901037806,15.734047454784058,15.900453534837883
M3,14.748289252850666,66.99287422719746,18.25883651995187
M5,48.83243375720964,31.778118367451913,19.389447875338444
M8,7.99895371117079,11.587283990629698,80.41376229819952
M10,8.143150418837008,83.31173670302958,8.54511287813341
M1,34.97306548063518,34.60301427297815,30.42392024638668
M2,73.79386041576309,12.88513977535956,13.320999808877348
M3,11.344978380807264,68.90501118170208,19.75001043749066
M5,51.702775478042376,28.379633636439106,19.917590885518518
M8,9.850908831401762,10.644704383309152,79.50438678528909
M9,86.84010484927268,9.947636249133378,3.2122589015939447
M1,33.53578292379094,34.91404885574897,31.55016822046008
M2,70.13683924568329,17.41129009834739,12.45187065596932
M3,10.530691941075318,72.34989841285355,17.119409646071134
M5,54.213036482185,29.247494648223224,16.53946886959178
M7,47.98729879586313,49.6492921526068,2.36340905153007
M10,6.423512829527454,82.66235554847027,10.914131622002273
M1,32.65073386945647,36.86176674426484,30.487499386278685
M2,71.72185682407128,14.907743935517104,13.370399240411615
M3,9.247633655145366,74.6560919004067,16.096274444447943
M5,52.804344572046915,32.788505200167606,14.407150227785479
M7,46.77126897708757,49.4890865095962,3.739644513316229
M9,84.57543922235743,10.107487598228296,5.3170731794142725
M1,39.33915740464577,33.110618395541486,27.550224199812746
M2,71.70038299590915,16.37251585705133,11.927101147039519
M3,13.956555545084345,69.08474655503939,16.95869789987627
M5,49.49363159904375,30.678491165274686,19.827877235681562
M7,46.27593939090786,51.2708430587494,2.4532175503427425
M8,12.667803275462738,7.206618849723371,80.12557787481389
M1,29.50520413508035,42.67127993545279,27.823515929466865
M2,63.70107012849523,21.971849834982947,14.32708003652182
M3,4.952436473923325,78.79825481181985,16.249308714256827
M5,43.787998535863366,38.41267643455283,17.799325029583805
M6,17.21265447299419,50.632608771422305,32.15473675558351
M10,11.207724532346461,83.67228718540791,5.119988282245629
M1,30.34515931760322,38.77217014468305,30.88267053771373
M2,62.92368728891471,20.32795874497452,16.748353966110773
M3,7.14367535451804,74.95394957441687,17.902375071065094
M5,48.00127462476047,32.144045423836396,19.854679951403135
M6,20.360442496096073,45.32692588605927,34.31263161784466
M9,86.43277987124074,11.735764031322645,1.8314560974366145
M1,34.08576165349088,33.303746585667824,32.6104917608413
M2,69.63659503353055,17.31248289503872,13.050922071430726
M3,10.736511005859548,72.09938037948494,17.164108614655518
M5,54.45408913615381,27.813530275184306,17.732380588661883
M6,30.152476519652698,43.1099679328869,26.737555547460403
M8,20.015406153426635,7.311489136635451,72.67310470993792
M1,29.462790513685057,42.34783507340851,28.189374412906425
M2,63.93479446080623,20.40815513314075,15.65705040605302
M3,6.806653671579591,76.6093159710399,16.5840303573805
M5,47.10400610246442,31.95239199683829,20.943601900697292
M6,20.720790172975015,45.04172291247231,34.237486914552676
M7,42.725284760351734,54.023259151427936,3.25145608822033
M1,34.60760637825149,34.308368506914775,31.084025114833736
M2,70.25046425132153,14.601154148893267,15.148381599785202
M3,11.482491989671757,70.54238496685603,17.97512304347221
M4,22.57387407367424,21.91644618053865,55.50967974578712
M9,85.4294880266285,9.607196410414604,4.9633155629568915
M10,6.8501192970521485,85.98031882147882,7.169561881469036
M1,30.24162861904305,38.65957540717233,31.098795973784625
M2,68.015328653282,17.245822718422446,14.738848628295557
M3,8.279707764160836,73.73318776050658,17.987104475332586
M4,18.344375726630005,25.38695794414592,56.268666329224075
M8,7.531640935718065,11.640479242478253,80.82787982180369
M10,5.261543664806165,86.52946801272893,8.208988322464904
M1,34.34055031539175,35.288902746041714,30.370546938566534
M2,69.72582753293217,15.659419558318316,14.614752908749512
M3,9.915493261776218,71.49765029385982,18.58685644436396
M4,21.65116815624199,22.415093230420947,55.933738613337056
M8,7.290768849277652,12.191805312829992,80.51742583789235
M9,87.91232625114482,7.637662189385041,4.45001155947014
M1,30.48009980476662,35.95440460790441,33.56549558732897
M2,69.82291640351096,14.941930017444458,15.235153579044583
M3,12.943660796793734,69.30886871863085,17.747470484575416
M4,25.96204286323016,19.60899277429765,54.4289643624722
M7,44.31972769656413,53.638746947851956,2.0415253555839143
M10,9.810006647814843,84.18543294253189,6.004560409653266
M1,33.800942421601576,35.89058687090135,30.308470707497072
M2,71.94035465701377,14.653444773504523,13.406200569481706
M3,12.180414979268596,70.24368723479546,17.57589778593595
M4,24.16614050371495,21.730862331231094,54.10299716505395
M7,44.53634690689387,53.700969299256336,1.7626837938497957
M9,87.07002590710017,9.215158336674437,3.7148157562253896
M1,34.18093997663165,35.72425465890989,30.09480536445846
M2,71.05369520732424,14.999607608930607,13.946697183745155
M3,12.320442758501953,70.13909748441273,17.540459757085316
M4,23.5305987594009,21.881791118957427,54.587610121641674
M7,46.09025400328946,53.90199683919071,0.007749157519832295
M8,10.673656310936105,11.147899114775191,78.1784445742887
M1,34.097163679828725,40.411104241352895,25.49173207881838
M2,67.68395188655145,19.019599075450454,13.29644903799809
M3,12.985118380317896,72.88360040329157,14.131281216390533
M4,26.614762501166258,24.63965308480501,48.74558441402874
M6,20.125194335248906,51.49031557879342,28.384490085957673
M10,11.000419469913078,80.88314788565249,8.116432644434425
M1,34.79189182935582,36.27586439910605,28.932243771538133
M2,70.20518114502427,15.491845977463615,14.302972877512115
M3,9.326774073259914,73.04594698353442,17.627278943205667
M4,21.311365735711586,22.804280633500923,55.88435363078749
M6,24.429859284929524,42.45116559195022,33.11897512312026
M9,88.57788824545834,6.759928124909846,4.662183629631814
M1,36.129188418741165,34.88789862043469,28.982912960824144
M2,70.78872508400269,15.800191853648295,13.411083062349013
M3,11.680323467590277,71.1956493433676,17.12402718904211
M4,24.820910343135566,21.18414233528753,53.9949473215769
M6,20.34726187010351,46.78514137304149,32.867596756855
M8,15.163119899716001,6.216635866344716,78.62024423393927
M1,33.270427188443065,39.5033296725827,27.226243138974233
M2,69.07261089950813,19.25405838319636,11.673330717295507
M3,8.746960062331219,74.58784597698444,16.665193960684334
M4,21.617910340477835,23.6559382538898,54.726151405632365
M6,22.886363349189853,45.67534408560684,31.438292565203312
M7,42.85733231696162,54.79751996759118,2.3451477154472045
M1,34.426828931506066,36.13600638484374,29.437164683650195
M2,69.74718583981654,16.339903302797484,13.912910857385977
M3,11.259398211635643,71.83124386549908,16.909357922865283
M4,24.512273165270493,22.147070290711326,53.340656544018174
M5,51.225293092698124,31.05438149541116,17.720325411890716
M10,5.795427312828924,86.25902337486832,7.945549312302759
M1,33.97270187200389,36.304198709515056,29.723099418481063
M2,70.43159171852508,16.002041242692346,13.56636703878257
M3,10.956262402414342,71.90431315669323,17.139424440892427
M4,22.730718056116967,23.047495643944604,54.22178629993843
M5,46.561623206963645,34.147634512278344,19.29074228075801
M9,87.83399436723197,8.229840096883201,3.9361655358848324
M1,31.9695596905098,36.83284636414073,31.197593945349475
M2,73.97429794409449,13.04703716307871,12.978664892826803
M3,15.824682238437996,67.73242862441951,16.442889137142487
M4,22.85488944917918,21.979666316299653,55.16544423452116
M5,47.70688211636014,32.82285985708037,19.470258026559492
M8,10.058623219646185,11.235141263006756,78.70623551734707
M1,35.18008949220341,36.36371855840518,28.45619194939141
M2,69.47100360052787,18.044338172328168,12.484658227143967
M3,7.238752968436667,75.22231374388356,17.538933287679768
M4,21.262122534741433,22.19434781420494,56.543529651053625
M5,44.14532193033219,33.01527573967097,22.839402329996844
M7,40.83432991663077,57.14070146649292,2.0249686168763077
M1,38.62742629806246,42.709660457077895,18.662913244859645
M2,72.90678137399763,19.503832952447404,7.589385673554965
M3,11.275060531705387,78.42835241460847,10.296587053686139
M4,29.21673295444429,31.252164840663045,39.53110220489266
M5,55.70097975537368,35.90568694132512,8.393333303301198
M6,25.21572495491246,51.89827225474019,22.886002790347348
