M4,25.048825251646534,19.138346773794453,55.81282797455901
M5,53.92833066228461,28.61318519999735,17.45848413771804
M6,30.590483983361608,38.60259608782939,30.806919928809002
M7,51.197841469530566,48.80215853046944,-7.105427357601002e-15
M8,18.201205779428097,5.56715624507401,76.2316379754979
M9,93.033992020214,3.4149587190020565,3.551049260783943
M10,44.88209213042234,55.11790786957765,7.105427357601002e-15
M3,7.862091679562732,62.80837567653175,29.32953264390551
M5,40.441984710496676,28.464878906504733,31.09313638299859
M6,30.467886458596883,37.708420952208996,31.823692589194124
M7,54.046093327901424,45.00921862137446,0.9446880507241175
M8,17.684832019188832,5.182282885040266,77.1328850957709
M9,93.34135585487581,0.7877135007231119,5.870930644401073
M10,20.101106207880907,69.73121968692841,10.167674105190684
M3,11.073890297137853,68.81118968089655,20.114920021965602
M4,21.284904020454093,21.929408674418855,56.785687305127055
M6,29.55628678579176,39.36342337785395,31.080289836354297
M7,51.60525816091751,48.3947418390825,-7.105427357601002e-15
M8,14.809185727432581,7.343174310668989,77.84763996189844
M9,93.6323319697152,2.9121077471769614,3.4555602831078427
M10,17.166285254109034,75.26452754561144,7.569187200279529
M3,24.942117118980953,65.09325244204835,9.964630438970701
M4,20.823992473788277,21.85775713688704,57.318250389324675
M5,56.300926559511645,26.413496674338223,17.285576766150132
M7,50.6544280471581,49.34557195284127,6.323830348264892e-13
M8,13.872796807635275,7.5603026616777695,78.56690053068696
M9,99.64796664590507,1.3187613925294152e-11,0.35203335408174047
M10,15.719658001222031,77.16897740354544,7.11136459523253
M3,7.2140607011643745,72.08987870941881,20.696060589416817
M4,18.114872233573568,23.20228125020093,58.68284651622551
M5,40.71189503690444,39.773874640375595,19.514230322719968
M6,21.2950250377525,43.845625968962864,34.85934899328464
M8,11.20902823422242,9.769776547260177,79.0211952185174
M9,99.45589469025187,0.5441053097481331,-1.1102230246251565e-16
M10,25.00015750250547,68.36293903986548,6.636903457629046
M3,8.364925616466989,63.51841971274296,28.116654670790048
M4,14.663888228347167,19.48134988564757,65.85476188600526
M5,41.03175991598485,27.363351532852178,31.604888551162972
M6,25.00461538147616,39.62836552639412,35.36701909212972
M7,39.01259828330157,49.62993470747334,11.35746700922509
M9,78.47824252815184,5.908516916622305,15.613240555225858
M10,39.10584012249546,45.74586620337055,15.148293674133996
M3,10.793347682106141,69.82747404896921,19.379178268924647
M4,24.945148239438943,20.305912506709653,54.74893925385141
M5,53.72007356894781,29.09427783180202,17.185648599250168
M6,29.710198041045807,39.957340343274275,30.332461615679925
M7,48.169858781986136,51.76156688908658,0.06857432892728355
M8,15.003315915806047,7.984851830079765,77.0118322541142
M10,5.167224539907225,85.77671559766021,9.056059862432562
M3,9.564525737960222,71.17027398897102,19.265200273068757
M4,24.97759789684262,20.193461415115664,54.82894068804171
M5,52.34661185022938,28.678866517474304,18.974521632296316
M6,30.23917406801836,39.28813915701679,30.47268677496485
M7,49.33505559840185,50.66494440159815,0.0
M8,14.64941425647925,7.762448892188562,77.5881368513322
M9,89.3006468574764,6.305521422951929,4.3938317195716765
M2,66.72265214092579,17.11518373990486,16.16216411916935
M5,50.352010805546605,27.124044223982036,22.52394497047136
M6,30.45230650752566,37.526980394525985,32.02071309794835
M7,49.70072913055651,48.184957171641,2.114313697802487
M8,13.539739757134893,3.499782286904934,82.96047795596017
M9,89.54451023900519,7.286850143721593,3.1686396172732154
M10,16.925270676047074,74.35336376338455,8.721365560568373
M2,72.1766550960083,17.088533241452307,10.73481166253939
M4,14.557965527472335,20.55402678482881,64.88800768769886
M6,30.370455243625074,36.04229046122221,33.58725429515272
M7,47.68018293195177,46.7901267157475,5.529690352300733
M8,18.91118365658722,3.348049605609605,77.74076673780318
M9,88.36229418690846,2.969662761503962,8.668043051587581
M10,3.993998982726198,82.47960874992195,13.526392267351852
M2,68.03009748422888,17.284453335624942,14.685449180146183
M4,17.446976804361185,18.024165240755128,64.52885795488369
M5,51.77939000305881,29.274488051281597,18.946121945659595
M7,49.364071949971375,44.794101545578656,5.841826504449969
M8,11.643432154102747,1.2973215128750586,87.05924633302219
M9,90.49947206809694,0.64865837003921,8.851869561863856
M10,6.8058521637437055,80.65099021036042,12.543157625895873
M2,68.12129072269344,17.18365205771698,14.695057219589575
M4,17.564557109314755,17.90408578192758,64.53135710875766
M5,53.744160155818165,24.918198301685315,21.33764154249652
M6,31.349200326977897,35.189254377383854,33.46154529563825
M8,20.45143594235708,0.39478559979725664,79.15377845784566
M9,88.17475570310867,4.734739280768037,7.0905050161232905
M10,9.41582373561504,81.43169784714968,9.152478417235287
M2,67.05607988213202,14.423277423708331,18.520642694159644
M4,18.244927433976866,19.633245513710254,62.12182705231288
M5,53.40795426142224,28.741495625034574,17.850550113543186
M6,26.414432876583177,39.35121914726872,34.2343479761481
M7,48.784597592850105,51.13624048025856,0.07916192689133794
M9,87.53704680666425,6.415296489456002,6.047656703879748
M10,2.4409414465993597,84.79446601581226,12.764592537588385
M2,69.34953073262902,14.940133401641797,15.710335865729183
M4,22.517323855744703,19.954164660784347,57.52851148347095
M5,52.22231433662094,28.82935214257051,18.94833352080855
M6,28.713468909489148,39.72778846828677,31.55874262222408
M7,47.72692529407995,51.68887868062353,0.5841960252965208
M8,15.848152028559808,8.043245342887866,76.10860262855232
M10,1.6170261512974027,84.31979357959392,14.06318026910867
M2,69.58229048623065,16.532418204045197,13.885291309724156
M4,24.260183660150695,20.895045579080733,54.84477076076858
M5,53.72972211466059,28.092116647589087,18.178161237750324
M6,29.157710580894584,39.819197833596704,31.02309158550871
M7,48.330253248462306,51.50193163718549,0.16781511435220153
M8,15.902057764827072,6.25091134213115,77.84703089304178
M9,89.4974120357198,5.855344154140842,4.647243810139353
M2,68.10331865846564,14.257138288577313,17.63954305295705
M3,11.505517899673741,64.51571361318534,23.97876848714091
M6,23.2808525340473,36.43596889908859,40.28317856686411
M7,50.89839287073297,45.265303946233374,3.8363031830336567
M8,12.964097638223905,4.33985378314228,82.69604857863382
M9,91.63981724841966,3.430002797737743,4.930179953842597
M10,8.10103846147764,52.55365838339786,39.3453031551245
M2,65.89970457070261,16.439949600657634,17.660345828639755
M3,8.819728453246674,67.86272284711897,23.317548699634358
M5,48.074321510998374,28.751577991907038,23.17410049709459
M7,48.35864815038385,48.99489195426707,2.646459895349082
M8,11.42345183407079,5.55308244506636,83.02346572086284
M9,88.73871790226521,8.119444477707406,3.1418376200273865
M10,11.846732445482564,82.03404166572088,6.119225888796564
M2,63.89491245409174,12.894405490736043,23.21068205517222
M3,6.025581578412663,65.26755736608932,28.70686105549801
M5,51.20196920065442,24.86470036664452,23.933330432701062
M6,21.401712680714837,39.20891161399697,39.389375705288195
M8,11.979160874370159,5.426676969502896,82.59416215612694
M9,91.58041917411742,3.4198329777057292,4.999747848176847
M10,16.51988019936808,74.648008340861,8.832111459770914
M2,73.3000267425783,11.15144638534469,15.548526872077014
M3,8.559007906100984,75.97841670256899,15.46257539133002
M5,42.81462764910905,25.089659613749234,32.09571273714172
M6,33.55709792450648,37.29672236283695,29.14617971265657
M7,51.27946852311224,48.2704359686595,0.4500955082282587
M9,82.38486440549994,4.551303458509151,13.063832135990909
M10,2.4874816433586417,81.64224836814371,15.87026998849764
M2,65.59595261891366,14.232542744583453,20.17150463650289
M3,6.6688393392130125,68.7944592860267,24.536701374760298
M5,53.843911012306414,28.737762765559392,17.418326222134194
M6,36.01897921689836,41.24753855707413,22.733482226027512
M7,48.117633189617685,51.73466734897468,0.14769946140763324
M8,12.006522622421144,6.441057333195152,81.55242004438371
M10,7.736298207493404,83.9194193447912,8.3442824477154
M2,64.93951963362763,19.274053353245087,15.786427013127287
M3,5.261515283375825,74.96949654268809,19.76898817393608
M5,44.82245600373505,35.55492363568334,19.622620360581614
M6,28.871477843722687,40.63070567573775,30.497816480539562
M7,46.04632825978277,52.82551672444888,1.1281550157683498
M8,8.098282657203518,12.116455612967256,79.78526172982923
M9,90.60775904723484,5.262259929505186,4.129981023259978
M2,74.55173515353574,16.434652357198125,9.01361248926613
M3,14.38434331891421,67.00780948211204,18.607847198973758
M4,20.631795988859814,22.698366121793356,56.66983788934684
M7,43.72985257930703,44.656477837479294,11.613669583213678
M8,7.641613305807994,4.857264176769287,87.50112251742271
M9,79.88843448764393,3.193677603303214,16.91788790905285
M10,5.25205620576818,68.45062328946632,26.297320504765494
M2,62.94352742162163,18.074904403602094,18.981568174776275
M3,13.363886098460318,66.36190534198438,20.274208559555305
M4,18.410363902193684,23.406416179661463,58.18321991814486
M6,23.184129080167573,40.312253304270875,36.50361761556156
M8,10.183792859114781,8.31069715695795,81.50550998392725
M9,88.83858334602613,3.498408788660288,7.663007865313585
M10,6.293002343219237,82.1375620891739,11.56943556760686
M2,62.568760833956944,13.934187513376362,23.497051652666695
M3,4.612980737764107,68.1965454845623,27.190473777673603
M4,22.822574203599498,20.25431591556457,56.92310988083593
M6,24.46043332666976,38.97255487950124,36.567011793829
M7,48.92512031675329,51.07487968324671,0.0
M9,85.3951161074968,9.944853096438695,4.6600307960645
M10,0.453124832907599,84.18455902566119,15.362316141431208
M2,67.56136053036732,15.287968695068008,17.150670774564666
M3,9.93177491330477,70.20766663854067,19.860558448154563
M4,24.84535277004698,19.995566721408288,55.159080508544726
M6,27.83875090653744,39.32896172989618,32.83228736356638
M7,47.8492814431345,51.00077635785402,1.1499421990114769
M8,12.337997856325416,7.473707591866505,80.18829455180808
M10,6.704489324810318,84.92938092669246,8.36612974849723
M2,69.72297163206541,16.720187009484942,13.556841358449649
M3,14.03941634831836,68.28867909786594,17.671904553815708
M4,26.247844838552467,19.65400053523572,54.09815462621181
M6,27.928922767725545,41.23039569468559,30.84068153758887
M7,48.434930490433096,51.29717524799775,0.26789426156915397
M8,16.644598153598913,5.858574102616884,77.49682774378421
M9,85.92353777493784,9.07418489568746,5.002277329374699
M2,71.81059498014677,18.447286685288578,9.742118334564648
M3,12.677215578851884,76.09421004798921,11.228574373158906
M4,20.204496818320205,25.36644270721443,54.42906047446536
M5,48.95839551066887,32.27763225083398,18.763972238497146
M8,7.071887942765204,6.107637589451892,86.8204744677829
M9,87.04921477686041,6.0996029770236735,6.851182246115917
M10,5.660271778615925,86.305403452343,8.034324769041078
M2,66.11554012088973,14.54559963483598,19.338860244274287
M3,8.599656776848107,68.8694183118494,22.530924911302492
M4,25.09019272787565,20.416082167631963,54.49372510449239
M5,54.98113286909704,29.128648727801124,15.890218403101837
M7,46.15141921880948,50.8389077082152,3.0096730729753176
M9,89.20961653680597,6.596711165340046,4.193672297853987
M10,42.153508331362325,52.289122618000484,5.557369050637192
M2,69.69323698878178,15.095117237644669,15.211645773573554
M3,10.834031850565166,69.67205695349031,19.49391119594452
M4,25.801926554835937,20.326333659048274,53.87173978611578
M5,52.90359306411722,29.16792668997867,17.92848024590411
M7,47.77900576539622,52.155428560291945,0.06556567431183424
M8,12.150063245471708,7.5970813448550025,80.25285540967329
M10,5.104881029972061,85.65072070699779,9.244398263030149
M2,69.87251466980953,15.021509757039253,15.105975573151214
M3,10.684017950408924,69.72862199683803,19.58736005275304
M4,24.441838851036294,20.186145320887942,55.37201582807576
M5,44.772231212341914,27.664658658322843,27.563110129335243
M7,46.24146175398985,51.48378575075316,2.2747524952569904
M8,8.762077598484378,7.309872531802798,83.92804986971282
M9,89.54385369643711,6.757543984545878,3.698602319017011
M2,61.27852210082005,20.062223920418564,18.659253978761388
M3,6.923007974910282,70.8520626917915,22.22492933329822
M4,17.389723674031,23.965721207223137,58.644555118745856
M5,47.70300806337117,33.015665124873216,19.281326811755612
M6,19.999253596349845,46.19958821810737,33.80115818554278
M9,83.03176312836781,11.687810539566843,5.280426332065343
M10,4.740833840738123,88.11538793089285,7.14377822836903
M2,67.0591733681656,16.599411308254247,16.34141532358015
M3,5.4681048667527365,74.69123946071895,19.840655672528314
M4,27.952959673955185,17.69886915076381,54.34817117528101
M5,52.03352784950848,29.437157409268355,18.529314741223164
M6,25.92566837516795,38.748728825940525,35.325602798891516
M8,12.39762360994188,5.4071735733161574,82.19520281674197
M10,4.204459782518993,87.24527642824455,8.550263789236453
M2,69.8031498486479,14.823315872539595,15.3735342788125
M3,26.338293882781155,57.781627282550915,15.880078834667927
M4,24.60484755716696,20.12778261945535,55.26736982337769
M5,44.616819719811794,28.800402159349176,26.58277812083903
M6,28.889231307779948,39.68174995350889,31.429018738711157
M8,8.908807237057868,7.388216771371426,83.7029759915707
M9,89.76329489382019,6.582210609171856,3.6544944970079563
M2,61.580206346662806,18.308934283351896,20.1108593699853
M3,9.138936776368793,72.82521804027962,18.035845183351583
M4,18.442488547938016,14.745409551780517,66.81210190028148
M5,51.304318404487006,30.097913463791304,18.59776813172169
M6,25.567699502374523,42.398495229919334,32.03380526770614
M7,45.453071565570305,53.686365416891746,0.8605630175379488
M10,11.920415502385087,68.28142497262954,19.79815952498538
M2,61.65295860390706,18.071680894587033,20.275360501505908
M3,13.460313186573464,56.99450606751628,29.545180745910265
M4,16.987401406273268,15.642869862098772,67.36972873162796
M5,46.045068097565895,22.69520934288956,31.259722559544546
M6,20.910235567336855,39.13900316181719,39.95076127084595
M7,44.56060902126261,51.01458840211419,4.4248025766232
M9,86.38378617426915,1.3334302711137174,12.282783554617135
M2,68.56250938279166,16.87558047282568,14.561910144382662
M3,12.28597127480913,69.74993657289001,17.964092152300864
M4,28.134490152016422,17.83833879152731,54.02717105645627
M5,55.23884423887546,27.31165438731389,17.44950137381065
M6,29.141130359907976,40.00283171948559,30.856037920606433
M7,44.709389955829394,54.80008361571941,0.4905264284511972
M8,16.51760827997191,6.183302267978675,77.29908945204942
M1,36.004400583709995,31.724617965974442,32.27098145031556
M5,58.5112884951392,23.919967253482127,17.568744251378675
M6,33.36390040378258,39.05481067525716,27.58128892096026
M7,48.84962400109175,50.1266438648498,1.0237321340584558
M8,22.081993616065546,4.942489445473162,72.9755169384613
M9,88.74127383674325,6.254188943622594,5.004537219634159
M10,12.15454829423655,79.63554154936259,8.209910156400866
M1,35.46366714472147,34.38127914126763,30.155053714010897
M4,20.10977468096389,21.29481151500089,58.59541380403522
M6,30.40540008919402,37.42670292520333,32.16789698560265
M7,53.079690524259306,46.92030947574069,7.105427357601002e-15
M8,17.384581573540377,2.424540792611252,80.19087763384837
M9,92.95819540652208,3.0141083796268187,4.027696213851101
M10,24.91845320901036,68.7242512991536,6.357295491836055
M1,38.89825822541925,32.152282513377465,28.949459261203287
M4,24.494797111862084,17.51303705914275,57.99216582899517
M5,54.85860592139047,24.715993242795527,20.425400835814003
M7,48.94901112253663,44.64170353182001,6.4092853456433545
M8,17.12100434674989,6.02108222223639,76.85791343101373
M9,88.7047290064484,2.321399795520618,8.973871198030979
M10,9.890997268016445,81.43116014979397,8.677842582189584
M1,31.848988517839555,34.05624840359832,34.094763078562124
M4,16.63204731527511,21.886276171976277,61.48167651274861
M5,54.30826979783231,26.143555188994178,19.548175013173513
M6,30.715108089913063,38.86888562571865,30.416006284368294
M8,19.677854697112966,4.1269045983138275,76.19524070457321
M9,93.28510474322485,2.4719469841236807,4.24294827265147
M10,21.759068724475075,70.62023074957114,7.620700525953794
M1,37.8690660952157,31.00159507527201,31.12933882951229
M4,22.726712400639517,16.58204823902497,60.691239360335516
M5,60.12700686527895,25.54130772105076,14.33168541367029
M6,27.497862147574633,38.5671853166233,33.93495253580206
M7,47.68731595075866,50.90786650705904,1.4048175421823004
M9,63.41482383010921,12.763015353705908,23.822160816184876
M10,8.396282113498959,88.73569672576934,2.8680211607317005
M1,34.47922389629355,33.70102744249659,31.819748661209864
M4,25.79956706359764,20.739219014097454,53.46121392230491
M5,53.52097173346667,28.92053402826905,17.558494238264277
M6,31.594277853709993,38.569272331478906,29.836449814811097
M7,48.487852282720716,51.30178468262674,0.2103630346525449
M8,14.660788065297046,8.16358382437527,77.1756281103277
M10,5.081618508301116,85.87838988492456,9.039991606774322
M1,35.82669278794876,34.77832183603264,29.394985376018603
M4,26.107453145556104,20.084409993717713,53.80813686072618
M5,58.15871019604329,25.96631648558188,15.874973318374831
M6,31.314837775344703,38.81921892685754,29.865943297797763
M7,50.47703687254936,49.52296312745064,0.0
M8,18.854131530446992,5.708140834665356,75.43772763488765
M9,94.20159628053922,2.554580900412494,3.2438228190482854
M1,33.77880087808784,35.41662974866737,30.80456937324478
M3,12.239545531791142,68.95253415447908,18.80792031372978
M6,34.74270437733443,36.0109033215472,29.24639230111837
M7,50.2743168210451,47.39537275735253,2.33031042160237
M8,17.29839905369662,5.457909921819625e-14,82.70160094630333
M9,91.76507943307023,3.6146920319475013,4.620228534982272
M10,18.741414184572193,71.41779150462791,9.840794310799893
M1,36.08080596015765,31.91715214544394,32.00204189439842
M3,11.109050411827065,73.11957759281914,15.771371995353789
M5,50.43699302609836,22.277310241987536,27.285696731914108
M7,52.12104049544547,47.87895950455454,-7.105427357601002e-15
M8,15.813161434246915,5.388534597674451,78.79830396807863
M9,92.26099599526673,7.701675825839255,0.03732817889402007
M10,13.837191170661447,78.44914760889053,7.7136612204480315
M1,34.829234077515586,32.82220021138511,32.3485657110993
M3,11.639515048629075,70.1719762125174,18.18850873885353
M5,55.577076889371156,27.537082375015036,16.885840735613808
M6,32.47815946478541,39.633281972149504,27.888558563065075
M8,12.930587779127636,8.123097372327562,78.9463148485448
M9,89.88684346568023,6.007339468925046,4.105817065394724
M10,8.443619381565249,86.55940463118316,4.996975987251602
M1,34.16244146308687,35.2407834837549,30.59677505315822
M3,8.687193707523669,72.02109001653169,19.291716275944637
M5,49.964072444134196,29.16610856121007,20.869818994655734
M6,22.954777025042166,41.15829115121248,35.88693182374536
M7,46.616208635269366,50.97349188095818,2.410299483772455
M9,89.99472004427278,6.628227274159246,3.377052681567972
M10,8.425317851066124,87.80667936915756,3.7680027797763103
M1,32.71241414091152,36.12289729747456,31.16468856161392
M3,11.868766318710874,69.85465583947051,18.27657784181862
M5,54.179874706285,28.746842647082143,17.073282646632858
M6,31.31736457594325,41.11686743958331,27.565767984473432
M7,53.66539346121655,46.33460653878346,-1.4210854715202004e-14
M8,19.660380298463366,8.128146554366921,72.21147314716971
M10,11.119213100775577,82.23459254318324,6.646194356041178
M1,34.83268655801536,32.820160739511664,32.34715270247298
M3,11.642830830177221,70.16885083586975,18.188318333953035
M5,55.57608555781255,27.535649900364223,16.88826454182323
M6,32.47711828797665,39.633930621602325,27.888951090421024
M7,49.22703299715317,48.59774857529027,2.1752184275565654
M8,19.56524108687672,8.626259279834791,71.80849963328848
M9,88.16076120330986,5.897292328709286,5.941946467980854
M1,32.270249587997,33.95673306771029,33.77301734429271
M3,10.660157459228177,66.91656757102133,22.423274969750494
M4,15.660311281933302,22.760784420487497,61.5789042975792
M7,50.2336093112543,45.96136701950004,3.8050236692456636
M8,10.001557300996602,7.886908948579472,82.11153375042392
M9,91.8057588205956,2.158413895696008,6.035827283708393
M10,16.320083992514515,73.88335892584045,9.796557081645034
M1,32.481117864527356,33.09884860307078,34.42003353240186
M3,11.567296881107968,68.31957096817361,20.113132150718428
M4,17.452438819124794,20.79830348449109,61.74925769638412
M6,29.702482861812637,41.14411866020219,29.15339847798517
M8,14.592092425191401,5.933976200166507,79.47393137464209
M9,85.47218727766047,9.739235699792516,4.788577022547017
M10,8.701219642711127,83.48511581489711,7.813664542391763
M1,35.063400129439415,34.326090393214066,30.61050947734652
M3,9.087866026661576,71.0871443684115,19.824989604926927
M4,22.969918868689224,22.351444379767766,54.67863675154301
M6,23.125391528619875,41.46746250303388,35.40714596834625
M7,48.330572036889514,51.6694279631105,-1.4210854715202004e-14
M9,88.40465281348067,3.8004449102409006,7.7949022762784335
M10,7.652499061664736,86.6929641738773,5.6545367644579585
M1,36.16301106216879,34.49251827089759,29.344470666933617
M3,10.580938714519538,70.5927153682652,18.826345917215264
M4,26.052734376186187,21.169691453244756,52.77757417056907
M6,28.002092556296876,40.39934283721463,31.598564606488495
M7,47.893945217296526,51.73979607255743,0.3662587101460417
M8,11.388685542705504,7.995189129909953,80.61612532738454
M10,5.92133504597389,86.00000102916046,8.078663924865651
M1,35.72403217035293,32.64206501445174,31.633902815195334
M3,14.749960687164403,68.28497500323557,16.965064309600024
M4,29.064506464679038,19.287056480601354,51.64843705471961
M6,29.657663889694046,41.188821736152335,29.153514374153616
M7,48.983612045581346,51.01638795441499,3.666400516522117e-12
M8,19.31550452060833,5.133758437970256,75.55073704142141
M9,85.49778860998781,9.853646906513623,4.6485644834985695
M1,36.20997271442346,33.727366094527056,30.062661191049486
M3,11.355996163690794,70.97894409599536,17.66505974031385
M4,23.457409868238205,20.03377871979971,56.508811411962085
M5,52.42098773299418,29.015209140482305,18.563803126523517
M8,8.672711409826057,7.327094268427287,84.00019432174665
M9,88.45881339896968,6.852431950275441,4.688754650754878
M10,4.610930947207235e-12,69.76332961905995,30.23667038093545
M1,39.666469184563304,29.889293599126475,30.44423721631022
M3,14.649983705210383,70.42934203970428,14.92067425508533
M4,20.636862394763725,20.75316178737238,58.6099758178639
M5,52.03776483217107,30.54659460520527,17.415640562623658
M7,42.28921713031374,52.447994941753436,5.262787927932827
M9,93.01770028822762,6.633539432051532,0.3487602797208522
M10,6.949936549374309,89.27343832432838,3.7766251262973043
M1,33.450379251440246,35.28690968668782,31.26271106187194
M3,12.409502552559287,68.99056351679663,18.599933930644085
M4,22.16693070290974,21.284449519066673,56.54861977802359
M5,49.455844607744346,31.923421226930465,18.62073416532519
M7,44.368391958961425,55.009622389321635,0.6219856517169404
M8,7.7074618336429115,10.439274390605876,81.85326377575122
M10,7.078828051343992,84.39881202996176,8.52235991869425
M1,33.41417641461178,36.04824234610991,30.537581239278317
M3,10.400917450029745,71.26605839287467,18.333024157095593
M4,21.50410308910326,22.30693771012557,56.188959200771166
M5,50.4921539464464,31.271031540105767,18.236814513447833
M7,45.974938598388924,53.71851147615853,0.30654992545254345
M8,8.298341136861149,11.513888524503377,80.18777033863547
M9,89.4859502842617,5.841279761609298,4.672769954128997
M1,38.652023828045756,38.720872086099824,22.62710408585442
M3,13.347266509578146,75.25373373820526,11.398999752216596
M4,29.330997074644714,25.72962130945129,44.939381615904
M5,49.98679485434683,31.856947257535673,18.156257888117494
M6,27.764491239045487,45.59954202383113,26.63596673712339
M9,89.67046645256623,7.221599622023992,3.1079339254097773
M10,8.578149570643147,88.18148182898476,3.2403686003720935
M1,35.461115046132164,35.8455958709524,28.693289082915435
M3,10.917187613690139,72.92200120575575,16.160811180554106
M4,25.228277928238093,21.108026076124467,53.66369599563743
M5,51.700310981987684,31.33195516557502,16.967733852437295
M6,30.12009305319415,41.30481427124774,28.575092675558103
M8,19.754421794152854,5.531724086071063,74.71385411977609
M10,7.181874368123475,87.08633852541706,5.731787106459464
M1,33.208363396236,33.36938139129275,33.422255212471256
M3,9.497353927636883,72.96357455317377,17.53907151918935
M4,17.991524425192416,20.997503819457627,61.01097175534996
M5,47.040276373281856,29.582164075215974,23.37755955150217
M6,29.336657502713585,41.95423796497906,28.70910453230735
M8,18.507770705543958,7.18873458450753,74.30349470994851
M9,84.29178014401185,9.881918773366376,5.826301082621772
M1,33.93402681269835,42.94879052767825,23.117182659623403
M3,14.872851410277402,66.97788105462148,18.149267535101117
M4,16.857272571804813,26.85249906939088,56.290228358804306
M5,48.96799979952037,28.756676614940393,22.275323585539237
M6,25.125476113393628,39.9559463356141,34.91857755099227
M7,42.429392942554514,50.72762911606601,6.842977941379473
M10,13.805420160091211,75.24061246205285,10.953967377855932
M1,32.808482981935164,41.664911227907965,25.52660579015688
M3,7.758967397169982,77.51377963938826,14.727252963441757
M4,19.595476810706174,27.016618149065245,53.38790504022858
M5,47.246428158285454,35.770731910986946,16.9828399307276
M6,22.038367538358074,47.79076222888074,30.17087023276119
M7,42.779920959028274,54.91320997486725,2.3068690661044755
M9,89.4251779246144,7.463068209764347,3.1117538656212504
M1,33.33071231326347,37.26527604222917,29.40401164450737
M3,13.996644697970194,68.8888298463584,17.114525455671398
M4,24.350353992013993,23.810474901370803,51.839171106615204
M5,51.7235022983532,32.70154428503566,15.574953416611137
M6,28.142545617906066,46.30667601397648,25.550778368117456
M7,48.44137021379815,51.558629786201855,-7.105427357601002e-15
M8,17.678039681940707,10.54631760204409,71.77564271601521
M1,38.42304854922207,32.82108757005673,28.7558638807212
M2,68.38897188618387,16.445530801409397,15.165497312406735
M6,27.483495809516324,40.672182730065614,31.844321460418058
M7,48.94445387663157,50.18383974285449,0.8717063805139418
M8,11.088662002441223,8.816520595648408,80.09481740191036
M9,91.69641902224092,4.485304872620592,3.818276105138491
M10,16.337496705980676,76.1582986980414,7.504204595977924
M1,35.02153955319371,33.767648600184565,31.210811846621716
M2,70.81119868330966,19.401334511418742,9.787466805271603
M5,55.79921302003291,29.717780180840073,14.483006799127018
M7,52.00284523997006,47.30883489300116,0.6883198670287811
M8,7.809476755431817,9.022714986746568,83.16780825782162
M9,86.40642166269089,9.069570881092071,4.52400745621704
M10,5.90163873066219,84.7165719123999,9.381789356937915
M1,33.902334874806435,34.93079988814779,31.166865237045783
M2,71.2668893927744,16.663205227494526,12.069905379731072
M5,55.994225171941494,27.482935005713916,16.52283982234459
M6,33.08751863385165,38.8556901193742,28.05679124677414
M8,14.924592824720929,3.963732786849107,81.11167438842996
M9,90.13159603605264,7.051292935622235,2.8171110283251233
M10,16.274324900294115,76.71046198097093,7.015213118734948
M1,36.36267363726781,32.70284846716059,30.934477895571597
M2,70.64327512650543,13.279524978143202,16.07719989535137
M5,52.174308089630365,27.228900246037494,20.59679166433214
M6,24.67926440027568,38.288031415383294,37.03270418434102
M7,50.24303606000501,47.02647480284803,2.730489137146961
M9,90.90484441696368,5.764016106097385,3.3311394769389313
M10,10.300740917825832,85.73494530640194,3.9643137757722258
M1,34.7441749347727,32.94882255194282,32.30700251328448
M2,72.3056051910315,13.805046054305404,13.889348754663093
M5,55.35450762197383,27.901080985118448,16.744411392907722
M6,32.43879458605834,39.67256883611057,27.88863657783108
M7,47.48816294840719,48.49658870937343,4.015248342219387
M8,19.60626435921869,8.539379176834911,71.85435646394639
M10,3.127834331949882,85.59686676074266,11.275298907307459
M1,36.47404092695069,34.70401838102149,28.821940692027816
M2,72.05676774925098,14.888507614466285,13.054724636282735
M5,56.99987177103859,26.83210508372763,16.16802314523378
M6,31.322666865561313,39.162234249419676,29.515098885019007
M7,53.086073027398236,46.34008385275094,0.5738431198508209
M8,9.461596226145218,12.071347154590054,78.46705661926472
M9,87.39176432256879,8.350653488781672,4.257582188649538
M1,36.4347440068425,35.78408272206593,27.781173271091568
M2,72.00082990116883,17.02057157092001,10.978598527911164
M4,24.839701261228928,17.45229129262722,57.70800744614385
M7,48.997141374186974,44.67030315373441,6.332555472078617
M8,14.377102145487068,0.8194733682455386,84.80342448626739
M9,89.3300341833059,1.2292832158696207,9.44068260082448
M10,5.438824371496459,80.39458942199592,14.166586206507631
M1,35.54617900110971,33.83263452387537,30.621186475014923
M2,69.19589245340885,15.773447898289222,15.030659648301933
M4,25.51298611056311,19.527743587525432,54.95927030191146
M6,28.651471337170463,38.900262587801215,32.44826607502832
M8,14.797845503008627,4.405155213760306,80.79699928323106
M9,93.74476373581997,2.1945883161885544,4.060647947991473
M10,23.659851103457882,69.41766169571514,6.922487200826978
M1,35.90774546524719,32.899328032465135,31.192926502287676
M2,70.24196988949579,13.568182281593943,16.189847828910267
M4,19.78970310049566,20.10805441438448,60.10224248511986
M6,24.31367992030215,38.70170830982782,36.98461176987003
M7,49.2372256938043,48.20212772004373,2.560646586151975
M9,90.25186477692635,5.938719063639019,3.809416159434627
M10,9.304202937304527,86.63899205713864,4.056805005556839
M1,36.75032678026723,34.1573624803864,29.092310739346367
M2,71.70578672359562,15.200896620530827,13.09331665587355
M4,24.72950174504002,20.459859921993548,54.81063833296643
M6,27.28997029229997,39.825846090806536,32.884183616893495
M7,47.20880371530517,51.790953472752854,1.0002428119419733
M8,12.48075765785152,7.694817686281852,79.82442465586664
M10,7.225939956881409,85.77793270574107,6.99612733737753
M1,36.000877740190994,34.70757124309924,29.291551016709768
M2,69.92034934900802,15.93368473439943,14.14596591659255
M4,26.1267557938868,20.163343536082152,53.70990067003105
M6,31.114613323581196,38.999761492356306,29.885625184062498
M7,51.00863542725548,48.99136457274452,0.0
M8,22.764805873587168,3.511030995506303,73.72416313090653
M9,96.6028904729541,0.7982794677955779,2.598830059250321
M1,28.293043724017153,34.949671374820255,36.75728490116259
M2,61.37284012528799,16.385897397893356,22.24126247681865
M4,15.620816139099508,20.83440051128103,63.544783349619465
M5,43.33033193796978,31.846607032222128,24.82306102980809
M8,9.06076980977501,6.508241642319839,84.43098854790514
M9,89.03156295738069,8.084033700968371,2.884403341650943
M10,7.2237783542967335,84.0679989353635,8.708222710339754
M1,33.46244795710382,35.27572912195783,31.26182292093835
M2,68.63865361568187,18.461900728173685,12.89944565614444
M4,14.817563342687816,23.138699080190538,62.04373757712165
M5,51.38721721396331,29.091544851289047,19.521237934747642
M7,45.71252403027501,52.67739618140435,1.6100797883206397
M9,87.50965199788781,8.728325698586893,3.762022303525292
M10,14.702535286506286,76.88965210953086,8.407812603962853
M1,36.40060446710951,34.698458629197155,28.900936903693335
M2,71.92418267488065,15.747211450470758,12.328605874648588
M4,22.337818071489455,20.24699902695553,57.41518290155501
M5,51.86033253160674,29.643844984151873,18.49582248424139
M7,46.04669872599601,52.55232068921513,1.4009805847888614
M8,11.371900762338255,7.715826234100929,80.91227300356081
M10,2.6619044504433926,84.77963056701357,12.558464982543043
M1,37.38720021169844,34.81194712672476,27.800852661576798
M2,66.43010164239251,19.17202020882337,14.397878148784116
M4,24.360171757190546,20.552584134501114,55.08724410830834
M5,50.19043654044984,31.010227543984843,18.79933591556532
M7,46.60251058825589,53.10498083214727,0.2925085795968414
M8,8.796015524744801,7.427263818560173,83.77672065669502
M9,88.47165144963766,6.593601048565433,4.934747501796905
M1,35.910601659679095,33.725928813184254,30.363469527136658
M2,68.25750408667339,17.003391168262883,14.739104745063724
M4,18.70219309822946,22.60099290482589,58.696813996944655
M5,55.12851426120569,29.56900385986077,15.302481878933541
M6,21.53022867420882,43.718485787541894,34.75128553824929
M9,88.78365676085474,8.968400194230078,2.247943044915182
M10,11.646374700390693,83.61360375509148,4.74002154451783
M1,33.34671440583865,34.7317772127081,31.921508381453258
M2,67.82651092020546,16.10679008070863,16.066698999085904
M4,22.11827257241588,20.573284905759227,57.3084425218249
M5,50.75427219776088,29.644609227213557,19.60111857502556
M6,28.524713360291695,40.11098753575991,31.36429910394839
M8,12.124979440142527,7.640215464922244,80.23480509493523
M10,5.750510512635714,85.77641564123854,8.473073846125743
M1,33.058173125618914,35.60505841423537,31.33676846014572
M2,66.5066120763717,19.223981935132496,14.269405988495809
M4,23.693753508392966,21.05406345862144,55.252183032985585
M5,50.976308920343286,30.127955547171098,18.895735532485617
M6,28.51739011897976,40.15864364595898,31.323966235061256
M8,13.837807569195645,7.810095393080689,78.35209703772367
M9,85.16373635029537,9.502340227555669,5.333923422148965
M1,42.6476583434772,35.2390558294406,22.1132858270822
M2,74.19669860847452,18.139178577512254,7.664122814013226
M4,27.141923995957725,22.33877480418851,50.519301199853764
M5,56.61319693888548,28.363478619519086,15.023324441595435
M6,24.786090234670244,41.03240324075906,34.1815065245707
M7,44.0657606224408,54.866326379208864,1.0679129983503373
M10,5.058095523507093,88.26077671646048,6.681127760032425
M1,46.836560770828875,31.32272338742567,21.840715841745457
M2,81.46173201641697,11.275548213286179,7.262719770296847
M4,30.61038394668209,18.468500678444652,50.92111537487325
M5,63.37105108308049,23.501762282385638,13.127186634533874
M6,34.98635343399267,35.10487615854932,29.90877040745802
M7,61.67867869058647,38.321321309413605,-7.815970093361102e-14
M9,94.5385993802601,3.756355004904457,1.705045614835448
M1,37.917695644055804,32.72499983986342,29.357304516080774
M2,68.18127053856257,16.82093997601673,14.997789485420697
M4,24.68508080322742,20.311260319090398,55.003658877682184
M5,55.53916383717923,27.396569403025957,17.064266759794812
M6,29.03310665236525,40.02319702086186,30.943696326772894
M7,44.51798033720445,54.767337410881595,0.7146822519139562
M8,16.753273318103037,6.240797162026427,77.00592951987053
M1,38.16021815602839,33.48999791335706,28.34978393061455
M2,79.36749080179207,18.662375375496975,1.9701338227109524
M3,12.878717472927377,69.28484381012197,17.836438716950653
M7,50.783992440465354,46.09010308703684,3.1259044724978082
M8,11.473295713180782,5.653542395073606,82.87316189174561
M9,85.46298245032317,6.67327164124644,7.863745908430393
M10,5.503820587606524,68.66692396657649,25.829255445816983
M1,33.72936057949535,34.942213200576575,31.328426219928076
M2,72.53866400474351,13.467089313381853,13.994246681874637
M3,13.89707195061775,65.93851306668243,20.164414982699824
M6,32.518547800146216,39.59605913696341,27.885393062890365
M8,12.052100270023503,8.161600754836059,79.78629897514044
M9,90.31621979023777,5.769723362068374,3.9140568476938586
M10,9.818520948697772,85.31383657982448,4.867642471477751
M1,32.009407886862846,39.1186555654277,28.871936547709453
M2,67.56518390335992,17.46658524317964,14.968230853460437
M3,8.224797176655295,72.48085321631058,19.29434960703412
M6,25.09169862288243,37.498839928517306,37.40946144860026
M7,51.476397164657044,44.35985013867378,4.163752696669178
M9,92.17288032394123,3.525160947126944,4.301958728931828
M10,12.324859550103197,82.38396124333237,5.291179206564436
M1,34.04881671040522,34.05779710747131,31.89338618212347
M2,71.92060635022396,14.195414623793704,13.883979025982333
M3,11.333426522469662,70.78809378137194,17.878479696158394
M6,32.83209400819005,38.700186086087214,28.467719905722745
M7,48.556538540820625,48.07737986416529,3.366081595014087
M8,21.32275367275984,5.33125549385725,73.3459908333829
M10,5.474314129924164,84.96406562895854,9.561620241117296
M1,33.71167350130236,35.40685146283603,30.881475035861612
M2,72.37477185044115,14.610367504473569,13.014860645085282
M3,11.809036321731533,69.77886610760878,18.412097570659697
M6,33.607441256601014,37.98906006933885,28.40349867406013
M7,51.40294931390075,47.02367195014677,1.5733787359524811
M8,11.410305080277928,9.90689463615042,78.68280028357165
M9,91.08210528497902,5.449108620486244,3.4687860945347344
M1,33.794669757514185,32.868696554764064,33.33663368772175
M2,66.98045940214055,16.82457901043194,16.194961587427507
M3,9.198800150091095,69.31998398218612,21.48121586772278
M5,49.67511107486273,29.709149278098206,20.615739647039067
M8,10.490931795871958,7.564698205485269,81.94436999864277
M9,88.73726060624112,8.417502037525901,2.8452373562329765
M10,11.812750761751436,81.69486264485649,6.492386593392084
M1,34.79209707100734,32.883800114162035,32.32410281483063
M2,72.28500612454675,13.890875855528375,13.824118019924871
M3,11.55981320674239,70.32273737493551,18.117449418322096
M5,55.45858287317513,27.748192864704794,16.793224262120074
M7,47.33814994283637,48.44177346717613,4.220076589987507
M9,82.5899227243444,5.617512622960762,11.792564652694834
M10,3.4761068950890435,85.35026528000877,11.173627824902184
M1,39.09150660323783,33.110498838467095,27.797994558295073
M2,71.11371700592025,16.793698287657325,12.092584706422425
M3,17.929895800830177,69.01994704169677,13.050157157473052
M5,49.830024076305484,30.507859681779006,19.66211624191551
M7,48.98741979082347,51.01258020917653,0.0
M8,13.336867612127758,6.746628063329847,79.91650432454239
M10,5.198317483313009,84.24609885454488,10.555583662142112
M1,33.30613702700779,36.606737509682596,30.08712546330961
M2,72.79150058344973,14.407816185690736,12.800683230859532
M3,11.41395067611248,70.50469021916541,18.08135910472211
M5,56.55436960169663,27.26036767506631,16.185262723237063
M7,52.43934992504712,47.56065007495288,0.0
M8,20.054500720690605,8.064309783207872,71.88118949610151
M9,89.34576153835799,7.319546277454357,3.3346921841876522
M1,34.955140686839975,34.07038540800235,30.97447390515768
M2,67.29912215868747,16.90379024191933,15.797087599393201
M3,5.0023364569084015,78.35445694432394,16.643206598767662
M5,47.98327823776866,32.249994823369555,19.766726938861787
M6,22.759163168738898,41.40174673012071,35.83909010114039
M9,87.53211449068993,10.145366965249266,2.3225185440607987
M10,7.472454596749398,89.73141035753592,2.796135045714678
M1,34.09374274247249,33.26587368371474,32.64038357381276
M2,69.64030200364463,17.337774837874978,13.021923158480387
M3,8.657588735104518,76.04604671561776,15.296364549277712
M5,54.46294585691233,27.75714003644993,17.779914106637744
M6,30.18326388037745,43.0705247270899,26.74621139253265
M8,20.04625581348987,7.277083523175401,72.67666066333473
M10,8.880339988417772,84.49823372670427,6.6214262848779555
M1,36.34917776589291,33.720527475873865,29.930294758233224
M2,75.9986962529117,13.987081570211888,10.014222176876412
M3,10.857630018934184,71.5674232227936,17.57494675827222
M5,49.32013814155751,29.087956699601897,21.591905158840596
M6,23.912270164419855,40.06521009187445,36.0225197437057
M8,12.096564494218175,8.412006224450112,79.49142928133172
M9,88.01448068429409,5.801136879724145,6.18438243598177
M1,32.71804004230398,37.091017230728724,30.190942726967293
M2,64.95305969962249,19.190945736612647,15.855994563764867
M3,4.810188087585632,79.68957115662934,15.500240755785029
M5,48.383885626714985,30.326823454746098,21.289290918538917
M6,21.1690889509966,44.22570819817051,34.605202850832896
M7,40.21065918018787,58.32135122072158,1.4679895990905507
M10,6.723194180679505,90.53792196024439,2.738883859076111
M1,34.12213019572974,35.05848122717852,30.819388577091743
M2,66.937600444635,16.761277366884652,16.301122188480353
M3,7.692390798346745,74.45497054679255,17.852638654860698
M5,48.69598665063164,30.45927853378981,20.84473481557855
M6,21.168846815926013,44.104942755699646,34.72621042837434
M7,49.88204167799924,44.56478659999617,5.553171722004592
M9,93.73422789926794,0.6254847424705017,5.640287358261563
M1,34.24573670003638,33.15338459680212,32.60087870316149
M2,67.63716977510668,19.332830939048,13.029999285845314
M3,12.888058838470963,68.37635122135292,18.735589940176112
M5,56.486220175481634,28.02090429094144,15.492875533576925
M6,35.765803738027564,38.62285783197695,25.61133842999549
M7,44.3162871694966,54.81405149968329,0.8696613308201151
M8,19.97388674194497,7.269047713420359,72.75706554463467
M1,37.021187342085156,33.434970731865214,29.54384192604963
M2,71.03236191467246,17.883292914215993,11.084345171111543
M3,14.758656861183905,67.52532151112571,17.71602162769038
M4,22.97460060174594,19.655226312672834,57.370173085581214
M8,7.202639395740256,6.931060985667115,85.86629961859263
M9,85.65885780126719,5.935160870176422,8.40598132855639
M10,10.858895328411386,74.78648053235315,14.354624139235455
M1,31.18025324218256,34.20612606715466,34.61362069066278
M2,65.75916225102394,14.728495335897515,19.51234241307855
M3,12.181332931547193,70.46587775572964,17.352789312723175
M4,23.725829403649406,21.666916570949283,54.6072540254013
M7,44.1990153462281,53.53197279249542,2.269011861276482
M9,87.68918820357655,8.934665251391838,3.376146545031613
M10,9.069939451060739,86.30303996943351,4.6270205795057535
M1,32.926478012053494,35.73052820209527,31.342993785851235
M2,68.94558633456911,16.83853144924197,14.215882216188916
M3,11.998131939060533,70.15466285747338,17.84720520346609
M4,22.060817874801476,21.223536155069183,56.715645970129344
M7,45.57674297638771,53.076499208573935,1.3467578150383517
M8,12.398169901443708,7.05370191205082,80.54812818650547
M10,7.6692057087233945,83.1699318014699,9.160862489806703
M1,38.10887434717979,34.59195717109262,27.299168481727584
M2,74.19064385101227,12.635682479591495,13.173673669396237
M3,14.355744832964183,67.99334689682506,17.650908270210763
M4,21.48132558134695,23.903486145958205,54.615188272694844
M7,47.81822493633187,51.86105275954829,0.32072230411983327
M8,10.451195430991488,11.538665106738383,78.01013946227013
M9,90.68290867170818,4.80814815293167,4.508943175360153
M1,35.29775720802282,35.68831499355428,29.01392779842289
M2,47.374224169852376,32.91907304388754,19.70670278626008
M3,1.5894387982263258,78.12226453982633,20.288296661947342
M4,21.701243074255657,23.403931068151007,54.89482585759333
M6,24.095613503399417,43.56627651318004,32.33810998342054
M9,59.31357696147502,25.733193723150297,14.953229315374681
M10,4.777692483762268,89.32101736009434,5.901290156143389
M1,35.70606743606449,35.48021440276783,28.813718161167685
M2,71.03827391285265,14.5630070921633,14.398718994984055
M3,11.240785242378129,70.62674395028853,18.13247080733335
M4,23.72933492378533,21.89195507894664,54.37870999726803
M6,29.49823770676328,38.992596665142166,31.509165628094557
M8,14.32414969164608,5.460079452899146,80.21577085545476
M10,4.902631745185732,85.52514714595243,9.57222110886184
M1,35.82762326599272,34.471360522526375,29.701016211480912
M2,71.18885581187125,15.448275198278498,13.362868989850252
M3,12.896873771277688,70.6063124615674,16.49681376715492
M4,23.80344542221425,21.659944235746163,54.53661034203958
M6,23.59459299086482,41.80520369742821,34.60020331170696
M8,8.70126537705882,10.4982437515685,80.80049087137269
M9,85.59724729078746,9.919763408270304,4.482989300942231
M1,33.972135043531175,38.419408362734515,27.608456593734303
M2,71.59991593900448,20.57287756636931,7.827206494626214
M3,8.10757341971902,72.5166153472745,19.375811233006488
M4,21.56664668047744,24.25324192028002,54.180111399242534
M6,27.221584392239805,46.93860186473738,25.839813743022816
M7,42.58312798884575,54.86075004409306,2.5561219670611877
M10,3.5755317081665154,80.09937948439186,16.325088807441617
M1,33.93600923676007,36.182899373511866,29.881091389728063
M2,68.87362582152568,15.35770707114741,15.768667107326912
M3,8.353764348575085,72.95866271587919,18.68757293554573
M4,18.962922590101655,22.626337640258335,58.41073976964001
M6,22.626573305697878,42.302512917261666,35.07091377704046
M7,45.53146825770131,51.85090946144737,2.6176222808513145
M9,88.8144327050516,6.777813807695941,4.4077534872524575
M1,37.57235646395715,35.991243112778534,26.436400423264317
M2,70.84409643932888,15.938856622240705,13.217046938430416
M3,11.348625492427667,71.84426363702116,16.80711087055117
M4,24.995291572689354,21.709808489086278,53.29489993822437
M6,28.606564716360765,41.70233220785244,29.691103075786792
M7,46.56420051697346,53.22096578413231,0.21483369889423187
M8,14.23851752850859,8.556200343179874,77.20528212831152
M1,35.74642835331497,33.82894651450501,30.42462513218002
M2,69.43388343053914,14.776719420493961,15.789397148966898
M3,12.116420293748185,70.56473346839536,17.318846237856462
M4,22.202270848168553,22.944720893769016,54.85300825806243
M5,45.0695326873691,32.78891459766004,22.141552714970864
M9,88.06416338217369,7.6035000366302095,4.332336581196102
M10,10.682772762717086,83.10609652943502,6.211130707847886
M1,35.196276691079525,34.163701496033354,30.640021812887113
M2,67.86952003072291,16.652675327938734,15.477804641338356
M3,12.959057746326602,69.39478183765578,17.646160416017608
M4,24.411698224100224,20.704543048438524,54.883758727461256
M5,49.398535537305015,34.5301077081556,16.071356754539387
M8,9.06315556326879,7.226656833394083,83.71018760333712
M10,5.6815089447513705,85.65480754329155,8.663683511957075
M1,34.43512305251074,35.23585997009685,30.32901697739242
M2,70.78830096647124,14.631548963842837,14.580150069685923
M3,13.917601457112262,68.62631453779176,17.45608400509599
M4,21.840365690239864,21.956618679208603,56.20301563055153
M5,47.85341584511228,33.1660651799125,18.98051897497522
M8,7.015853453193674,12.281088606191606,80.70305794061473
M9,85.56522412288,8.723341996191476,5.711433880928528
M1,30.643711390057657,35.70155842076612,33.65473018917622
M2,65.68473602975396,15.909072877352248,18.40619109289379
M3,7.98289296148105,71.6367009898764,20.38040604864254
M4,23.2719150141057,20.352639269121855,56.37544571677245
M5,46.1441632039158,31.709447806056414,22.146388990027784
M7,44.53434106030047,52.788201093030146,2.677457846669384
M10,7.710311256571331,86.71433431135178,5.575354432076892
M1,30.753214965755276,34.984126192923284,34.26265884132144
M2,65.23249264200184,15.670039380989719,19.097467977008435
M3,7.964014417585996,70.81312638988405,21.222859192529953
M4,16.086933606762223,20.43966596070248,63.4734004325353
M5,46.10850728222041,29.84553819083439,24.045954526945202
M7,43.75600050316411,53.34489010153781,2.8991093952980833
M9,88.27978465165567,7.2371027293259536,4.483112619018372
M1,31.766430082743124,35.63499810760825,32.598571809648625
M2,68.51939737556633,16.605350865933595,14.875251758500077
M3,12.654776251805467,72.54317835594209,14.802045392252438
M4,22.6198472679598,21.496085632052626,55.884067099987575
M5,50.14915746105712,31.531946200657124,18.318896338285754
M7,44.865851090585934,55.134148909414066,0.0
M8,12.917601731217482,8.361475765781927,78.72092250300058
M1,39.91729450763954,43.80450827357516,16.2781972187853
M2,71.24572659396863,21.62260903244434,7.131664373587032
M3,12.21055597124595,79.16854457544332,8.620899453310727
M4,32.85783762443295,31.965867238682726,35.17629513688431
M5,55.88692003636744,34.565632376767496,9.547447586865061
M6,28.352733472994935,52.765718182760416,18.881548344244642
M10,3.5058566489976606,90.88716670709421,5.606976643908126
M1,37.67504686496713,39.977585250208044,22.347367884824827
M2,71.60316242222419,18.364115986222117,10.032721591553695
M3,10.701982662640651,78.10813950900967,11.18987782834968
M4,26.7828834672739,30.91359210835562,42.30352442437048
M5,55.020740255864105,33.18454165633354,11.794718087802352
M6,26.575343250922952,50.38468059305055,23.039976156026498
M9,85.3581235741923,10.578046584503515,4.06382984130418
M1,39.92363161714393,39.94163927700648,20.134729105849587
M2,75.50489110708799,16.84357389822413,7.651534994687886
M3,12.086254045336934,76.75724317218472,11.156502782478356
M4,32.09675256529143,27.196346369362494,40.70690106534607
M5,55.20499461652975,33.33470814701193,11.460297236458317
M6,30.457913154101455,46.12862190526398,23.413464940634576
M8,18.99663006615625,8.457961115783368,72.54540881806038
M1,28.2671841496582,47.525188910516725,24.207626939825083
M2,64.12814090513488,21.944637281021837,13.927221813843278
M3,8.018738463264796,81.3044915194379,10.6767700172973
M4,18.787572555100727,32.65049618994924,48.56193125495004
M5,45.12911386284267,41.03062243330301,13.840263703854319
M6,9.18790791887149,53.354948322600634,37.45714375852788
M7,27.718496510559827,61.60813933583273,10.673364153607437
