M6,27.12608871052021,36.66302550173028,36.21088578774951
M7,48.065718509069484,50.07596211522207,1.8583193757084473
M8,17.530082714774043,5.603614099722187,76.86630318550377
M9,90.00596346965399,5.1474035876633355,4.846632942682673
M10,8.404969836208114,82.89587239490376,8.699157768888128
M5,48.46384650419163,28.17756096425127,23.3585925315571
M7,47.49711274994712,50.42484124151204,2.078046008540838
M8,11.006763860807332,6.2467554525192295,82.74648068667345
M9,90.88386613093222,4.194299986798111,4.92183388226967
M10,14.421927547165337,77.66201463857728,7.916057814257385
M5,52.05523254411513,24.787246557120575,23.157520898764297
M6,31.482608652514905,35.33129889336048,33.18609245412462
M8,14.311617484309393,3.240570222778413,82.44781229291219
M9,92.01668964851974,3.0186353927684264,4.9646749587118295
M10,13.867353582109905,78.91790135151906,7.214745066371037
M5,54.577157419771346,28.216691571495765,17.20615100873289
M6,31.775534114910304,38.84132898049327,29.383136904596427
M7,51.800321863450904,48.199678136549096,0.0
M9,91.30264271839792,5.246215780438802,3.4511415011632787
M10,13.070372977574069,81.50834201681936,5.421285005606578
M5,53.013185318904604,28.88359868151816,18.103215999577237
M6,31.13807581281506,38.174103824680145,30.687820362504795
M7,51.29062001520209,48.70937998479792,-7.105427357601002e-15
M8,20.05465570452009,3.5606461570020675,76.38469813847784
M10,15.93838084073175,76.10950305192794,7.952116107340302
M5,54.01087179229252,28.548775412773416,17.440352794934064
M6,29.76176078501151,40.115985816888355,30.122253398100128
M7,50.308381914891264,49.37108370718726,0.32053437792147577
M8,18.519741407079866,5.2074107094731925,76.27284788344694
M9,91.68532049875259,4.205909266628298,4.108770234619113
M4,19.13889690654186,21.976574006085666,58.88452908737247
M7,47.41952515433292,47.212782666346975,5.367692179320102
M8,15.043645177546091,6.272481080900506,78.6838737415534
M9,87.43664158929718,4.468468075847993,8.094890334854824
M10,5.333579461251607,80.49463360472993,14.17178693401847
M4,21.909275126701672,17.95681388104909,60.13391099224924
M6,32.02508064923974,35.38084323760355,32.59407611315671
M8,15.284244093040027,6.835777622360041,77.87997828459993
M9,94.97121551415053,1.5922747139016102,3.4365097719478603
M10,9.91156826884964,81.37610346338735,8.712328267763013
M4,17.460562085832315,20.85874185292266,61.680696061245015
M6,29.720986599221966,39.85858098232198,30.42043241845606
M7,48.97001115470668,51.02998884529331,7.105427357601002e-15
M9,84.99801072990729,9.178831679893067,5.82315759019964
M10,11.09582025786229,77.34041605316006,11.563763688977659
M4,24.54917488887561,19.5264644143825,55.924360696741886
M6,27.79896407258791,41.07756021843041,31.12347570898168
M7,48.56067393580955,51.41898115123405,0.020344912956403505
M8,13.609399247457993,5.8706893410728584,80.51991141146915
M10,8.381850683883414,83.49969693372218,8.118452382394409
M4,22.686106120282474,20.704668769649544,56.60922511006798
M6,29.00719764199998,39.90372925550371,31.089073102496307
M7,51.55612302693371,48.44387697306628,7.105427357601002e-15
M8,14.072967892913631,9.294004836070306,76.63302727101608
M9,95.54659927289053,1.5221155227506913,2.931285204358777
M4,13.873791586662719,25.076966693350133,61.04924171998715
M5,51.76467772745929,29.249060916121255,18.98626135641945
M8,13.805095837091665,7.373228849154584,78.82167531375374
M9,95.97232882680436,0.31572595917430096,3.7119452140213416
M10,11.655037846938843,79.97287118702374,8.372090966037419
M4,18.140746672019983,22.347212472037786,59.51204085594223
M5,47.89237935679676,31.20642503536365,20.90119560783959
M7,45.8983633289436,51.476940867829306,2.624695803227091
M9,90.81539954222929,3.9900901537088083,5.194510304061906
M10,13.643229070411106,78.64722527786418,7.70954565172471
M4,20.306371428375623,22.44677703332146,57.24685153830291
M5,51.2617612904059,29.46563504323364,19.27260366636046
M7,44.09194949130306,54.762563487051075,1.145487021645863
M8,16.52700324002513,7.6121106705072155,75.86088608946766
M10,2.272781355953292,85.55521375592457,12.172004888122132
M4,24.550820013997036,22.18566234607261,53.26351763993035
M5,53.16530745641099,29.44568062130043,17.389011922288578
M7,45.72356655363772,53.75989022570134,0.5165432206609424
M8,16.111665526987153,8.408037988494446,75.4802964845184
M9,94.82548529580652,1.8755820931439124,3.2989326110495716
M4,20.176659646204374,19.937089858690733,59.886250495104896
M5,52.550127182454375,28.594530093538797,18.855342724006828
M6,27.797932188761894,39.63507364126563,32.56699416997248
M9,87.49648436236488,6.389948394812883,6.113567242822235
M10,5.193368145761973,85.63762847252339,9.169003381714631
M4,22.726363405616148,19.999629963696563,57.27400663068728
M5,53.76874181169537,29.035878877875174,17.195379310429455
M6,29.565151680539078,40.045593668247825,30.3892546512131
M8,13.133967389871104,7.6283320491262305,79.23770056100267
M10,5.893214350435335,85.2131611818592,8.893624467705465
M4,24.90079507766786,20.374805564707476,54.72439935762468
M5,52.338382793163724,29.263051646752217,18.39856556008406
M6,29.29515150898737,39.695077489534036,31.00977100147859
M8,14.141619319103658,7.762608122720681,78.09577255817567
M9,88.7135802352197,6.4629128171154955,4.82350694766481
M4,25.22741319521795,20.564987016953413,54.20759978782864
M5,53.58665402942642,28.862519532212293,17.550826438361288
M6,29.938085060257723,39.93702402988851,30.124890909853768
M7,48.654869894601184,51.060102696770784,0.2850274086280322
M10,5.861211433440946,85.32635876791905,8.81242979864001
M4,22.799583145509608,20.260821807087773,56.93959504740261
M5,54.03053484486758,28.770280212318468,17.19918494281395
M6,29.77638707164014,40.00744391628077,30.216169012079085
M7,48.923070446301985,51.07692955369802,-7.105427357601002e-15
M9,90.15918653349961,6.576041402785187,3.2647720637152062
M4,24.353940153751854,20.304584040396293,55.34147580585186
M5,53.17109704290066,28.888666618029962,17.940236339069376
M6,28.5334120477159,39.71641744685255,31.750170505431548
M7,48.20411916547244,51.48632910584983,0.3095517286777252
M8,14.117183113669395,7.962645879221404,77.9201710071092
M3,8.09106494907316,69.61342517748822,22.29550987343862
M7,47.415367148017694,50.027712456071484,2.556920395910822
M8,10.301735994622518,7.335944689624155,82.36231931575333
M9,80.08972395846406,7.709275932488993,12.201000109046944
M10,4.912988192021428,83.11813974617264,11.968872061805925
M3,9.035777612247312,67.67834727252055,23.28587511523213
M6,21.63201002024527,40.9787393732312,37.389250606523525
M8,12.032060000586362,6.2336543311565356,81.7342856682571
M9,84.45513475411613,9.567279122536386,5.977586123347484
M10,16.74840485787136,73.74727762526611,9.504317516862528
M3,11.681321245988135,69.64674628501417,18.671932468997696
M6,30.114717958028013,41.26372665817029,28.6215553838017
M7,49.74447829295949,50.255521707040494,1.4210854715202004e-14
M9,90.02546650238288,6.306495638676148,3.668037858940968
M10,10.101572358186322,84.13577725728585,5.762650384527831
M3,11.831706771446594,68.33896526541577,19.829327963137644
M6,29.500239881617315,41.19831296680045,29.30144715158223
M7,48.56405335265923,51.02155109046703,0.4143955568737425
M8,13.51393553875536,6.109060913097161,80.37700354814747
M10,8.17611609924207,83.60565613482974,8.21822776592819
M3,7.7784831152317615,70.93065997511148,21.290856909656753
M6,31.616301757042116,37.69576875217452,30.687929490783354
M7,47.739167359677076,50.09516948279345,2.1656631575294725
M8,15.898165376540225,7.627443320632033,76.47439130282774
M9,91.47222830717735,3.863075721786539,4.6646959710361156
M3,7.007263663760554,71.07789053129831,21.914845804941137
M5,47.93873895696688,28.697363921446403,23.363897121586717
M8,10.145241799765829,7.572411969671276,82.2823462305629
M9,91.516926768939,3.1136468582588357,5.369426372802163
M10,16.748110964805328,73.70349535880524,9.548393676389423
M3,9.794815386243885,69.08227872239374,21.12290589136238
M5,50.59070219156329,29.392148651640387,20.017149156796325
M7,48.78819220355842,50.32584468023037,0.8859631162112152
M9,89.67646156634876,6.215593745985669,4.107944687665568
M10,10.060918930466777,84.18793879692754,5.7511422726056765
M3,9.02984977839526,67.99454748563396,22.97560273597078
M5,46.65135912902118,30.27501847916586,23.07362239181296
M7,46.07198084150935,51.49775471828388,2.43026444020677
M8,10.83883961180633,6.338769166826832,82.82239122136683
M10,10.737596590858661,83.6321485284482,5.630254880693144
M3,9.07572432318611,67.91931052915963,23.00496514765426
M5,46.82657637862108,30.158499573292385,23.014924048086538
M7,46.37347672044227,51.330463771182465,2.296059508375265
M8,10.869450307421525,6.349784863644302,82.78076482893417
M9,91.67787155862874,2.758956522830987,5.5631719185402755
M3,11.292716169989097,70.00265432752431,18.704629502486597
M5,53.31099485111415,29.209925514672477,17.47907963421337
M6,30.403396513919038,40.2808806719554,29.315722814125564
M9,90.16887731993786,5.502753329390707,4.32836935067143
M10,11.640439459424028,81.96773301165777,6.391827528918199
M3,10.63951343260743,70.05506949750114,19.305417069891433
M5,52.865344485403895,28.560957622059515,18.57369789253659
M6,28.385943809783274,39.7401836597148,31.873872530501927
M8,13.179578083666895,6.385310694587732,80.43511122174537
M10,7.505099134404515,84.34583318791036,8.149067677685125
M3,9.047807438088475,72.21402447857928,18.738168083332255
M5,51.10131462246994,31.037531083778873,17.861154293751184
M6,26.07244011663871,42.691893209280096,31.235666674081187
M8,16.729414266663035,7.0368507451659585,76.233734988171
M9,95.55168487744109,1.556943286324427,2.891371836234483
M3,11.14696306970012,72.01027371217954,16.84276321812034
M5,55.14136567730571,26.67273671576586,18.18589760692843
M6,32.232645567029984,37.77341914612878,29.993935286841243
M7,52.732960766306576,46.75629584973356,0.5107433839598627
M10,12.016066473150513,83.10297971586412,4.8809538109853605
M3,11.017259542823346,70.92722603333539,18.05551442384126
M5,52.744750546982345,29.543745036027765,17.71150441698989
M6,31.03692891881474,39.113918391169236,29.849152690016027
M7,46.31278782504586,49.10994034481697,4.577271830137171
M9,89.99947388149599,1.7855564328944191,8.214969685609594
M3,10.751644962372472,70.17826594333329,19.070089094294246
M5,53.07825450731865,28.532213459022365,18.389532033658988
M6,30.23371577359261,40.091441752430164,29.67484247397723
M7,48.920554211379844,50.846410262192144,0.2330355264280115
M8,14.68078984528293,8.18203544684081,77.13717470787626
M3,15.627440064541501,65.22588989202883,19.146670043429665
M4,20.41658262701997,23.090980850965884,56.49243652201414
M8,9.480984331744015,9.720784379461138,80.79823128879485
M9,94.53529079564902,1.937091968999639,3.527617235351342
M10,10.723088959687683,80.72148795826641,8.555423082045905
M3,12.382483936615879,67.38372230578959,20.233793757594526
M4,17.979405976462022,20.77476270226976,61.24583132126822
M7,48.923674519084265,51.07632548091544,2.913225216616411e-13
M9,92.99992407522636,0.679389994288663,6.320685930484977
M10,8.758298640167977,75.16664378403776,16.07505757579426
M3,13.303331025353643,68.07162361631897,18.625045358327384
M4,24.512488913086973,19.721748702358042,55.76576238455499
M7,47.75651910980464,51.72319312087868,0.5202877693166741
M8,12.466610834830908,6.175678641773301,81.3577105233958
M10,9.73998161856673,81.91806638352467,8.341951997908595
M3,11.802848015498785,68.76211914621531,19.435032838285906
M4,20.88181393039026,20.823962402517694,58.294223667092055
M7,51.09799128580857,48.902008714191425,7.105427357601002e-15
M8,10.456688018147236,1.6230858058276976,87.92022617602507
M9,94.24494600066959,2.4659579486579615,3.2890960506724527
M3,9.992708990951519,68.95903121963805,21.048259789410437
M4,22.77163865276713,20.293795939842767,56.934565407390096
M6,27.87958008016638,39.68013254537393,32.44028737445969
M9,87.2180058864624,6.359148594272842,6.422845519264765
M10,6.498269235978034,83.93449320380456,9.567237560217407
M3,11.795596884663514,69.97772002462591,18.22668309071058
M4,24.38267200392365,20.158596000529375,55.458731995546984
M6,28.241929275657082,39.41098334510345,32.34708737923946
M8,12.446954196342636,7.675960096814057,79.87708570684332
M10,6.817550463884079,85.03893791438563,8.143511621730298
M3,13.94173527103693,68.32542897564866,17.732835753314404
M4,25.885830176932085,19.90348005204402,54.210689771023894
M6,28.36565962389341,40.78336428470686,30.85097609139973
M8,14.421173990354854,7.857925106572465,77.72090090307267
M9,92.54159715496466,3.2586907480053213,4.199712097030016
M3,10.350605196642418,70.5609293199796,19.088465483377973
M4,21.433490216420157,20.476364318966787,58.09014546461306
M6,27.834083669277135,40.29252780065627,31.873388530066592
M7,47.95918866679199,51.70466614684268,0.33614518636532864
M10,5.538482600613035,86.2509964773735,8.210520922013458
M3,10.654251539360862,70.01464928715279,19.33109917348635
M4,18.673437272089252,19.771373518739242,61.555189209171516
M6,35.16250457234438,35.58402863960533,29.253466788050297
M7,49.03824033695626,50.96175966304374,0.0
M9,89.3941108610702,6.495574794725994,4.110314344203803
M3,11.994168498962999,70.30435910810039,17.70147239293661
M4,26.224979543622574,20.685547810084774,53.08947264629266
M6,30.428946505303397,40.12479086503028,29.44626262966632
M7,48.69626277769385,51.30373722230621,-6.394884621840902e-14
M8,14.537925322581485,8.063107003846117,77.3989676735724
M3,8.535027311903299,69.24218502969713,22.222787658399582
M4,16.28205957839146,20.1816726312363,63.53626779037225
M5,47.39496327111572,29.169167306000173,23.435869422884107
M9,89.1370261692235,6.3567166316129535,4.506257199163543
M10,10.06794537309046,84.1711690016114,5.760885625298144
M3,10.814333758579886,69.84478276480394,19.34088347661617
M4,23.296491830022465,20.003079242896504,56.700428927081035
M5,54.154515896079936,27.08509591813758,18.760388185782485
M8,11.87709924291598,7.62550713195499,80.49739362512904
M10,6.2311280819216375,86.313893273382,7.454978644696354
M3,10.640157378180085,69.94595394282265,19.413888678997267
M4,24.14629006831445,20.215858760274184,55.63785117141137
M5,53.63329151561646,29.191827968677625,17.17488051570591
M8,12.917102099240505,7.796966622338161,79.28593127842133
M9,89.28252662268046,6.545602700997851,4.171870676321685
M3,10.22890516514758,71.34279443181426,18.428300403038165
M4,23.422404434908493,20.611877507312244,55.96571805777927
M5,53.63425138950311,27.956781609365855,18.408967001131032
M7,45.29848485155747,53.93004343818337,0.7714717102591635
M10,5.297132222788654,85.88307200771796,8.819795769493396
M3,9.541199725586818,71.72348154806485,18.735318726348325
M4,25.295619957506318,20.926316444577214,53.77806359791647
M5,54.59935908103837,28.49774357160592,16.902897347355708
M7,47.89622581143863,52.10377418856136,7.105427357601002e-15
M9,89.72310702130136,6.912469172671902,3.364423806026738
M3,10.845726136025187,69.81102347253123,19.343250391443576
M4,24.701814573391093,20.259693208006638,55.03849221860227
M5,53.520787762624444,29.270956461972688,17.20825577540287
M7,48.137174824014004,51.79902252758047,0.0638026484055274
M8,13.844789539387127,7.859171171801253,78.29603928881163
M3,11.865479918491463,71.91226920314386,16.222250878364676
M4,24.697304555544946,20.333427089643493,54.96926835481156
M5,52.76507093987746,30.849874512694846,16.385054547427693
M6,27.638101378834996,40.22462811247333,32.13727050869168
M10,7.578422489313743,86.71970455339357,5.701872957292693
M3,8.92964873347877,73.32151257826129,17.748838688259937
M4,17.324195446291718,22.076052054376216,60.599752499332055
M5,47.34517667772708,30.955464576060137,21.69935874621278
M6,22.40972614496947,43.07146152737364,34.51881232765689
M9,84.19353195292668,10.05830702284626,5.748161024227064
M3,11.500223214648148,70.34117633111264,18.15860045423922
M4,24.646877215581647,20.439557502090075,54.913565282328285
M5,53.279493820581834,29.20508623879167,17.515419940626497
M6,28.99725333859612,40.23562269111372,30.767123970290157
M8,14.131240524554489,7.990311745748168,77.87844772969734
M3,9.171842494010997,72.65946103956203,18.168696466426965
M4,23.290557551611684,18.84094893095501,57.86849351743331
M5,50.82048028165134,30.412876224986046,18.76664349336261
M6,26.87678579526464,42.30704598757044,30.816168217164922
M7,43.29254255031766,55.076139782103986,1.631317667578351
M2,65.74439935565704,18.895212256539416,15.360388387803546
M7,49.03786536075119,50.551511191495834,0.4106234477529753
M8,9.127474936654455,7.789652179211016,83.08287288413453
M9,85.47643937999665,9.814504318242388,4.709056301760963
M10,6.733866382691503,84.16011418246987,9.106019434838629
M2,67.46358313989893,16.013655359555624,16.522761500545446
M6,27.17709861671795,39.64274928272616,33.18015210055589
M8,12.148384413988728,5.823919737144564,82.02769584886671
M9,90.297096590144,5.469927195598595,4.232976214257411
M10,12.798891792350727,80.27836241559177,6.922745792057498
M2,69.23864666425254,17.83317651609629,12.928176819651167
M6,31.148150503709125,39.30800600605983,29.54384349023104
M7,49.433239507031836,50.19084914749173,0.3759113454764318
M9,87.37962574215238,8.458906548084116,4.1614677097635
M10,15.39488983132718,76.01351251556719,8.591597653105637
M2,68.91254218605413,15.196231855243063,15.891225958702812
M6,28.96499653729469,38.79094478764114,32.24405867506417
M7,53.54046109153038,46.45953890846961,7.105427357601002e-15
M8,17.774002832309183,4.813620367045183,77.41237680064563
M10,16.27847329113493,76.19946435956658,7.522062349298494
M2,67.38596690805011,16.453080182154064,16.160952909795828
M6,29.312189859196454,40.21182208794221,30.47598805286134
M7,50.23254550605016,49.34579598919182,0.421658504758021
M8,18.523531115051703,5.2224230681873385,76.25404581676096
M9,90.75565585919321,5.023040115942778,4.22130402486401
M2,69.02284605276928,15.895533345780763,15.081620601449956
M5,48.237662015315635,28.361906228251065,23.4004317564333
M8,11.987691204477127,4.599045030111327,83.41326376541154
M9,91.14963790856301,3.7236965854019597,5.126665506035032
M10,14.152908206299662,77.94239328005062,7.90469851364972
M2,67.0870055836798,16.649013318092322,16.26398109822788
M5,52.51763771886188,31.3755409993022,16.106821281835924
M7,50.46052226296679,49.53530077759987,0.004176959433337402
M9,96.34715339432228,0.3965363272872003,3.256310278390523
M10,18.310435216728386,71.51810319138625,10.171461591885361
M2,65.18755966329512,17.32569656950244,17.48674376720244
M5,50.116620063201054,29.876589633779915,20.00679030301903
M7,46.68464490958516,51.450366660087695,1.864988430327145
M8,10.93506262196373,6.321025844922622,82.74391153311365
M10,10.398762643923622,83.34890662663253,6.252330729443855
M2,69.55083680852103,15.620577672339042,14.828585519139931
M5,47.62690917787348,29.07987373902689,23.29321708309963
M7,50.70398681696482,49.29601318303518,0.0
M8,9.801233332547795,8.156111356713925,82.04265531073828
M9,90.20534654998376,5.747866434902729,4.046787015113512
M2,71.11686847197109,13.839640977671268,15.043490550357644
M5,53.94721857937836,28.753095061278998,17.299686359342644
M6,31.911399866401435,38.245768229940516,29.842831903658045
M9,89.00645092569438,6.193121413122025,4.800427661183594
M10,7.375868817894571,85.55821346606358,7.065917716041852
M2,68.09653875067534,18.420768093302335,13.482693156022329
M5,54.10705837427612,28.269626723291953,17.623314902431925
M6,29.99029975000109,39.79959170161702,30.210108548381896
M8,17.537450777697128,5.411133032872562,77.05141618943031
M10,7.623440358456608,83.42074649916404,8.955813142379355
M2,67.71242978389486,16.35793856653406,15.929631649571078
M5,50.597956741629105,29.487424759183668,19.914618499187227
M6,28.817306921959926,40.41405918257459,30.768633895465484
M8,17.11653250159975,6.165747462516082,76.71772003588417
M9,91.91632749421615,3.977129925141194,4.1065425806426585
M2,69.7717373300177,16.98513046584808,13.24313220413422
M5,54.00662706986791,29.89497403447335,16.09839889565874
M6,29.974014054951336,41.79676415256479,28.22922179248387
M7,48.94177982119682,51.058220178803175,7.105427357601002e-15
M10,7.850040570598928,84.0455510417047,8.104408387696367
M2,72.76002876347799,14.256366550198042,12.983604686323968
M5,60.30448566824767,28.579041975846376,11.116472355905952
M6,28.829697593626488,39.4234697643219,31.746832642051608
M7,50.18689292176253,49.60601392905722,0.20709314918025257
M9,89.20559353876811,6.151114374960985,4.643292086270902
M2,67.93491095197682,17.12089145396825,14.94419759405493
M5,52.35298966790667,29.891562873151422,17.75544745894191
M6,28.421751330616836,41.38444945018559,30.193799219197565
M7,48.622874108950235,51.37712589104976,7.105427357601002e-15
M8,17.55539817774757,5.458571972293898,76.98602984995853
M2,72.43649997085934,16.189343760071367,11.374156269069289
M4,18.268938036418938,24.776800795899693,56.954261167681366
M8,10.777410659547403,6.256945337289473,82.96564400316313
M9,89.22932081846442,1.373627433535842,9.397051747999742
M10,6.223449897534626,79.32569100044005,14.450859102025333
M2,63.759956063277066,18.87451275448625,17.365531182236683
M4,17.74243175482473,22.52598747074417,59.731580774431094
M7,45.64113899073355,52.00042083655287,2.3584401727135784
M9,90.09283319496075,5.22732616344442,4.679840641594833
M10,13.57580706887207,78.75440291240508,7.66979001872285
M2,71.84296907889876,16.806696005867234,11.350334915234004
M4,24.087369249924116,19.3122120166513,56.60041873342459
M7,43.95620156973392,51.928279467315825,4.115518962950254
M8,17.947304583554576,4.966669888352685,77.08602552809275
M10,7.86938341160765,83.34910779213408,8.781508796258265
M2,63.21012714176133,20.983878825939897,15.80599403229877
M4,17.488973277536797,22.177805938958844,60.33322078350436
M7,51.0484593814821,48.9515406185179,0.0
M8,10.961055985308048,7.94483093536965,81.0941130793223
M9,93.9564173573824,2.614317691883309,3.4292649507342845
M2,71.77007392304222,14.543744378043165,13.686181698914616
M4,22.861879738637622,20.04239850612801,57.095721755234365
M6,26.09208622481238,38.96829836461558,34.939615410572046
M9,85.98368413018702,6.254943820438774,7.761372049374211
M10,7.166455146048759,85.29471813212874,7.5388267218225025
M2,67.71616365617865,16.029588401168166,16.254247942653183
M4,22.76119930823782,20.121028471431405,57.11777222033078
M6,26.94524239847137,39.50292449985043,33.551833101678206
M8,8.974251181738872,7.298163455869564,83.72758536239155
M10,6.544393559421134,85.81223702981718,7.643369410761679
M2,69.70855320639035,16.649846179642797,13.641600613966855
M4,25.097062396360446,20.563787002201245,54.33915060143831
M6,27.922159467582013,41.1467767147377,30.931063817680283
M8,16.36077243675798,6.047497800449746,77.59172976279227
M9,88.78483499662848,6.5310277035918425,4.684137299779682
M2,69.50406551916514,17.13889528790695,13.35703919292791
M4,26.427091388436185,19.9646019135349,53.60830669802892
M6,28.019507628224197,41.72411177047453,30.256380601301267
M7,47.79421271127766,51.908169136724545,0.2976181519977956
M10,7.218044482536598,83.92797929625999,8.85397622120341
M2,72.41423378205545,14.043665679105747,13.542100538838806
M4,24.944376614993107,20.548149095752414,54.50747428925448
M6,30.01465850324286,38.35181664575842,31.633524850998725
M7,50.65376039540719,49.34623960459281,0.0
M9,90.67079718353214,6.221020520021814,3.1081822964460413
M2,68.57823894596159,18.532770024766002,12.888991029272411
M4,23.63274346508226,21.302013339105596,55.065243195812144
M6,26.589103500998455,40.56047324156152,32.850423257440035
M7,47.227795601699974,52.32892645072502,0.44327794757500527
M8,15.193730182764018,7.169781242924089,77.6364885743119
M2,66.26058685942066,14.458383186686044,19.281029953893302
M4,24.799419860009223,20.342652212044097,54.857927927946676
M5,52.5973421906346,28.940238118399623,18.462419690965778
M9,89.12703112333361,6.60307725959377,4.269891617072621
M10,6.148152296274647,85.47704217432893,8.374805529396426
M2,68.00344245135918,16.756220207378693,15.24033734126213
M4,22.42945093274576,19.867381353923957,57.703167713330274
M5,45.934738661854574,27.85427273634024,26.210988601805187
M8,0.3770876238365757,6.42955484926266,93.19335752690077
M10,5.369205137288609,85.90075723411377,8.730037628597628
M2,68.48464697154355,15.005810222743925,16.50954280571252
M4,16.8076109597578,19.118102735385346,64.07428630485686
M5,51.416154336910516,28.76354967319056,19.820295989898923
M8,9.269205098909802,7.371592123218096,83.3592027778721
M9,88.52568739645064,6.690278980122705,4.78403362342666
M2,69.62467867565135,17.195520721570183,13.179800602778464
M4,23.007922949361095,20.22497890965399,56.767098140984906
M5,53.207449475944784,30.09038357752897,16.702166946526244
M7,45.04789732122803,52.576337492655256,2.375765186116716
M10,10.346302736602373,84.17289023391704,5.480807029480587
M2,70.84743305835869,14.90651980613059,14.246047135510722
M4,24.889415225214034,20.398763459478758,54.711821315307205
M5,47.026506263225734,29.196329059619995,23.77716467715427
M7,43.53007240317936,55.31859423545057,1.151333361370071
M9,88.66113966402234,6.56887231668951,4.769988019288147
M2,67.64277312886466,16.189204938211233,16.168021932924105
M4,23.43974949123918,20.710002499731086,55.85024800902973
M5,52.63311137583706,28.69418081019245,18.67270781397049
M7,45.83793905597783,53.459737348747474,0.7023235952746987
M8,15.804121681985071,6.057241633331628,78.1386366846833
M2,69.48927327941979,17.055672263088844,13.455054457491364
M4,25.4573450114429,21.072799319373143,53.46985566918396
M5,54.02027896538444,28.43181774980667,17.54790328480889
M6,28.944477165253254,41.056363030262176,29.999159804484563
M10,7.540130725338914,83.86569290489695,8.594176369764142
M2,69.12163969509183,16.250025308260163,14.628334996648007
M4,24.159573915451357,20.39995394810449,55.44047213644415
M5,53.4208446503399,29.32938435063652,17.24977099902358
M6,27.370105828736072,41.43840043647116,31.191493734792765
M9,89.70744360590997,6.784272329888049,3.5082840642019786
M2,69.02258964588577,16.975189057546167,14.00222129656806
M4,24.030286785991176,21.066401586506856,54.903311627501964
M5,52.72706689082005,28.92012597707819,18.352807132101763
M6,28.996452995225404,39.927785930627046,31.075761074147543
M8,15.8567285723969,6.049735927325428,78.09353550027767
M2,69.12503986014293,16.992280385498592,13.882679754358474
M4,25.415428702913207,20.8550721361592,53.729499160927595
M5,54.82197429177674,27.457840450260708,17.72018525796255
M6,29.252276356709096,40.60300269228943,30.144720951001467
M7,44.68580991139547,54.72974732491905,0.5844427636854803
M2,65.32138904207834,17.29952808396344,17.37908287395822
M3,8.209203038199925,69.16579317775933,22.625003784040743
M8,8.178800962183661,10.789714638963414,81.03148439885292
M9,91.65753495946745,2.665729877003903,5.676735163528642
M10,18.359074798007548,70.82532999798404,10.815595204008403
M2,67.87298911669485,15.989148545684268,16.13786233762088
M3,8.036874707020198,71.99429606398836,19.96882922899144
M7,48.740342405233534,50.62189141182667,0.6377661829397994
M9,90.29082487447877,5.365964276823668,4.343210848697559
M10,13.69858169509103,78.76623702343903,7.5351812814699315
M2,64.71296277161937,17.45783186454764,17.829205363832987
M3,12.113914890004649,68.06331871913515,19.822766390860195
M7,46.10529928798259,51.50077837539121,2.393922336626204
M8,10.81549160514255,6.3506119422731695,82.83389645258427
M10,10.667117615665676,83.64565385245682,5.687228531877508
M2,70.47545939460848,16.312636462929465,13.211904142462057
M3,14.614196864598753,67.65807282811461,17.727730307286635
M7,49.786134223672406,49.99105548699553,0.2228102893320667
M8,17.67666611134873,5.363101761986004,76.96023212666526
M9,85.8398051089397,9.33337235708195,4.8268225339783495
M2,71.49171685488618,14.394577702253454,14.113705442860368
M3,11.06999627674507,70.12572569161989,18.804278031635036
M6,30.088186064831977,39.772955292757935,30.138858642410092
M9,87.86625578953274,6.176673126428728,5.957071084038528
M10,6.421509225963049,85.4473935712775,8.131097202759449
M2,67.2178545653052,17.071758561736786,15.710386872958011
M3,12.124779356452825,68.8823726795963,18.99284796395088
M6,26.095713551074255,41.834244682949674,32.07004176597607
M8,12.594752469371967,6.477000682243188,80.92824684838484
M10,8.083804877318553,83.91419420874473,8.002000913936712
M2,65.56563047811537,18.30897630324135,16.125393218643282
M3,6.356766654077829,73.44422151717885,20.199011828743323
M6,25.11380266313581,43.095657252041136,31.79054008482305
M8,8.003912447462225,12.345652237022378,79.6504353155154
M9,90.17909678049472,5.913122394780727,3.907780824724556
M2,66.49290532943462,16.53457296538925,16.97252170517613
M3,12.80892022931465,69.36672071193433,17.824359058751014
M6,26.62124187832968,40.50778788377874,32.87097023789158
M7,45.448977827340286,52.41145456832062,2.139567604339092
M10,12.737634597062758,80.43804363408178,6.824321768855455
M2,71.486953644069,13.82201061691274,14.691035739018256
M3,11.162653480707595,70.07540176324119,18.76194475605122
M6,31.813006017193988,38.233674754973734,29.95331922783228
M7,49.14073053722817,48.296953629348714,2.5623158334231135
M9,88.79765475316263,6.251095069848496,4.9512501769888715
M2,68.33338595608954,17.06083278489426,14.605781259016197
M3,10.576837913599656,68.9934895299796,20.42967255642074
M6,26.53810357638319,41.848251228688184,31.613645194928623
M7,47.11710957852997,51.10697040716177,1.7759200143082623
M8,11.712986969485502,6.650603271066884,81.63640975944762
M2,68.11770849797443,14.258034018329887,17.62425748369568
M3,8.974602935687148,69.71194050903607,21.313456555276787
M5,49.677255597167246,27.886974904763097,22.435769498069657
M9,89.44542347560417,6.390369453928371,4.164207070467456
M10,8.442383875419338,86.97995487800199,4.577661246578671
M2,66.17500660717212,14.486099547846319,19.33889384498156
M3,8.40824957737937,69.14334838422492,22.448402038395713
M5,51.9395723411466,28.890038049951396,19.170389608902003
M8,10.082621244148116,7.548401880921805,82.36897687493008
M10,9.176107231654596,86.23173786777656,4.592154900568843
M2,64.28382594752787,18.122892426272653,17.593281626199474
M3,4.954734431503259,74.9381529374868,20.10711263100994
M5,43.552174101992556,35.56440747608665,20.883418421920794
M8,8.449480654432143,10.395687116766654,81.15483222880121
M9,89.79232412124387,5.76206944181177,4.445606436944365
M2,68.75256508004253,13.291748878472237,17.955686041485233
M3,11.025241463179405,68.63118126631028,20.34357727051031
M5,49.59000138385478,29.631968875115973,20.778029741029243
M7,44.8481720600828,53.25720052350032,1.8946274164168742
M10,9.16584852957972,85.17092084575549,5.663230624664791
M2,67.93273938243684,14.22005619100277,17.847204426560396
M3,8.892582532369877,69.68514810618362,21.42226936144651
M5,49.38316551222757,27.81646988455957,22.80036460321286
M7,47.20893288096938,50.04671491229924,2.744352206731385
M9,89.71824514596508,6.398210464808802,3.8835443892261132
M2,70.81637174909731,14.892664060121353,14.290964190781333
M3,11.734062503142138,70.16287196030486,18.103065536553004
M5,53.63754173745354,29.075180257137017,17.287278005409444
M7,48.52002205042565,51.40977520499863,0.07020274457571674
M8,19.244418488256358,4.898078760869914,75.85750275087373
M2,66.65850130602568,16.66047886925564,16.681019824718675
M3,6.303943755742334,76.86210349907846,16.833952745179204
M5,53.5379307571853,27.277360083491914,19.184709159322786
M6,26.009630959008568,40.31978217497743,33.67058686601399
M10,5.087943544890855,88.52074221455283,6.391314240556312
M2,71.28127903658054,14.382364019492158,14.3363569439273
M3,10.908848419634129,71.06510295469839,18.026048625667485
M5,47.39629156234046,29.746998956419564,22.856709481239978
M6,31.027183182119714,39.23075869083291,29.74205812704738
M9,89.76697187443759,2.0943904966959477,8.138637628866466
M2,66.3682466798625,17.356082261116427,16.27567105902108
M3,13.227330079264007,69.29571183089809,17.476958089837908
M5,53.14131965255827,29.065682049877523,17.792998297564203
M6,29.058513360427156,40.631414184957734,30.31007245461511
M8,14.334111757365934,8.00210560831002,77.66378263432405
M2,68.88122779036371,17.43988408845342,13.678888121182869
M3,9.796626237134452,73.14198821029375,17.061385552571807
M5,54.52008232131381,27.075875309847607,18.404042368838585
M6,29.32505354350912,39.844557761349776,30.83038869514111
M7,45.10491219321143,52.9712770747122,1.9238107320763689
M2,66.62313467119841,14.69174694438733,18.685118384414256
M3,8.939725823905574,69.46350672853008,21.596767447564346
M4,24.737550340426868,20.371048484451798,54.89140117512134
M9,88.56614294921,6.503916503343029,4.929940547446967
M10,7.47279712981975,85.71303540589243,6.81416746428782
M2,69.86500036369868,15.073182220098975,15.061817416202341
M3,11.827862063057534,70.17250267070472,17.999635266237746
M4,23.213097636945516,20.196251326259425,56.59065103679505
M8,8.896757600474215,7.345746850936952,83.75749554858884
M10,6.541286589930217,85.889143314644,7.5695700954257745
M2,72.62083880984174,12.519826529694305,14.859334660463952
M3,15.832727438753455,66.55681755443561,17.610455006810938
M4,24.51298904742532,20.663226511568276,54.8237844410064
M8,5.419434649162218,11.63630735403958,82.9442579967982
M9,87.41948057413823,5.560533930813346,7.01998549504842
M2,71.74376759493201,16.023145502635355,12.233086902432635
M3,14.75974803108684,70.30564853556824,14.934603433344918
M4,24.774125828920386,20.73636891245705,54.48950525862256
M7,46.61526367718601,53.1462981155071,0.23843820730689202
M10,8.735935841030381,83.92956337006957,7.334500788900044
M2,71.42284564516426,14.932803935525905,13.644350419309836
M3,11.73099103525751,70.32231665911553,17.946692305626954
M4,25.328914296506785,20.49626612909333,54.17481957439989
M7,48.61878588751764,51.38121411248239,-2.842170943040401e-14
M9,89.04423383145695,6.58014751177952,4.37561865676353
M2,71.0641183907129,14.957320879578818,13.978560729708276
M3,11.743457114654277,70.21491169251128,18.041631192834444
M4,24.6606611575293,20.34241442339837,54.99692441907233
M7,47.655791840288444,51.35622570163379,0.9879824580777665
M8,13.666034466570737,7.922800590547399,78.41116494288187
M2,67.3467621683829,16.539544505254394,16.11369332636271
M3,10.777956532696786,70.98332346085397,18.238720006449242
M4,25.96484266627977,19.610516263096144,54.42464107062409
M6,27.483010934188755,40.664407679558416,31.85258138625283
M10,5.393817676274728,86.1894492545638,8.41673306916148
M2,67.22335560914587,16.790140565678627,15.986503825175504
M3,7.072519349789798,71.75097452314608,21.176506127064116
M4,21.462326063879125,22.497189117497783,56.0404848186231
M6,24.87127954770434,41.73516770469266,33.393552747602996
M9,85.22646144885339,9.64252760601884,5.131010945127775
M2,68.79217800815513,16.507607815258467,14.7002141765864
M3,11.838876713566757,70.20788336531814,17.9532399211151
M4,24.973337451498395,21.01459267055144,54.01206987795017
M6,26.961424767282672,42.02247733555408,31.016097897163256
M8,14.153507593255153,7.8120094551220705,78.03448295162278
M2,69.06260431314533,17.032193830550376,13.905201856304295
M3,10.944482112226614,70.87867523875545,18.176842649017942
M4,25.00398145347385,21.308461607242545,53.68755693928361
M6,28.415571384740044,40.44045977510939,31.143968840150563
M7,44.60461755323822,54.625063107499635,0.7703193392621444
M2,70.01060530386187,14.753234512684246,15.236160183453888
M3,7.39244947296608,71.28946018386064,21.31809034317328
M4,22.189091695136593,22.050985247333543,55.75992305752986
M5,49.93017101781891,31.265959502008954,18.80386948017214
M10,4.931929544062954,87.26952141950692,7.798549036430131
M2,68.19594067398594,16.85147843424301,14.952580891771046
M3,5.143772770101241,74.98033567349101,19.87589155640775
M4,19.768407375703973,24.034920557395335,56.19667206690069
M5,43.23869981487531,35.605296543032004,21.156003642092685
M9,87.82900680847024,8.540497814010273,3.6304953775194875
M2,67.4199875179983,16.31956214710861,16.260450334893097
M3,8.021395877943867,73.5729933518534,18.405610770202742
M4,23.54509578446438,21.349827957286596,55.10507625824903
M5,47.87169360567994,33.127934808358454,19.00037158596161
M8,12.376147419312005,9.20896184974515,78.41489073094284
M2,65.53835724277002,15.113759353155286,19.347883404074693
M3,13.517922373377523,68.36642380726259,18.115653819359878
M4,22.37709964276001,22.160393430415326,55.46250692682466
M5,45.0373742826877,32.10315496136463,22.85947075594767
M7,44.01497498187876,53.67778451897849,2.3072404991427504
M2,68.98073934666179,17.784883649766172,13.234377003572035
M3,11.49642638497889,72.41447040720848,16.089103207812627
M4,24.307974401441502,23.287432536522715,52.40459306203579
M5,50.201194094781485,32.17379013109544,17.625015774123078
M6,23.834012802622098,43.64708201324129,32.518905184136614
M1,37.21979266847668,31.631426760916955,31.148780570606366
M7,50.284344270338856,49.31413530089252,0.40152042876862737
M8,13.51051945980315,6.00549675409715,80.4839837860997
M9,85.871897664254,9.298813716668988,4.829288619077005
M10,8.741418218503737,82.93036217600265,8.328219605493615
M1,38.05563838836512,33.758812047827355,28.185549563807527
M6,30.415551681940364,38.082302337237756,31.502145980821872
M8,13.044946997489888,5.229142281943276,81.72591072056683
M9,88.60299301956086,8.967936317788071,2.429070662651073
M10,15.864568900279568,76.2954873785985,7.839943721121941
M1,35.934504414253745,32.93739032218391,31.12810526356234
M6,27.179182479795926,38.885767199834525,33.93505032036955
M7,49.842958785965536,48.243750970891526,1.9132902431429386
M9,88.67557047693708,5.862525734150538,5.461903788912379
M10,8.508215614398019,85.47425033946676,6.017534046135225
M1,35.543242725774824,35.40053152639383,29.05622574783134
M6,29.540510344394086,39.071553929166825,31.387935726439096
M7,47.40755685165724,50.363304518618264,2.2291386297244955
M8,20.234555009242385,5.42774868787223,74.33769630288539
M10,5.284886623181981,85.3338310739491,9.381282302868925
M1,37.61649432664317,33.76182422549256,28.62168144786427
M6,31.878011536593434,37.320475793463274,30.801512669943293
M7,54.06249099542283,45.84345668128056,0.09405232329661573
M8,16.793220661839392,0.0,83.2067793381606
M9,93.47905964729648,2.8745246223545027,3.6464157303490166
M1,34.00812126127166,33.42874172134353,32.563137017384804
M5,56.633000256256025,24.1019640676169,19.265035676127074
M8,13.03339450046527,4.489689076070873,82.47691642346385
M9,91.6887157919594,4.667454753713517,3.6438294543270873
M10,12.201117060470594,81.33131804513735,6.467564894392055
M1,38.04767541897755,30.571109764801115,31.381214816221338
M5,56.46927221776308,24.846508047395435,18.684219734841488
M7,48.40759244288884,51.03729926446697,0.5551082926441921
M9,86.27602803711257,8.690052381253455,5.0339195816339775
M10,5.046791938941064,87.0261094765039,7.927098584555026
M1,31.704586340890817,36.017331224841385,32.2780824342678
M5,53.32203914357522,28.72397722507366,17.95398363135112
M7,51.7260049159321,48.2739950840679,0.0
M8,19.64722593127199,3.808032252890011,76.544741815838
M10,15.296203446481057,76.82373380357775,7.880062749941189
M1,38.53587279512949,31.881289160897268,29.58283804397324
M5,57.88582779581755,25.246220309192577,16.867951894989876
M7,51.638688506624995,48.24443060189182,0.11688089148318426
M8,18.070599047184995,5.722286379246209,76.20711457356879
M9,86.83340159383758,8.564051133714718,4.602547272447703
M1,35.8665692121167,32.85595473303932,31.27747605484398
M5,52.078293528671736,26.97190868095067,20.949797790377595
M6,24.35960315079047,38.684031634380645,36.95636521482889
M9,90.63474856572441,5.932569312422287,3.432682121853305
M10,9.351808615897568,86.61339708270798,4.034794301394456
M1,36.56717969988095,33.2473205174947,30.185499782624348
M5,55.57664195913147,27.81618140545913,16.6071766354094
M6,31.05840314642488,39.68801640638039,29.25358044719473
M8,15.807976696551835,8.374234852283886,75.81778845116428
M10,5.770940257759651,86.10494125836665,8.124118483873701
M1,34.76567474307513,33.67661409716531,31.557711159759563
M5,51.52675176361966,26.90437380514009,21.568874431240253
M6,32.84508933477487,39.12094178582305,28.03396887940208
M8,13.402551591810184,5.568448470622361,81.02899993756746
M9,88.7732237088867,8.856580064270752,2.3701962268425447
M1,36.605700021302425,34.37283886863921,29.021461110058368
M5,48.3606794948764,30.403202639614328,21.23611786550927
M6,23.770455406804018,43.00794363525287,33.22160095794311
M7,45.64915537273719,50.882030817591534,3.468813809671275
M10,4.272096579438659,84.46253463618933,11.265368784372015
M1,36.113662817436385,32.808023328375626,31.07831385418799
M5,52.59630628685552,26.86477296709276,20.538920746051716
M6,24.559222374974475,38.653794243597225,36.78698338142831
M7,48.91201633013262,47.87547926567588,3.212504404191499
M9,88.8708757241297,5.778771432654461,5.350352843215836
M1,34.87595508640899,32.97244997412421,32.1515949394668
M5,50.35548579048316,27.150537800708513,22.49397640880833
M6,32.31944318902166,39.77689432249146,27.903662488486887
M7,47.41092403204193,48.5533454621185,4.035730505839567
M8,19.473824688285074,8.665159996603705,71.86101531511122
M1,35.467431131028505,34.55547282981451,29.977096039156983
M4,18.27620665306642,22.977485899227602,58.74630744770597
M8,12.755717208260561,7.622603043228463,79.62167974851097
M9,93.52233667322169,2.092509380824328,4.385153945953984
M10,10.17009561784223,81.0868728868042,8.743031495353563
M1,34.15653250486669,35.232863380445714,30.610604114687597
M4,16.308714395469426,22.853586143570535,60.83769946096004
M7,50.35362139576895,49.64637860423106,-7.105427357601002e-15
M9,89.0434177682353,3.4462653273233523,7.510316904441346
M10,13.788980385344468,71.63849687597308,14.572522738682451
M1,38.49542081855799,32.3486722070772,29.15590697436481
M4,24.054053236517483,19.318911653350565,56.62703511013194
M7,45.19647865856918,51.68704655207301,3.1164747893578166
M8,17.651418499866153,5.045446481513228,77.30313501862062
M10,8.225639307382574,83.29534931883725,8.479011373780168
M1,33.944556846734066,34.84653908766905,31.20890406559689
M4,19.706036404913878,21.387499941662288,58.90646365342384
M7,46.948097257110916,50.4746415420753,2.577261200813787
M8,10.350073200520487,7.217101871051201,82.43282492842832
M9,91.1230693732131,3.769636725780465,5.107293901006436
M1,36.07182732899499,33.39120458065747,30.536968090347536
M4,27.372906081154532,20.79052005278631,51.83657386605917
M6,29.646851266885566,39.68302145927228,30.670127273842155
M9,88.7627416604184,6.0937744920631625,5.143483847518438
M10,44.1325505161053,52.25565058399625,3.611798899898453
M1,38.28630837305965,35.06881702755044,26.644874599389915
M4,25.53045271696822,20.94824385334885,53.52130342968292
M6,30.02621039087363,39.93937472019942,30.034414888926953
M8,15.18810523927943,7.62518179196985,77.18671296875073
M10,9.335484845873323,82.03439708693222,8.63011806719446
M1,35.52731962649029,34.87453674989537,29.598143623614348
M4,24.48044893508386,21.079059375802057,54.44049168911408
M6,30.624733874787207,39.26859269264196,30.10667343257083
M8,17.665560963119045,6.365251546086523,75.96918749079443
M9,93.1070108461257,3.3559046894555604,3.537084464418736
M1,38.26312998564855,33.97302311914569,27.763846895205766
M4,27.90724328048775,21.03919860377177,51.053558115740486
M6,26.409628044687395,42.823894348255834,30.76647760705677
M7,48.47266984068057,51.22207715309014,0.3052530062292931
M10,8.186402409330453,84.09717927423254,7.716418316437
M1,36.68580425028179,34.30840519601094,29.00579055370727
M4,27.894211962945988,20.624194012992543,51.481594024061465
M6,27.38885349107702,39.582269885462246,33.02887662346074
M7,46.60582919753983,49.71817343717494,3.6759973652852267
M9,84.54438081623775,10.37892948692484,5.076689696837413
M1,36.003074429409835,32.469914589095666,31.5270109814945
M4,25.48932481334226,20.681554606468598,53.82912058018914
M6,29.921645329655373,39.91812772991707,30.160226940427556
M7,50.15641908426973,49.797607848316105,0.045973067414166735
M8,14.896587146174443,7.874823835213879,77.22858901861169
M1,31.931698500548517,33.452163674387144,34.616137825064335
M4,16.72056077689316,19.499261598207326,63.78017762489951
M5,52.35575385777814,29.06795557406874,18.57629056815312
M9,89.06841620047359,6.691543585571876,4.240040213954532
M10,6.560237382062149,86.34188865498383,7.0978739629540115
M1,32.92629596217108,35.253647470782624,31.820056567046294
M4,20.801020941410503,21.617741840290236,57.581237218299265
M5,50.8997650739862,29.6238779879325,19.4763569380813
M8,11.719296661899564,7.728562342354885,80.55214099574555
M10,6.6722772713923275,84.4469968747908,8.88072585381687
M1,35.501491867134305,34.88232630911256,29.616181823753138
M4,24.007815736337218,21.11358330597315,54.87860095768963
M5,52.55606756244944,29.010515890451614,18.433416547098943
M8,14.24604325907083,7.573593269335116,78.18036347159405
M9,85.3673495104952,9.422003638185254,5.210646851319543
M1,35.63809109763154,33.87208093679738,30.489827965571088
M4,23.250033724306824,20.21247058817493,56.53749568751824
M5,53.52862384850495,29.432730265221547,17.038645886273503
M7,44.09151035017752,54.48644189416779,1.4220477556546882
M10,5.554034645920119,85.87916485312955,8.566800500950322
M1,36.546824629465185,34.2868037162964,29.166371654238418
M4,25.840927406596577,20.77297549085052,53.3860971025529
M5,53.39816528374676,29.22517721620914,17.376657500044097
M7,48.141811901036796,51.85818809896321,-7.105427357601002e-15
M9,90.28115548728653,6.797784415414419,2.921060097299055
M1,35.1157751866793,34.26613379717723,30.618091016143467
M4,23.620099567077627,20.462217040649275,55.91768339227309
M5,51.930627597132705,29.387041227246463,18.68233117562083
M7,47.44511571220494,52.40093335437263,0.15395093342242916
M8,13.502820514067965,7.980064362161385,78.51711512377065
M1,37.79467425588362,34.12789754969402,28.07742819442236
M4,27.000539726024957,19.724896265780302,53.274564008194744
M5,56.36000266148941,28.242943440935957,15.397053897574633
M6,27.768449732750835,41.521760547671676,30.709789719577486
M10,6.039853075455833,88.48570450510056,5.474442419443605
M1,35.7240560208944,33.452044098769875,30.823899880335716
M4,18.97304796197621,21.89908633252588,59.12786570549791
M5,49.210507495212234,31.61749684659421,19.171995658193556
M6,22.672288496855256,41.88431778734753,35.443393715797214
M9,90.2630876708962,6.268629624265716,3.468282704838086
M1,36.468150833415415,34.227622810946166,29.30422635563842
M4,25.67827655295613,20.72948313484613,53.59224031219773
M5,53.364630305351184,29.167493119637367,17.46787657501145
M6,29.770981221203897,40.32405887348945,29.904959905306654
M8,14.10180967627641,8.075040542724382,77.8231497809992
M1,37.852323517190065,35.65199670587919,26.495679776930743
M4,28.030023476765777,21.72744416637218,50.24253235686204
M5,54.78241635831807,30.059162285861515,15.158421355820412
M6,25.5877004265242,41.02792709340733,33.384372480068464
M7,47.46349625065797,52.217805020087134,0.31869872925489773
M1,32.56692260814886,34.59115914905516,32.841918242795984
M3,9.317952677506499,69.54183170619123,21.14021561630227
M8,10.773475502701153,6.641175572670188,82.58534892462865
M9,83.58266872875568,8.997809585928163,7.419521685316159
M10,10.648335681587547,81.31739731950516,8.034266998907285
M1,34.074111516565935,37.90183541762253,28.024053065811536
M3,9.840234302128655,71.40890249728223,18.750863200589123
M7,48.30867791511276,50.95285282664692,0.7384692582403218
M9,82.12629650624191,8.442414810914917,9.431288682843169
M10,6.571990160169717,85.34954295271493,8.078466887115354
M1,32.78302902706959,32.91628586567999,34.30068510725042
M3,11.835667205488758,68.3096343944279,19.854698400083336
M7,48.515624528949665,51.04899787384997,0.4353775972003646
M8,19.174134787933415,5.151517792269189,75.6743474197974
M10,8.333435423795427,83.61356931561022,8.052995260594358
M1,33.563906891188346,36.451031721143984,29.985061387667677
M3,17.45612565281209,65.78729116893321,16.7565831782547
M7,48.83069835025513,50.64532134165858,0.523980308086287
M8,8.504809293916253,11.940428554146672,79.55476215193707
M9,84.5683279131541,9.736854778158705,5.694817308687188
M1,31.827696245042663,36.49901660493474,31.673287150022603
M3,8.38325058028021,72.57755149189666,19.03919792782314
M6,23.547828636338796,42.118398268239304,34.333773095421904
M9,91.85731020328117,3.0672062211913813,5.0754835755274454
M10,8.864517214670819,82.09185831391763,9.043624471411547
M1,36.88719748920304,33.61678072165467,29.49602178914229
M3,12.34037626350774,69.57580079909687,18.083822937395396
M6,27.365050776361265,42.6033399643879,30.03160925925083
M8,16.523341663246445,6.214768196175195,77.26189014057836
M10,8.18297935575845,84.24261397399103,7.574406670250525
M1,35.4070801627466,33.29802458606424,31.294895251189153
M3,11.471811407568318,70.20222739552239,18.325961196909304
M6,29.881140112955357,39.58111125121169,30.537748635832948
M8,13.405265892491963,8.050020534925924,78.54471357258211
M9,88.60372635592223,6.0410925175856915,5.355181126492075
M1,37.834346459494135,35.29441547350249,26.871238067003375
M3,12.297368098792903,71.38944519954671,16.313186701660385
M6,24.766080445008523,41.760271194004034,33.47364836098744
M7,48.39868364537706,50.100563921338264,1.5007524332846742
M10,6.498351413566828,85.73687747036735,7.76477111606583
M1,31.979378356538913,37.26778740757661,30.75283423588447
M3,9.35384301696259,71.58716945997575,19.05898752306166
M6,25.324691575558358,38.52370601332927,36.15160241111237
M7,48.56695787374686,49.52773205657827,1.9053100696748686
M9,89.1775300686152,7.960052432500111,2.8624174988846907
M1,34.44626027573081,33.801007920694786,31.752731803574406
M3,11.423559309845585,70.69506660598586,17.881374084168556
M6,32.69282262602345,38.65202006856336,28.655157305413184
M7,48.27769615969822,48.04033006760368,3.6819737726980932
M8,21.188405760277227,5.297770563592656,73.51382367613013
M1,35.43446005626403,34.13294557688185,30.43259436685412
M3,10.775520032610421,71.10628228155473,18.118197685834858
M5,52.84801063091906,29.984279492381,17.167709876699938
M9,88.05016141791302,5.297953981830402,6.651884600256581
M10,9.528763223441484,81.78264785397647,8.688588922582042
M1,34.98380643187878,33.871158214528066,31.14503535359316
M3,12.432146742167966,69.07903438734108,18.48881887049096
M5,52.12943932351155,30.12529613609635,17.745264540392103
M8,12.94694830174528,8.621459906742952,78.43159179151176
M10,10.958871632593825,81.94448170654795,7.096646660858227
M1,35.48989532102334,32.7245220270347,31.785582651941958
M3,12.357278942687289,69.72691464302906,17.91580641428365
M5,53.562191807773026,29.07664824930959,17.361159942917386
M8,13.218593550741218,9.281498811291216,77.49990763796757
M9,96.6178770027353,0.15352860044573158,3.2285943968189703
M1,38.101982747115635,34.11981930745561,27.778197945428758
M3,13.58024292866815,68.7991914159027,17.620565655429147
M5,54.508860969931625,27.140703818333154,18.35043521173522
M7,52.68313951478919,47.3168604852108,7.105427357601002e-15
M10,9.835520805603332,82.8954505970945,7.269028597302167
M1,34.64283852357365,33.059370731779616,32.297790744646726
M3,11.005430562389762,71.3682358417437,17.62633359586654
M5,48.87222269526297,29.16936602210198,21.95841128263505
M7,46.05969277793002,50.38367112317456,3.5566360988954244
M9,87.6725928815019,5.98751426981279,6.339892848685311
M1,31.97984841034825,35.39065190609476,32.629499683556986
M3,12.828575715783028,67.08497772197052,20.08644656224645
M5,54.29752011428991,26.73203744653211,18.97044243917798
M7,51.082575563149106,48.45621700188822,0.4612074349626738
M8,17.43058095923278,9.016162366125535,73.55325667464169
M1,32.04573200482878,38.72599626711943,29.228271728051794
M3,7.501510915255261,74.52044175380368,17.978047330941052
M5,48.6165565632709,31.462269510151078,19.921173926578025
M6,21.348152654972203,44.444355646777254,34.207491698250536
M10,7.434957813977618,86.11160834311774,6.453433842904644
M1,35.2435564057948,33.66091609062099,31.095527503584208
M3,5.320402008226914,77.78809524551804,16.891502746255043
M5,48.81421763737674,30.941247775866373,20.244534586756885
M6,23.200754605335355,40.90359402411245,35.89565137055219
M9,93.07704313930908,1.7146767008556012,5.208280159835316
M1,34.1511971525714,33.181639148485715,32.667163698942886
M3,10.387797248930353,72.72485697080664,16.887345780263004
M5,54.48982201512466,27.756146141991632,17.75403184288371
M6,30.74809309135661,42.01524283307753,27.236664075565862
M8,20.0258422646444,7.33184568986307,72.64231204549253
M1,31.602227656837957,38.973387224824734,29.424385118337312
M3,8.23957361930249,73.83777527149898,17.922651109198526
M5,45.28609769604953,35.39634526244662,19.317557041503846
M6,18.567980866544087,48.60017374252897,32.83184539092694
M7,42.09701830287257,55.809618821607444,2.0933628755199862
M1,34.15175648830851,33.926598459332375,31.921645052359118
M3,10.895028911793373,70.80609565619758,18.29887543200904
M4,20.40422130123714,20.838372494348047,58.757406204414806
M9,89.67183275580469,6.929559335459556,3.398607908735757
M10,15.78448258351027,62.74911133339295,21.46640608309678
M1,32.69789371165468,32.549025791775854,34.753080496569474
M3,6.057007720873737,73.71974060696144,20.22325167216482
M4,23.815836711623817,20.197808589623083,55.986354698753104
M8,11.07199401515418,5.800072953004737,83.12793303184108
M10,6.287793028163733,86.9031881326051,6.809018839231172
M1,35.298165931472944,34.26489165663427,30.436942411892794
M3,13.665861866870346,68.60368367766878,17.730454455460873
M4,24.115590725154238,21.52416746625738,54.360241808588384
M8,13.350311304108121,8.850682317690968,77.79900637820091
M9,90.14670579861057,5.2958693868524485,4.557424814536983
M1,38.48809415069247,35.011624826694366,26.500281022613166
M3,12.946415402719412,70.19560552292556,16.85797907435503
M4,24.539483291636802,21.911075015205178,53.54944169315802
M7,46.44150850968469,53.02020838153896,0.5382831087763549
M10,5.7243253618747865,85.66875435809602,8.606920280029186
M1,35.27895086821996,33.08686697107277,31.63418216070726
M3,14.213008292248345,70.28887417616016,15.49811753159149
M4,20.808010013408754,21.144437168669757,58.047552817921485
M7,47.84486172735021,51.669675511099896,0.485462761549897
M9,92.48400210495332,6.345439013686656,1.1705588813600247
M1,35.03511079699763,35.21661740287791,29.748271800124463
M3,10.599043541135355,71.27061223531238,18.130344223552257
M4,24.80096601740522,21.302232361433234,53.89680162116155
M7,43.52132946545827,55.43225663272622,1.0464139018155052
M8,13.415825288123024,8.251210149563843,78.33296456231314
M1,38.798661254888174,36.06827451913488,25.133064225976945
M3,11.945917110927434,73.27346988181988,14.780613007252683
M4,26.973118064702856,23.18132542278322,49.84555651251392
M6,27.044227515396283,42.97747872308128,29.97829376152243
M10,5.468895441311999,87.65286207086177,6.878242487826228
M1,34.64195972068972,35.963115364820126,29.394924914490147
M3,7.724367169460436,72.84352518779492,19.43210764274464
M4,23.340804965543185,21.707600129659085,54.95159490479773
M6,23.779980983021503,41.54146285516174,34.67855616181676
M9,88.31243572355912,8.56187846688926,3.125685809551621
M1,37.55439708083217,33.115671953117506,29.329930966050327
M3,10.262680444443953,70.9692185924178,18.768100963138238
M4,26.85002851921842,18.056867012809896,55.09310446797168
M6,27.959718730521566,40.27696443935547,31.763316830122974
M8,13.483135927995242,5.826494128323679,80.69036994368108
M1,38.87390231575112,36.1675218736754,24.958575810573485
M3,13.400313339406535,72.29378198544244,14.305904675151027
M4,29.149589411326733,23.145451632937178,47.70495895573609
M6,26.855178175994084,43.35563101348715,29.789190810518768
M7,44.987069714528864,53.22434128385724,1.788589001613893
M1,34.81497926374143,34.91422394861067,30.270796787647896
M3,11.711377980988663,71.46891421100622,16.81970780800512
M4,26.660469464585347,19.74956309239637,53.58996744301828
M5,51.454072940582336,30.757003288439872,17.788923770977792
M10,5.493514032648756,86.04375043532484,8.4627355320264
M1,37.03965651357809,31.834320804028067,31.126022682393845
M3,12.408105496865511,70.09327875704837,17.498615746086116
M4,20.793789898378982,21.240215855338526,57.9659942462825
M5,50.788242301930715,30.733754904949304,18.47800279311998
M9,76.73745429227864,7.375333849732188,15.88721185798917
M1,32.34935696947641,36.80854078418194,30.84210224634164
M3,14.392161715762315,68.68271065846827,16.92512762576942
M4,20.566740647978776,23.411611400480414,56.021647951540814
M5,49.34557268740248,31.803293533566436,18.851133779031084
M8,9.419002400662896,11.685937243300746,78.89506035603637
M1,33.52613041356551,34.89054698891369,31.583322597520798
M3,11.83165478611386,71.28493473591267,16.88341047797347
M4,24.010463797263707,22.169709512487792,53.8198266902485
M5,51.15264466899756,30.824076891929142,18.023278439073298
M7,46.37983832558258,53.306163217948,0.31399845646942026
M1,32.869933546391394,41.13155668429251,25.998509769316094
M3,6.937068647741225,78.05248446347073,15.010446888788039
M4,28.69521943831687,26.3628416946772,44.94193886700593
M5,48.46375082388484,34.07043940694629,17.46580976916887
M6,28.607689161007862,46.7066796310373,24.685631207954835
M1,34.55403380579754,31.990775519145608,33.45519067505686
M2,67.47551071395954,16.56432609573438,15.960163190306083
M8,11.336832475273898,6.339740991977299,82.32342653274881
M9,85.2001751125914,9.51792465059939,5.281900236809214
M10,9.117444351944423,83.06196866375807,7.820586984297506
M1,36.88586443966222,34.014121851855094,29.100013708482685
M2,71.9788846448518,16.810958124549998,11.210157230598199
M7,50.52286320368202,48.82275039438486,0.6543864019331167
M9,89.2500388026042,7.742852349444514,3.007108847951291
M10,13.205394857866967,76.37992075993023,10.414684382202807
M1,35.662973880709686,34.44025334118664,29.896772778103674
M2,70.02485401037112,16.408915937218914,13.56623005240997
M7,53.262517265596756,46.73748273440325,-7.105427357601002e-15
M8,17.271648901158972,5.433850313662613,77.29450078517841
M10,11.238901214524493,80.42095680427491,8.340141981200603
M1,37.169814204382824,34.09950961908777,28.730676176529407
M2,71.58799797612019,15.008788236789556,13.403213787090252
M7,53.34321879628681,46.65678120371319,0.0
M8,16.924170151736636,7.331220932738937,75.74460891552442
M9,90.92124932196505,5.103527122927916,3.975223555107034
M1,35.83783636955758,32.9206486212769,31.241515009165525
M2,70.24036139388149,13.585889309320176,16.173749296798338
M6,24.55665734340284,38.76319983523541,36.680142821361756
M9,90.30660484813153,5.946287640799579,3.7471075110688936
M10,9.143584959503338,86.46692417265899,4.389490867837665
M1,35.63646040839472,33.12411805639843,31.239421535206844
M2,70.92993841494133,13.991431079158307,15.07863050590036
M6,30.67525386445824,39.60266940427438,29.72207673126738
M8,20.936762599254372,5.252213932050157,73.81102346869548
M10,5.37546556220234,85.82209960748973,8.80243483030793
M1,33.6844630429388,34.79288472539514,31.522652231666058
M2,67.40888540800768,16.80116371513751,15.789950876854814
M6,28.108902187247676,40.26205051160486,31.62904730114746
M8,12.917002421780337,5.850284335883835,81.23271324233582
M9,90.0863924166787,6.626012650584721,3.2875949327365728
M1,32.71990848756781,33.74558482155915,33.534506690873044
M2,69.0675124147921,17.137757092734137,13.794730492473757
M6,27.478501260481657,38.657728589705634,33.8637701498127
M7,47.88995817078355,47.74656664998933,4.363475179227116
M10,3.368390483766871,85.43555560570478,11.196053910528349
M1,35.68762289861556,33.06152295350307,31.25085414788137
M2,76.45673745888628,13.765254070261486,9.778008470852233
M6,24.117109602455262,38.6705641269719,37.212326270572845
M7,48.64383037553473,47.321119672976714,4.035049951488553
M9,88.27010215537277,5.608471001130664,6.121426843496567
M1,35.855160414709175,33.31265755250381,30.832182032787017
M2,74.66225810505415,14.293790347180606,11.043951547765245
M6,27.58813218182983,39.25698189761146,33.154885920558705
M7,47.63645868588981,48.71324006811715,3.6503012459930417
M8,17.195707691244564,8.187574904009818,74.61671740474561
M1,35.079649223161674,33.21912144059786,31.70122933624046
M2,70.26988762068135,13.16081875664762,16.569293622671033
M5,52.30944447082964,28.36023808441774,19.33031744475262
M9,89.88093854812435,6.796232350015492,3.32282910186016
M10,12.454643889233525,81.77024256205601,5.775113548710465
M1,33.94807734106826,35.25739978545903,30.794522873472715
M2,69.46153268308332,18.6307987152127,11.907668601703982
M5,48.03753721237864,31.038953084187664,20.923509703433698
M8,9.43677234108101,8.743689329705354,81.81953832921363
M10,13.327595441820469,78.98241416408034,7.689990394099198
M1,31.45819760191519,37.59793733325052,30.94386506483429
M2,66.1679214038959,18.35159807928054,15.480480516823558
M5,46.89276426691421,33.34172397701829,19.765511756067497
M8,8.006998392610798,12.813667794606324,79.17933381278289
M9,89.80000647419504,7.037698688655403,3.1622948371495534
M1,36.55854578685552,33.306851951633114,30.13460226151137
M2,72.12071935249205,14.110919590670349,13.768361056837605
M5,53.33632469540035,27.69940158187763,18.96427372272202
M7,48.15899546875548,49.01272115010927,2.8282833811352504
M10,4.4360560089487695,85.76955875195374,9.794385239097494
M1,34.17131072791764,34.41040604727853,31.41828322480383
M2,70.9022104464157,17.38147365157339,11.716315902010916
M5,57.75731429570248,23.87858889106015,18.36409681323737
M7,52.45017899396035,46.59232882954353,0.9574921764961175
M9,89.59178064096997,6.388975115782253,4.019244243247774
M1,36.08421907129288,34.70646621201829,29.20931471668883
M2,69.89827121333333,16.010527298575305,14.091201488091365
M5,55.434612481473486,27.911489421823497,16.653898096703017
M7,49.952031814776994,50.047968185223,7.105427357601002e-15
M8,24.282313814209843,5.462848156110054,70.2548380296801
M1,37.18906559700741,36.537775961896216,26.27315844109637
M2,75.95113316610819,14.080629460882863,9.968237373008945
M5,46.19892472432845,36.47117302681178,17.329902248859767
M6,22.52448136165804,42.919917014059095,34.55560162428286
M10,7.678428852142334,85.43500411527413,6.886567032583542
M1,35.94889505442381,33.311070629530704,30.74003431604548
M2,70.33804804724123,13.677487018231455,15.984464934527315
M5,51.4395570692437,28.247380408726432,20.31306252202987
M6,24.241410772566216,39.00233480775525,36.75625441967854
M9,91.14594779126814,5.221479828494341,3.6325723802375167
M1,33.99396635546841,34.26405389550483,31.741979749026754
M2,71.46501896664904,15.290164443834815,13.244816589516144
M5,53.79817888231584,30.705521858936798,15.496299258747364
M6,32.27022893231264,39.87845458072755,27.851316486959803
M8,19.927876546350912,7.913248507441201,72.15887494620789
M1,35.723859637151726,34.38391999325155,29.89222036959673
M2,71.40370708013026,16.24875577673793,12.34753714313181
M5,48.193848802262984,31.930573573893113,19.875577623843903
M6,22.73072211529148,42.768814996649496,34.50046288805902
M7,46.14200882361137,51.6638727177515,2.194118458637128
M1,34.77169526747982,34.95349040039039,30.27481433212978
M2,69.42507100223311,18.335342117712564,12.239586880054325
M4,18.74548903782958,22.309372231338383,58.94513873083204
M9,87.45417304338874,8.850202327146022,3.695624629465243
M10,14.691893927148776,76.6949991370934,8.613106935757813
M1,33.70287695234161,34.63132070580432,31.665802341854068
M2,67.6008057617992,17.183495832512666,15.21569840568814
M4,21.658893722832403,21.080707091714693,57.260399185452904
M8,12.160692807676327,6.18889045352317,81.6504167388005
M10,6.21382000971477,84.80626125229983,8.9799187379854
M1,36.60313095747198,35.82633429767392,27.5705347448541
M2,70.6691098470166,15.673363518681093,13.657526634302307
M4,23.86232963357766,21.509114166054317,54.628556200368024
M8,12.851382888434408,9.134430256113891,78.0141868554517
M9,87.19150871742643,7.857136996168122,4.951354286405448
M1,35.93425293056697,34.06661346273799,29.99913360669504
M2,71.56500993530211,15.26395531332976,13.171034751368126
M4,24.35536067669551,20.54081140764597,55.10382791565852
M7,44.51418902587028,54.13082625160626,1.3549847225234615
M10,5.997560835033193,86.00283213376635,7.999607031200455
M1,35.9979985218666,34.392286646412416,29.60971483172098
M2,69.31570324556621,17.43444004504409,13.249856709389697
M4,24.89095094535864,20.541184292824013,54.56786476181735
M7,49.687481992831465,50.312518007168535,0.0
M9,92.796144709313,3.3646686648862816,3.839186625800721
M1,34.411480892314664,35.09005504647724,30.49846406120809
M2,69.04342274157854,17.03190591435303,13.924671344068432
M4,23.718069305253582,21.136820644652545,55.14511005009388
M7,44.54720143103066,54.59500198542317,0.8577965835461754
M8,15.834154724915276,6.062719925280883,78.10312534980383
M1,36.95539986283082,34.69833807076399,28.346262066405195
M2,72.5134354087921,14.281022964519263,13.205541626688632
M4,24.804039017541925,21.84519765721811,53.35076332523997
M6,26.15784813372167,41.644370565570696,32.19778130070763
M10,6.017761009918958,86.65097908649918,7.331259903581866
M1,36.41778420932902,34.27117075662741,29.311045034043566
M2,70.81219586986066,16.35062079936278,12.837183330776561
M4,20.77729592361806,22.59346520968611,56.629238866695836
M6,23.436866329975924,43.37102616814851,33.19210750187556
M9,86.12419660043422,9.158250170786966,4.717553228778817
M1,36.15574058587384,34.25406000001988,29.59019941410628
M2,68.2729902974762,16.78814240521059,14.938867297313212
M4,25.022563945451232,20.6571668287232,54.32026922582558
M6,29.171257232641295,40.27057621920543,30.558166548153274
M8,13.859484646557346,8.048939729900376,78.09157562354227
M1,39.53624724041222,34.742576776021444,25.721175983566333
M2,74.12057752391385,14.158260200917875,11.721162275168274
M4,20.17657286771853,21.006652619587804,58.81677451269366
M6,25.50095540733812,40.228833295776035,34.27021129688584
M7,48.39179499727735,49.264281801017916,2.343923201704733
M1,33.75257767220305,35.44602446153021,30.801397866266747
M2,71.21805804762245,13.309200047615173,15.472741904762378
M4,22.025668115583347,22.26161226467007,55.712719619746586
M5,49.13331925874515,32.7825493909991,18.084131350255745
M10,9.016995125802334,84.80486822227004,6.178136651927616
M1,36.388561897796684,33.983821842192036,29.62761626001128
M2,70.83240578473945,15.183517126164459,13.984077089096091
M4,25.24939842430624,20.882166624366047,53.868434951327714
M5,52.662798660579035,29.6650137618497,17.672187577571265
M9,89.49464737526897,6.985833271516018,3.5195193532150135
M1,34.55715546512046,34.30256903086927,31.14027550401027
M2,68.15579341656468,15.292573696129447,16.55163288730588
M4,23.142553915030287,20.622081051932117,56.235365033037596
M5,50.52338041727401,30.095858183064706,19.38076139966128
M8,12.227516785550579,7.954831321442464,79.81765189300695
M1,33.45623636347952,35.193726759553414,31.350036876967067
M2,70.54722109139553,14.963123271249177,14.489655637355295
M4,21.848166786847603,22.099143782868364,56.05268943028403
M5,49.50390730596089,31.361853600560764,19.13423909347835
M7,44.038224523356504,55.336939344156434,0.6248361324870615
M1,33.26095176393109,39.62445674401507,27.11459149205384
M2,67.87910523552858,18.772741566056382,13.348153198415034
M4,26.431230995060634,23.130582489513117,50.43818651542625
M5,55.52672456413341,29.702472928134554,14.770802507732036
M6,27.082671612011175,44.962074522404876,27.95525386558394
M1,34.602310775851606,32.99312295900168,32.40456626514671
M2,70.45373500061706,13.940932011001761,15.60533298838118
M3,10.22468486004476,69.91269538167943,19.862619758275812
M9,86.18198747586878,5.886673898454738,7.9313386256764815
M10,5.413657671080751,85.89055277408961,8.69578955482963
M1,38.826120594482354,34.57081502729413,26.603064378223515
M2,71.82851391223187,15.05303716230935,13.11844892545878
M3,11.977827339544525,70.71024014281068,17.311932517644806
M8,14.564453211293536,8.175930069204204,77.25961671950226
M10,4.973589303276381,86.00336214795752,9.023048548766099
M1,32.48491113650382,37.13574056348414,30.379348300012033
M2,64.89070373451666,19.30837849380729,15.800917771676048
M3,8.467462814920598,72.29391465647997,19.238622528599436
M8,8.169264503776803,12.258849145072993,79.5718863511502
M9,84.4189192318492,10.31991556444075,5.261165203710048
M1,36.81488719464171,33.54693574656446,29.63817705879383
M2,71.85124611542862,16.545517810527492,11.603236074043885
M3,14.588588795073182,69.15357735575516,16.25783384917166
M7,47.69101678286927,50.90364633524499,1.405336881885738
M10,3.2870442544592122,84.86404907333826,11.848906672202517
M1,31.834034611348415,35.665864979938725,32.50010040871286
M2,72.94181355869154,14.1831838836752,12.875002557633264
M3,10.960773400342738,70.42114910159036,18.61807749806691
M7,46.48039406129411,49.03023026401237,4.48937567469352
M9,83.61801374042699,9.631243668260943,6.750742591312068
M1,36.188370770173584,33.527876496321106,30.28375273350531
M2,73.27729944984337,14.752257789101698,11.970442761054933
M3,13.62298279562425,69.22437496807903,17.152642236296714
M7,48.95001945247095,50.55425423983405,0.49572630769500137
M8,11.631229324816356,7.916034036813789,80.45273663836986
M1,37.88896907732791,35.84931294558234,26.261717977089752
M2,69.65283331063225,17.376313113117643,12.97085357625011
M3,10.582412259264549,73.58503904553712,15.83254869519834
M6,23.332625941154067,42.40511035514606,34.26226370369988
M10,7.728984291408879,85.0396563464226,7.231359362168519
M1,33.29122159190048,36.6588445270882,30.04993388101132
M2,67.48159529968258,17.964544969093602,14.553859731223817
M3,8.165182069329873,72.98885411853759,18.84596381213254
M6,22.01764458561653,43.557945785605654,34.42440962877782
M9,88.4623889292162,8.077624706785665,3.459986363998132
M1,32.49974504837844,36.88418290451877,30.61607204710279
M2,69.67986331842404,18.364505020706265,11.955631660869695
M3,11.125288844666203,71.22722433158185,17.647486823751947
M6,31.51937009879801,41.00180475370543,27.478825147496565
M8,21.148137891827652,5.515006069969916,73.33685603820244
M1,35.682692508879235,37.89068741673396,26.42662007438681
M2,72.67075681428398,15.253430305400881,12.075812880315143
M3,12.119647722232546,72.41994461805045,15.460407659717006
M6,28.823039104928032,43.79071201902702,27.386248876044952
M7,46.89269443621832,52.726512346137184,0.38079321764449503
M1,35.24960212799197,34.99915941320593,29.751238458802092
M2,70.43247934738416,14.992732505160546,14.574788147455294
M3,11.47483383068101,71.90906208865631,16.61610408066268
M5,53.80723668901096,29.62628859683574,16.566474714153298
M10,5.265782079125993,86.44780657048513,8.286411350388875
M1,33.445766220806235,35.21152356215573,31.342710217038032
M2,71.51974120420554,15.023255824257575,13.45700297153688
M3,11.021911777379332,71.37966243846698,17.59842578415369
M5,53.83292424168936,30.423261496000286,15.743814262310352
M9,89.27783596436566,3.7578565716157915,6.964307464018544
M1,36.32873124766519,35.50183172069433,28.169437031640484
M2,73.02121350794286,12.994987119821072,13.983799372236067
M3,13.810331286311131,68.44690797016364,17.74276074352524
M5,50.37063950147439,31.034906494552736,18.59445400397287
M8,9.39986489069142,10.666390031309307,79.93374507799928
M1,33.39633101567873,34.8723290952287,31.731339889092574
M2,71.2007705616871,14.829326131255343,13.969903307057564
M3,10.9036707470412,71.69762313441758,17.398706118541213
M5,53.77697236362547,29.61248588480095,16.61054175157358
M7,46.971119628657654,50.34177153785805,2.687108833484295
M1,29.03884904367525,43.38363027615775,27.577520680167005
M2,69.12000475754141,19.61336604968485,11.266629192773742
M3,4.851417730147841,79.0596321059732,16.088950163878962
M5,43.410399244277436,38.88319184805837,17.706408907664198
M6,17.350576259494463,50.44937703969455,32.200046700810994
M1,33.86228957513805,35.43904763261022,30.69866279225173
M2,69.44682047208146,15.898126830872357,14.655052697046187
M3,12.898268694436053,70.0173029506861,17.084428354877844
M4,22.928152474558715,21.73103874357921,55.34080878186208
M10,7.3982720551459,84.70058612330386,7.90114182155024
M1,33.844728857285624,35.81784547913823,30.337425663576155
M2,71.10016921320052,14.561120270982522,14.338710515816961
M3,11.187565104487586,70.58820022354067,18.224234671971743
M4,22.48768830071765,22.110707699663273,55.40160399961908
M9,85.15901335105626,9.622265556971927,5.218721091971814
M1,34.56365568362412,35.495266529013286,29.941077787362595
M2,70.90884255597008,15.097970908570169,13.993186535459749
M3,11.972801708558828,70.37492476393282,17.652273527508342
M4,21.853655724015663,22.80816353131519,55.338180744669145
M8,9.725989667133424,11.61653975286741,78.65747057999917
M1,32.99982113136458,36.10071809994578,30.89946076868965
M2,70.66790246838275,15.001724222561814,14.330373309055437
M3,13.40692926862019,68.99856285400712,17.594507877372692
M4,22.69730821035346,22.267350814848246,55.0353409747983
M7,44.6100393312564,53.62277895386847,1.7671817148751288
M1,38.43436047789219,37.191790036827534,24.373849485280275
M2,71.85255940403161,18.085895970189124,10.061544625779266
M3,13.948490626858751,72.67041405952189,13.381095313619355
M4,27.668119031209667,24.318659676237328,48.013221292553
M6,22.15303239756436,47.822183047841655,30.024784554593985
M1,34.45734013427191,36.13131142197062,29.411348443757475
M2,69.8655940424419,16.197798659656637,13.936607297901464
M3,11.292238280481207,71.73643500745995,16.971326712058854
M4,24.63049512859871,22.152070687966095,53.217434183435195
M5,51.4998938245622,31.00828438936107,17.49182178607673
