3.332815406229495014e+00
3.875182379329364490e+00
1.955411494286553475e+00
4.058235923260482991e+00
5.712283698533049403e-01
5.461823571558156232e+00
3.930340976673557751e+00
3.133685757089980317e+00
8.348039364254468353e+00
2.904116550469888924e+00
2.097356408610287826e+00
2.777845944953353463e+00
3.275819616340955864e+00
3.707281427768330584e+00
3.430307102151743948e+00
5.930155579812303124e+00
2.104010615489191771e+00
5.348853814241862459e+00
1.267360764559639996e+01
7.682510378245808624e+00
5.275975308410767006e+00
5.995837651510619537e+00
6.505365038263714261e+00
1.116907372392986986e+01
5.064629971038422163e+00
4.072574509246938312e+00
9.313491996648421534e+00
5.580474027140463811e+00
6.341817671060648642e+00
8.345093535110256866e+00
4.701369396668138911e+00
1.084895954466715828e+01
1.579401899527511866e+01
6.445735882659743510e+00
1.721294053629555876e+01
2.204718436215762267e+01
7.572077499395665434e+00
3.291901491333618424e+00
3.658942030435935688e+00
6.041574970940682299e+00
3.982171761395598253e+00
6.615149758386531964e+00
5.767388326811293098e+00
4.722642218194884833e+00
4.579300622957930500e+00
1.872921502575951136e+00
3.801406224180008397e+00
3.890490105504303298e+00
1.500700000900299758e+00
3.766984553922943402e+00
2.146572782873676033e+00
5.422900750292240168e+00
3.268668326730920004e+00
4.531902010124420066e+00
1.516639787109647530e+00
1.694719341017711711e+00
1.869032903376695920e+00
2.306317658929438519e+00
1.438541522941359174e+00
3.076799870213541510e+00
8.154193583543721147e+00
2.802170622782293119e+00
5.562503339986231587e+00
7.625063575312712949e+00
2.579100380845633200e+00
7.689399345942793396e+00
4.593112900906002771e+00
5.053306141424698694e+00
6.665009177511315386e+00
7.839278679709477338e+00
6.673704670558747942e+00
2.906358221141611242e+00
1.345925744351849573e+01
6.889573455927973100e+00
1.018963939087779913e+01
1.885032839256811599e+01
8.313861007057360197e+00
1.554992835076729385e+01
1.945454667930784920e+00
6.372313250479284541e+00
1.763940042044138901e+00
3.176383866189649297e+00
6.623717417706463273e+00
5.941232781979020494e+00
2.245866271638430334e+00
8.118370156974316743e+00
5.077175543030427285e+00
9.085922687404925924e+00
4.405510909627036398e+00
8.694566988963865484e+00
