3.930195896419812929e+00
2.066944932472876584e+00
2.155537692717970799e+00
2.802078764024125146e+00
3.407553163670181906e+00
5.527544521960380486e+00
2.121508879757451727e+00
4.913014225930843359e+00
3.535226382608944729e+00
1.094318550842579896e+00
3.319736092332971733e+00
2.445689297072050294e+00
6.628367923675601681e+00
3.925639042817902435e+00
2.832588560053647786e+00
7.582989174478826477e+00
3.414752015734388468e+00
7.916576563782264486e+00
4.783332271386778523e+00
7.465334042430208150e+00
1.290876532505739327e+01
5.111550477471156206e+00
1.368118302614253246e+01
1.876859488369069950e+01
1.776008353910047077e+00
3.462850016603576275e+00
3.798974496431706260e+00
3.157765205187081481e+00
6.101495506576767980e+00
4.414392005870708680e+00
4.392507154407702785e+00
6.067713689132685495e+00
3.099010140950449799e+00
3.839397563826917548e+00
1.380118430474252422e+00
3.792984606440292339e+00
2.858778448563185748e+00
5.142487863203837328e+00
3.247744128273096553e+00
5.702349515768457167e+00
2.084418253540067045e+00
6.614882209236783162e+00
6.041000743813667917e+00
1.680930934625507689e+00
7.130566057678728420e+00
9.106391497963025827e+00
1.501632367582445227e+00
4.512307646320814492e+00
1.601972221647860239e+00
5.741317622426930889e+00
2.799308084048669709e+00
6.489882143803403558e+00
4.223093627883627299e+00
7.711041014403444471e+00
6.922156111691463387e+00
4.373552939172431486e+00
3.723298186465207493e+00
7.227404234449324782e+00
9.552875085793308685e+00
3.711353118868577550e+00
8.965758167202144691e+00
2.944887524435893855e+00
3.257931474741914801e+00
1.521629841642561098e+00
1.281272236626468386e+00
5.812052272361126093e+00
3.523196786612325493e+00
1.728272824389032847e+00
4.512343846445316053e+00
3.636738448859456074e+00
6.620425578062248739e+00
3.689218932207916968e+00
4.525707251218700655e+00
1.299947835376786598e+00
3.435761587205824696e+00
1.764914224900373085e+00
4.119097604016549674e+00
4.111980349954023062e+00
2.065175055109985447e+00
6.382703202860561476e+00
3.125316825276660548e+00
4.685729346913574567e+00
4.175558869114008864e+00
3.624049024254534235e+00
9.970060325852889704e+00
4.362298289419117125e+00
1.133007867942555968e+01
1.090854774548218842e+01
5.371785053141588939e+00
3.878740152678969988e+00
5.097592366654943419e+00
4.455964346941779120e+00
4.900740360558164532e+00
6.571648925770534611e+00
4.121072937659829627e+00
4.176630389526461151e+00
2.660776931911243537e+00
2.921524883427422115e+00
2.325899399176254434e+00
4.139305441680778408e+00
2.657358537649846308e+00
5.422904042437153294e+00
3.179693954558334923e+00
5.454403901997750381e+00
2.992996817337413518e+00
2.377926089302606183e+00
3.411841166568999828e+00
2.695312438750178785e+00
4.295631981804916677e+00
7.410372405815043528e+00
2.249275409222801780e+00
5.077660693734343589e+00
3.714074150778012839e+00
6.899123267495401279e+00
2.347186821399962042e+00
5.240341206628211346e+00
4.191411969257521797e+00
6.306094517062727611e+00
5.495177771692913105e+00
2.134889530956475934e+00
6.226956211260154639e+00
5.346207337251229319e+00
7.279464645742366180e+00
3.538077626368320239e+00
7.390830258120442586e+00
2.346950473410297722e+00
4.219493523118649669e+00
2.764538042323123168e+00
2.044700423391034860e+00
3.383133734581472041e+00
2.154852973607516819e+00
2.878060070339754528e+00
2.318925736554252381e+00
3.633670185177374723e+00
6.333846931427852489e+00
4.144315009308535025e+00
8.434531496978555865e+00
5.165117792715288481e+00
4.253341228330008050e+00
4.023376399143298698e+00
9.538897284314430181e+00
4.339177445352568441e+00
4.728826387412816246e+00
1.190289861395824111e+01
1.181407767341187842e+01
6.801774509854216610e+00
4.870788309808593119e+00
5.143647375772219199e+00
9.440287204266795129e+00
5.091398996074746996e+00
3.445614336737865102e+00
7.786937113654940568e+00
3.681804366773178572e+00
7.181973908250102179e-01
1.964261315124850027e+00
4.565855569380450341e+00
3.876242005829060755e+00
4.367983482841709453e+00
2.400606211680492041e+00
6.889642313086386416e+00
7.412009533769098546e+00
4.003202410506332853e+00
3.219447513994113219e+00
2.896230716841548425e+00
3.679663886339444190e+00
7.181120708206404579e+00
2.704832320839068327e+00
6.959593880381627962e+00
1.543042260381516861e+01
8.342420423851214295e+00
5.663937081817267405e+00
7.301946371343968956e+00
6.247275991146980623e+00
1.338486016552805857e+01
4.248342544212079908e+00
7.404606995894853050e+00
2.464691133444593785e+00
1.617214844540640684e+00
1.800691182288422398e+00
2.531409509386053802e+00
1.383944420915495188e+00
3.724743071963364738e+00
3.962260866852175045e+00
5.020937304712382421e+00
1.197973032880012134e+01
6.928618837380772000e+00
6.525058332248714343e+00
6.003817700591715045e+00
6.982331181101188555e+00
1.048462025215361315e+01
8.645887381659910886e+00
3.597263004651900076e+00
6.270492697130289450e+00
3.383690884316438829e+00
4.355944394436144229e+00
2.990364343526292767e+00
1.080658308261456035e+01
4.264422148398446133e+00
9.794415959642742919e+00
1.221773346107815428e+01
4.867578030716638859e-01
2.178456678093792842e+00
4.784507881826260522e+00
3.908413076384964935e+00
7.453441697206590000e+00
4.733143012440713449e+00
8.977989969538313630e+00
1.058427507366829623e+01
2.959266978896991418e+00
3.248206257807003450e+00
6.271635076337578774e+00
2.840840192926601393e+00
2.966736852366556487e+00
6.415673514045958648e+00
1.186736268005297212e+01
1.184419450146828012e+01
5.149618799288812276e+00
3.010562355894490505e+00
7.233727527703858406e+00
3.983128721278006878e+00
6.014651992691692151e+00
1.115495275531345065e+01
1.209339288658169131e+01
1.494835629093461193e+01
3.790293258745393246e+00
2.779066169185604451e+00
3.777645147470917397e+00
1.265543288603548033e+00
4.186944926515264176e-01
8.337108272591750691e+00
3.932476987782102640e+00
6.711659760438284827e+00
4.077220925941825946e+00
2.437350095020882179e+00
5.495460153412559556e+00
3.253228488575624855e+00
4.133386491790710160e+00
9.931155458202510999e+00
5.027436488459823494e+00
1.094831389159129742e+01
2.972068220609988654e+00
3.518072442709853642e-01
2.395462563892371666e+00
1.512530410957375837e+00
4.740604120705502744e+00
6.445390843283603566e+00
4.942036620908402789e+00
6.809143098077110601e+00
8.059745299549652131e+00
3.775797234314646200e+00
4.562768978306242396e+00
9.817320103011818233e+00
8.250531161845534811e+00
1.388479564624851470e+01
2.796880511334163710e+00
2.730481818504890246e+00
8.601608270583142257e+00
3.794460874929929783e+00
4.717207132328200991e+00
4.754453858018564461e+00
4.457669680634464449e+00
6.186841586189369302e+00
4.990016138082785879e+00
4.597087166162263649e+00
9.150969679153680758e+00
4.375813348817335857e+00
7.575419818782211046e+00
1.145550714696872063e+01
9.578948195728013815e+00
3.809048042450351890e+00
4.160945265493077194e+00
8.340304485391148992e-01
8.908740190298653161e+00
4.246738827595048171e+00
4.069406237212962019e+00
8.431092316468731696e+00
6.697327851607451699e+00
5.124350743688519394e+00
1.083946581399792564e+01
3.177216869419216660e+00
1.598706812526561549e+00
3.417501412201195077e+00
3.530446707578931420e+00
1.095644449055685810e+00
3.341642467833082719e+00
6.042129371442038099e+00
3.242848748952356086e+00
4.844317346700893978e+00
8.324417315234029502e-01
2.831680659817095602e+00
6.082640348251060480e+00
3.810907399624199332e+00
7.066810981300837291e+00
5.275360470253825262e+00
5.677678253815140685e+00
3.246409316869185435e+00
1.532879028110053499e+00
3.097508568029032627e+00
2.689503842267725986e+00
2.482377174907055117e+00
3.498738671243754705e+00
3.518181328393561902e+00
4.464523591431973415e+00
5.680558037738289379e+00
1.880280540825320257e+00
4.249707566732368491e+00
4.013754916331946809e+00
1.581496787725618303e+00
4.520700107723399697e+00
3.368090807264844333e+00
5.012782864438936947e+00
4.791994142303011905e+00
8.894136360629167015e+00
3.280863621287058773e+00
1.151414803193422109e+01
1.235254326054314866e+01
9.251286734692447666e+00
1.438941465388824703e+01
5.053253961476211309e+00
6.878799359459529805e-01
1.322423531460018786e+01
6.545866220922495593e+00
9.557238732386165836e+00
1.872065292869811159e+01
7.943014312536353039e+00
1.587520339789494273e+01
1.183988706395351187e+01
3.128148790488020747e+00
2.601447341681733860e+00
1.690698318838606440e+00
5.154214713856929642e+00
3.494125153963224761e+00
1.964731403599737858e+00
4.714623827371352327e+00
8.056957366307900159e+00
3.722941096957185891e+00
1.000277859793953006e+01
3.646891426460596275e+00
1.018376318634576272e+01
1.027617009160661610e+01
2.698194337145589206e+00
9.576185021031077937e+00
6.146193997706326684e+00
7.181584238076084148e-01
1.672090036583600536e+01
9.176496034880566199e+00
6.526684335082742372e+00
9.054248094195045837e+00
7.906165242350799538e+00
6.635842525217579890e+00
1.048813722308599417e+01
3.434493457752049839e+00
6.574428670685979803e+00
2.995061887831219849e+00
6.240009542060896308e+00
8.056642735330708405e+00
2.427403533169633310e+00
7.944189746148894393e+00
3.372847707793672267e+00
5.081367502783620260e+00
