5.084884864276506100e+00
6.768590825429005697e+00
4.258598685604613188e+00
6.178067404506021099e+00
5.350241954958591784e+00
4.744514251041056063e+00
6.246806503293086621e+00
5.826413975331025341e+00
5.995711216377107355e+00
5.347260547623893245e+00
5.493611669883772031e+00
4.235334905587998300e+00
1.657501545134000054e+00
4.610731102540756687e+00
1.443359945668112543e+00
4.706583238825674975e+00
2.312257386625496736e+00
4.111317759851639053e+00
1.333431061109591864e+00
6.047276067526088816e+00
4.779194072881655764e+00
5.594991835522269419e+00
4.231990728772267119e+00
5.143305341024704269e+00
4.164000260813762289e+00
4.170986928268026084e+00
5.062552244643704569e+00
6.001401572734707202e+00
3.431426325360781959e+00
1.211952637416979117e+00
3.730922501990636131e-01
4.770116164681684978e+00
4.293184414293994000e-01
3.825378686517632243e+00
1.600860151898811923e+00
4.341623094835969532e+00
1.864672162400159150e-01
5.138892246858479673e+00
3.062932544683106162e+00
3.474700382663211684e+00
6.069415721593145463e-01
4.493286255104012916e+00
3.742962226539495507e+00
5.197021828384722042e+00
4.627815104496696641e+00
6.363022508497626184e+00
2.735830806735766174e+00
4.251065385968234800e+00
3.818298254682131354e+00
6.628050990578988610e+00
5.737786471991134896e+00
3.031619872174742714e+00
3.830947300370139086e+00
4.602485061587870518e+00
3.761801761425012103e+00
8.249924077412700285e-01
1.759619698076723582e+00
5.636778176508396854e+00
8.749117648883668608e-01
4.972929898273889648e+00
1.098198384586510201e+00
4.236891002346358626e+00
1.926328943991876486e+00
6.369173867179616089e+00
1.246463688950730786e+00
1.880096372819294315e+00
2.752754104453506212e+00
4.902028830462048070e+00
1.874876967356717161e+00
2.297201446525048707e-01
2.622028711342712537e+00
3.940124708663431008e+00
1.751547938352587153e+00
5.553416246826401448e+00
3.523415149464052210e+00
5.206498558637878027e+00
1.913628515316045053e+00
4.254243316629838567e+00
1.581826851333081096e+00
6.163350505331313123e+00
3.328694432740007869e+00
1.879896946029428362e+00
8.397294626861745437e-01
4.851678374136450422e+00
1.697302954010803999e+00
5.034011515869186715e-01
1.122190875625262096e+00
3.701616367313203426e+00
1.493298305721718178e+00
1.923015205215999002e+00
