M6,21.859394695330177,38.37264532475261,39.76795997991721
M7,44.51486092296656,46.17764669561323,9.30749238142021
M8,9.856784274940782,3.833831885652098,86.30938383940712
M9,81.70350935802033,6.209622128220556,12.086868513759118
M10,5.410677677150903,77.68475165579744,16.904570667051658
M5,47.01008546823786,26.36395040984749,26.62596412191465
M7,44.12860117501082,47.7592091138259,8.112189711163282
M8,10.616805484375513,3.5786981075336297,85.80449640809086
M9,81.33005646498901,6.640837612117976,12.02910592289301
M10,6.585613092691123,77.6368356332861,15.777551274022784
M5,48.46901879272771,26.904459015130197,24.626522192142094
M6,22.014543795155642,38.06321635228827,39.92223985255608
M8,11.80168203150229,3.964947127508994,84.23337084098871
M9,82.05181548777554,6.553610007014429,11.394574505210029
M10,6.579397275695369,78.30606091225937,15.11454181204526
M5,45.22967695793552,28.0357881446097,26.734534897454783
M6,18.58116670056854,39.379297309442805,42.03953598998865
M7,41.412018617337154,48.159002933908845,10.428978448754002
M9,80.21675988972035,6.517639617822129,13.26560049245752
M10,3.543068046712192,78.85341650290555,17.60351545038226
M5,47.84409836626854,27.54051653856337,24.61538509516809
M6,21.18145941633876,39.279753362322786,39.53878722133846
M7,40.014022624082784,51.71473689723582,8.271240478681399
M8,7.856423399041191,3.99771864388,88.1458579570788
M10,3.6244668283792185,81.02461073114007,15.350922440480716
M5,47.846087771116075,26.84703050202751,25.306881726856414
M6,21.42493015061894,38.04237440432353,40.532695445057534
M7,43.51151062106307,47.75071834415081,8.737771034786121
M8,10.969913204611286,4.00667081776403,85.02341597762468
M9,81.12400485252292,6.588483290007488,12.287511857469596
M4,21.49741494201807,18.14167497410703,60.3609100838749
M7,46.06719131922748,47.88041278380434,6.052395896968179
M8,11.896127061462263,3.4593009886638604,84.64457194987388
M9,83.59473352943142,6.680615025802601,9.724651444765975
M10,6.986784132892012,79.66988229518826,13.343333571919729
M4,24.580038757329998,20.326848511946782,55.09311273072322
M6,24.626312699750105,40.65680190504063,34.71688539520927
M8,14.444978687236496,4.103666720400141,81.45135459236336
M9,85.19536225623538,6.628988138122557,8.17564960564206
M10,7.2312226008114715,81.26249306025932,11.506284338929206
M4,20.407980519457873,21.835217864371902,57.75680161617022
M6,20.572971702259093,41.9713591956793,37.455669102061606
M7,43.74557979617416,48.45170722112167,7.802712982704165
M9,83.35635587312998,6.675830274644564,9.96781385222545
M10,3.7536469841956044,82.14689057595993,14.099462439844473
M4,24.617626202675886,20.290375872120887,55.091997925203216
M6,23.597492994667252,41.56932813054585,34.8331788747869
M7,42.1966247730769,51.77589028385488,6.027484943068224
M8,9.76373303268633,4.480146603933487,85.75612036338018
M10,4.535914599826969,83.36497585166148,12.09910954851155
M4,24.04890140201784,20.234246699777035,55.716851898205135
M6,24.07270083206159,40.47436295484468,35.452936213093736
M7,46.18182043054712,47.80889647797521,6.00928309147767
M8,13.513336627751842,4.1770063894290335,82.30965698281912
M9,84.43622143112346,6.637552101516497,8.926226467360046
M4,20.821415144051578,17.63697353376023,61.5416113221882
M5,47.53572800505436,26.61436499227579,25.849907002669852
M8,12.847305176363397,3.904793331139908,83.2479014924967
M9,84.00866511640665,7.222883930380562,8.768450953212792
M10,7.378017764163643,80.5020034802455,12.11997875559085
M4,18.027019983859308,19.415335076718794,62.557644939421905
M5,44.69891031622967,27.801363472078698,27.49972621169163
M7,42.66428446427018,50.17833985251203,7.157375683217786
M9,82.3087717136251,7.187692207770653,10.503536078604242
M10,4.37813260809884,81.66043550421905,13.96143188768211
M4,21.002871727091314,17.195963850324496,61.801164422584186
M5,46.86355763364105,26.793420463568875,26.343021902790074
M7,41.96559974254811,52.40161509328784,5.632785164164055
M8,9.291470286147783,3.6016910281978842,87.10683868565432
M10,5.637194234640665,81.48657957283594,12.876226192523404
M4,20.35380041736611,17.75667465525209,61.88952492738181
M5,46.847875040067294,26.682648710254597,26.46947624967811
M7,44.64016279885188,50.030489042495034,5.329348158653083
M8,12.175381606419467,3.961416973821771,83.86320141975877
M9,83.03609868025244,7.286993836536139,9.676907483211425
M4,19.89347241005913,21.70235869018417,58.4041688997567
M5,46.49068975599744,28.98505259781246,24.524257646190105
M6,20.1767551400806,42.75672341183542,37.06652144808398
M9,83.62220892027064,7.1876446678661,9.190146411863264
M10,4.185865816533631,83.38084372457978,12.433290458886589
M4,24.204050523172363,19.199281996996607,56.59666747983104
M5,49.78704925356369,27.897763270399533,22.31518747603678
M6,23.949964642671787,40.62073956576393,35.429295791564286
M8,11.084303619894367,4.284554140874373,84.63114223923125
M10,5.6864258260370795,83.23062487670009,11.082949297262829
M4,22.983114037676085,19.41698980609354,57.59989615623037
M5,49.21528929700497,27.45369432459638,23.331016378398648
M6,23.395653431933237,40.367226148226,36.23712041984076
M8,14.407195973935794,4.571272769269551,81.02153125679465
M9,84.47290035196342,7.225501651399581,8.301597996637001
M4,20.39025271112432,21.088943368178807,58.52080392069688
M5,45.705438000346106,29.099821893396307,25.194740106257587
M6,20.071735639719655,42.59695771741713,37.331306642863204
M7,39.4105992191418,53.23098236225259,7.358418418605609
M10,2.949945524161092,84.14385423487752,12.906200240961383
M4,19.770724680338223,21.334143885821245,58.89513143384053
M5,46.36048499064014,28.55612262974044,25.083392379619422
M6,20.010466365365073,42.285444541041045,37.70408909359388
M7,42.49426946197926,50.366206080330436,7.139524457690307
M9,82.88815149366722,7.167993129045663,9.943855377287115
M4,23.22084644809884,19.282215938974595,57.496937612926565
M5,48.49303318412432,28.047604034355,23.459362781520678
M6,22.923814919451853,40.68612082476872,36.39006425577942
M7,41.4965174819699,52.901315850456264,5.602166667573833
M8,10.311660764538004,4.279932436149526,85.40840679931247
M3,5.315672296161024,74.1072444810057,20.57708322283328
M7,42.46265607100407,47.554908292450186,9.982435636545745
M8,11.560989954481238,3.068994045704882,85.37001599981387
M9,77.50692413086425,7.070768221709612,15.42230764742614
M10,4.665160732923572,77.26995521203527,18.064884055041162
M3,5.71888215135423,76.77592502594969,17.505192822696074
M6,22.62058226329348,39.76867058377515,37.61074715293138
M8,13.728257873891389,3.5835698386748835,82.68817228743372
M9,77.93743020468436,7.382289424919182,14.680280370396456
M10,3.575601942382868,79.55971920356093,16.864678854056194
M3,2.513481203626967,78.52338858573283,18.9631302106402
M6,17.61781467670441,41.44145133788702,40.94073398540857
M7,38.14179229238098,49.76236736405801,12.095840343561015
M9,75.8146992142885,7.445971763718276,16.73932902199323
M10,0.7025406231167762,79.49192438535552,19.805534991527708
M3,5.844782769033612,76.90436410597688,17.250853124989504
M6,22.506233622007407,41.5289381390561,35.964828238936484
M7,38.28221069474874,52.234716590063215,9.483072715188044
M8,9.042244608232094,4.472992056926851,86.48476333484105
M10,0.3013389964683785,83.25207004547993,16.4465909580517
M3,5.3118949730257645,76.75631342537956,17.931791601594682
M6,21.875720788513494,39.59284811361077,38.53143109787574
M7,41.03151552390584,48.538514850874115,10.429969625220046
M8,12.545606315671685,3.7478546621849103,83.7065390221434
M9,77.45896817174645,7.261362167030601,15.27966966122295
M3,4.792748289256409,75.12984702940695,20.077404681336645
M5,47.2845326435662,27.12427967511762,25.59118768131618
M8,13.062192712691237,3.834039096972252,83.10376819033651
M9,78.48023519605208,7.42651743554661,14.093247368401311
M10,5.644505659184461,78.66211845578543,15.693375885030107
M3,1.85066641301173,77.72244841814738,20.426885168840883
M5,42.5970536603618,29.48393222986471,27.91901410977349
M7,38.94748133326882,50.26157076708769,10.790947899643491
M9,76.1516603971016,7.4410080927890965,16.40733151010931
M10,2.4677046488539007,79.29216935276402,18.240125998382084
M3,6.138091525367988,73.35589509130631,20.50601338332571
M5,47.63410543782167,26.588254283156957,25.777640279021377
M7,39.588611299575014,51.71206931376701,8.699319386657976
M8,9.002186935273272,3.478109907990485,87.51970315673624
M10,3.419621147763314,80.17299204914688,16.407386803089807
M3,4.480518383754495,75.30087282451684,20.218608791728656
M5,46.34781383134289,27.270094736387023,26.382091432270087
M7,41.79009471098254,49.35557146693832,8.854333822079141
M8,12.202748185963676,3.9297161647471834,83.86753564928915
M9,77.43125716151569,7.45885665363388,15.109886184850431
M3,1.533866255850254,80.85591507587901,17.610218668270733
M5,42.939582316250345,31.722081400811145,25.33833628293851
M6,17.761925835614853,42.20399754999614,40.034076614389015
M9,76.04959084341365,7.733269847417941,16.217139309168406
M10,1.5640537467816773,81.40506091189117,17.03088534132715
M3,6.606708440100631,76.23187459575956,17.161416964139804
M5,50.63017018384832,27.93518168510087,21.43464813105081
M6,23.631412228577993,40.31548347391752,36.05310429750448
M8,10.703681165280452,4.201833619890598,85.09448521482895
M10,2.4537454964724104,82.6746256918962,14.871628811631396
M3,4.813620287726884,77.35543179486237,17.830947917410754
M5,47.76502996415124,28.259256668244497,23.975713367604264
M6,22.275869615992477,39.02538093522289,38.69874944878463
M8,13.934576863742059,4.470090046195603,81.59533309006234
M9,77.48615447322875,7.5601500912908515,14.953695435480398
M3,3.5740921854649566,78.2116358998027,18.214271914732336
M5,44.868495209499635,29.68985960309067,25.441645187409694
M6,18.59516269522073,42.703615706658425,38.70122159812085
M7,35.60955334686456,53.83657704952513,10.553869603610309
M10,3.88938646273026e-17,83.71224324101348,16.287756758986518
M3,1.7150005887205457,80.31874445845257,17.966254952826887
M5,42.98260922469148,30.887101156752767,26.130289618555754
M6,17.653778630351326,41.53141398292662,40.81480738672205
M7,37.29926243207251,51.53291934903081,11.167818218896677
M9,75.49809740232712,7.574787656007687,16.927114941665195
M3,6.065709933870054,76.24482734011424,17.689462726015705
M5,48.928647864589365,28.125167901992846,22.94618423341779
M6,22.34075620085495,40.36351984522391,37.29572395392113
M7,38.23083445619205,52.86576897060295,8.903396573205
M8,9.829353103486076,4.202407950574717,85.96823894593922
M3,5.984298903958515,72.90772168311058,21.107979412930902
M4,22.477585027238053,18.2927768933187,59.22963807944325
M8,14.590507586695097,3.332776494743339,82.07671591856156
M9,81.23424628177148,7.655277316475808,11.110476401752717
M10,5.818132307503655,81.17522222365156,13.00664546884478
M3,3.2272050061011277,75.12437570260936,21.648419291289514
M4,18.51714315599663,20.553088938000858,60.92976790600251
M7,40.70050357949248,51.00830460175892,8.291191818748601
M9,79.20455158005426,7.8408415596953,12.954606860250443
M10,2.2747789041442195,82.53190443753074,15.193316658325045
M3,5.877274141277032,73.21522141743486,20.90750444128811
M4,23.052740201717285,17.780933701710094,59.16632609657262
M7,41.399893657482764,51.875043148227206,6.72506319429003
M8,10.075997495056924,3.5963403089262798,86.3276621960168
M10,4.176089266647009,81.99495699866662,13.828953734686365
M3,5.641955013261449,73.07958424576299,21.27846074097556
M4,21.9343596093691,18.395596334512966,59.67004405611794
M7,43.69381291684385,49.884655824581955,6.421531258574198
M8,13.68383922086898,3.4993263327529194,82.81683444637811
M9,80.35274343919669,7.670656886893812,11.9765996739095
M3,3.139441279288097,79.37471316924137,17.485845551470533
M4,20.920283719191165,24.895783686015662,54.18393259479318
M6,19.64243541923126,46.42469270724963,33.932871873519105
M9,80.33447845295107,8.466566459044934,11.198955088003991
M10,1.2996437248394914,86.1184857922152,12.581870482945305
M3,6.1372947638858335,78.59462589336276,15.268079342751406
M4,29.1846353977742,22.011681499095243,48.80368310313055
M6,26.847774338885692,44.03703341413094,29.115192246983362
M8,13.993092670049283,5.066075225568654,80.94083210438207
M10,3.583309902392801,86.0699943852104,10.346695712396794
M3,6.12541730734545,77.14450271050254,16.73007998215202
M4,26.237716317573355,21.8309427280263,51.93134095440034
M6,25.110428704850857,43.11559672120799,31.773974573941146
M8,17.903641499441488,4.42751232379404,77.66884617676448
M9,82.05332096976457,8.060711221371132,9.885967808864297
M3,3.509992803102802,79.6642520749971,16.8257551219001
M4,22.91174789414541,23.979193318347455,53.10905878750714
M6,20.903202692954014,46.0542532121108,33.04254409493519
M7,37.71071818511519,54.48055959693787,7.808722217946936
M10,0.5516428431060537,86.86099499196044,12.58736216493351
M3,3.233365221051262,78.69512170269256,18.07151307625618
M4,20.820473958208066,24.02791310910372,55.15161293268821
M6,19.634526550485095,45.35009850850094,35.01537494101397
M7,39.613268957185994,52.4996182222155,7.887112820598503
M9,79.8533901420786,8.21712975426129,11.929480103660115
M3,5.710752216674817,78.18239234763608,16.1068554356891
M4,27.524633998845708,21.774939732529464,50.70042626862484
M6,25.372820803484235,43.73496594119531,30.892213255320456
M7,40.632428230623795,53.390013705391205,5.977558063985001
M8,12.706362042673524,4.965350700087553,82.32828725723893
M3,2.4174335951017083,76.70741075806535,20.875155646832937
M4,17.860578963776362,20.907282604568614,61.232138431655024
M5,43.22359193176628,30.191574793361895,26.584833274871826
M9,79.76696977729107,8.47017104299264,11.762859179716294
M10,2.3277304707605198,84.38065060639201,13.291618922847476
M3,6.242573454414535,72.57951022449961,21.177916321085846
M4,22.47296808872244,16.8312292321943,60.69580267908326
M5,48.709963264051545,26.556498884940652,24.733537851007803
M8,11.465376498098768,3.744661256779828,84.78996224512142
M10,5.283447028579716,82.06267558413838,12.65387738728191
M3,5.115357872420753,73.65095347341638,21.23368865416286
M4,20.970754922178752,17.888453021293454,61.140792056527786
M5,47.022911024544065,27.39481814941022,25.582270826045715
M8,13.67994808126526,4.332804102782998,81.98724781595173
M9,80.92570870266528,8.302745611024461,10.771545686310263
M3,3.914200350766434,74.68255158436213,21.403248064871434
M4,19.369685795166166,18.858714548314172,61.77159965651967
M5,44.26207886678862,28.045448677416687,27.692472455794693
M7,38.39100829720573,53.41524967693453,8.193742025859741
M10,2.5293830518542775,83.127821738887,14.342795209258725
M3,2.4891320503992618,76.51475564531758,20.99611230428316
M4,17.762348369663005,20.56258837635358,61.67506325398342
M5,43.01218302614021,29.765975076949758,27.221841896910036
M7,39.38970882163152,53.38230496609368,7.2279862122748
M9,78.90595678870771,8.439814451603445,12.654228759688843
M3,5.849413247379627,72.81174008973977,21.3388466628806
M4,21.717232499203227,17.06728115407803,61.21548634671875
M5,47.369776056547906,26.8255016891709,25.804722254281195
M7,40.964380562610714,53.0437743690446,5.991845068344688
M8,10.736717200298045,3.750764436383712,85.51251836331824
M3,3.841286563047232,80.25393607353905,15.904777363413714
M4,23.824724610990717,23.658263360451574,52.517012028557716
M5,47.839726694818914,31.023624168310064,21.13664913687102
M6,22.03936141154137,46.22196209221312,31.738676496245517
M10,1.839958192070556,87.34808388675503,10.811957921174411
M3,2.3409333035969944,80.92010401906205,16.73896267734095
M4,20.129107286597623,24.843092140810572,55.027800572591815
M5,44.44844732763738,32.8235019228185,22.728050749544117
M6,18.8563979963149,47.6171263906314,33.526475613053705
M9,80.06184867673747,9.06659094541007,10.871560377852461
M3,6.330883068456902,77.72890827582053,15.940208655722572
M4,27.2595799381752,20.86935015235906,51.871069909465746
M5,51.90241080122772,29.06217205765262,19.035417141119662
M6,26.10703341718348,42.99818259372272,30.894783989093796
M8,14.662216902159097,5.104408018579239,80.23337507926166
M3,3.7090778644260483,79.5305748516022,16.760347283971754
M4,22.55195605191381,23.066638998346217,54.381404949739974
M5,46.50774349795613,30.75683742534911,22.73541907669476
M6,21.01320532092678,45.503771396183716,33.48302328288951
M7,37.46064001639873,55.358745532884754,7.180614450716519
M2,72.86310957996871,13.514602490044204,13.622287929987088
M7,46.44420072515588,44.58095954778137,8.97483972706275
M8,10.526421809145049,3.172085926923171,86.30149226393178
M9,81.76068714375657,5.8550804062329025,12.384232450010527
M10,6.689884543714297,75.82330771012448,17.48680774616122
M2,75.57148428107654,13.343480671977586,11.085035046945878
M6,23.6173618819959,38.36673565491584,38.01590246308825
M8,12.256388779647732,3.6919398003937127,84.05167141995855
M9,83.08116292398542,5.725643572361123,11.193193503653461
M10,6.4883046268481674,77.19246681370356,16.319228559448277
M2,74.55086023014307,13.171436500628968,12.27770326922796
M6,20.499914972856978,38.86788630838861,40.63219871875442
M7,45.39319732835239,44.04862330152056,10.55817937012705
M9,81.77834746259273,5.623726777136888,12.597925760270378
M10,3.3479772181879217,77.29917783598916,19.352844945822923
M2,71.13031239445183,16.583320617058924,12.286366988489242
M6,20.95212835386865,40.661706691316844,38.38616495481451
M7,39.6012664586817,51.24154710934367,9.15718643197463
M8,7.434452437776405,4.3145209426586915,88.25102661956491
M10,2.328233395671492,81.57039543471569,16.10137116961282
M2,75.76289339351968,12.96556740841523,11.271539198065094
M6,23.741999130767983,37.794813684865346,38.463187184366674
M7,47.42185052253884,43.592455283792575,8.985694193668586
M8,11.697000648433978,3.746549456172029,84.556449895394
M9,82.84099170619585,5.60126419801332,11.557744095790829
M2,70.73537708565385,14.493189878363538,14.77143303598261
M5,47.39650093598364,26.89666829135289,25.706830772663473
M8,12.06364915263472,3.593103449766065,84.34324739759921
M9,81.73096642591752,6.392003067918765,11.87703050616372
M10,7.129620386199141,77.31013287494669,15.560246738854175
M2,69.83961939321662,14.325154308699721,15.835226298083656
M5,45.291182312059185,27.578590481031846,27.13022720690897
M7,43.31190518804036,46.754109012728534,9.933985799231102
M9,80.4775312730233,6.18604609188355,13.336422635093147
M10,4.426237257468567,77.48215728791519,18.091605454616243
M2,67.62854248216095,16.76790375340502,15.603553764434029
M5,45.66663426191508,27.250605109245434,27.082760628839488
M7,39.65713300023938,51.86732751837233,8.475539481388296
M8,7.705501036201356,3.515538602599014,88.77896036119964
M10,4.294538003525823,79.94018851993914,15.765273476535029
M2,70.54677255783643,14.364257324686882,15.088970117476684
M5,47.201015012214555,26.616437496792468,26.182547490992977
M7,44.70380099586066,46.99482087645335,8.301378127685986
M8,11.357889273428633,3.624841046049397,85.01726968052196
M9,81.01235197331133,6.387684012482002,12.599964014206673
M2,72.00863318235515,14.239186714544598,13.752180103100248
M5,46.91877473027035,28.352211017015918,24.729014252713732
M6,19.67941805542042,39.75221724729084,40.568364697288736
M9,81.49348474291666,6.0185016898968176,12.488013567186519
M10,4.069891429684851,78.67685222936707,17.253256340948084
M2,69.91745825029525,17.066593839333247,13.015947910371498
M5,47.77011619974465,28.04211942562873,24.18776437462662
M6,21.434426969739135,39.782543074737774,38.78302995552309
M8,8.59244604633039,4.014951260417719,87.39260269325189
M10,3.820010877789361,81.38844160383368,14.791547518376959
M2,73.04508620482133,14.132242630042391,12.822671165136278
M5,49.272163358412875,26.95268709093217,23.775149550654955
M6,22.58797713637956,38.23988993111663,39.17213293250381
M8,13.057923684335455,4.038106245355869,82.90397007030869
M9,82.12341912871952,6.157549935954111,11.71903093532637
M2,67.4115191208442,17.29979430504985,15.288686574105945
M5,43.683165916734346,29.39415937362435,26.922674709641303
M6,17.826134802672872,41.505531919596834,40.6683332777303
M7,37.01919233526974,52.70569160354537,10.275116061184889
M10,1.4159354919682174,82.12658340464459,16.457481103387195
M2,72.84978584935155,13.552532821738618,13.597681328909834
M5,48.1115658074954,27.02596400272167,24.86247018978293
M6,20.365392628330415,38.67801643175022,40.956590939919366
M7,44.62560351363462,45.35320392036799,10.021192565997389
M9,81.4974004598689,5.768786421151666,12.733813118979434
M2,69.07611159427593,17.16442507186341,13.759463333860662
M5,46.52321919343373,28.251327398368883,25.225453408197385
M6,20.5274282565837,39.8867053353985,39.58586640801779
M7,38.82250267923574,52.40159021214322,8.775907108621041
M8,8.035905993083519,4.043853868416908,87.92024013849958
M2,72.2468349007658,13.434126123195307,14.319038976038888
M4,22.353441453332564,18.457056759265832,59.1895017874016
M8,13.804513449363922,3.3327935213895503,82.86269302924653
M9,84.34414773889833,6.337741123919616,9.318111137182054
M10,7.640187863843784,79.27799464305872,13.081817493097503
M2,71.83685128127478,13.312957707646538,14.850191011078687
M4,19.51646972455509,19.90635342535636,60.57717685008855
M7,45.69017919310577,46.60899011597296,7.700830690921272
M9,83.19540106244388,6.243829113634106,10.560769823922016
M10,4.543870258116049,80.14755696746018,15.30857277442378
M2,68.37084214368711,16.20190672020397,15.427251136108918
M4,21.487872560734537,18.166477820148806,60.345649619116664
M7,41.507643471270086,51.72793887685521,6.764417651874702
M8,8.761680683314726,3.640112685504551,87.59820663118073
M10,4.94672646123312,81.44925997655135,13.604013562215528
M2,72.31856151342613,13.237133600132047,14.44430488644182
M4,22.28228812140544,18.33706592634098,59.38064595225357
M7,47.48052456686471,46.40608078645349,6.1133946466818045
M8,13.152176681226855,3.4201360261703244,83.42768729260283
M9,83.82363082677854,6.289508489887368,9.886860683334092
M2,75.02716587334491,13.087732378691253,11.885101747963834
M4,22.3660922636674,22.635653771559742,54.99825396477286
M6,22.43582729162512,42.36629712708507,35.197875581289814
M9,85.09403929595948,6.080753666109102,8.825207037931422
M10,4.276327825588048,82.30645395189936,13.417218222512588
M2,71.70076088806393,16.505513582064825,11.79372552987125
M4,25.57808873723665,20.78205173233247,53.639859530430876
M6,24.263808100956073,42.25889459522865,33.477297303815284
M8,10.934303088271534,4.558656771937209,84.50704013979126
M10,4.774364271821348,83.84183423481008,11.383801493368566
M2,76.15230706861897,12.83917483551811,11.008518095862923
M4,26.678390346467275,20.643049960395885,52.67855969313685
M6,26.459695552733642,40.49730014848633,33.04300429878002
M8,17.04545722337911,4.10087468336844,78.85366809325244
M9,86.12623720793346,6.010943125335143,7.8628196667314
M2,69.58543405026936,16.717728378145903,13.69683757158474
M4,20.70758692658879,22.649517509684937,56.64289556372627
M6,19.977100308462134,43.82090526553123,36.20199442600664
M7,39.388723969938425,52.60635010557593,8.004925924485647
M10,2.0632760182441476,84.48259404619998,13.45412993555587
M2,75.72851197635879,12.516567646625527,11.754920377015685
M4,23.063187084245225,21.829584605630128,55.10722831012464
M6,23.113705551800045,41.265160768107215,35.62113368009273
M7,47.70297791844053,45.096058760643174,7.200963320916294
M9,85.03570353154905,5.851299090375628,9.112997378075326
M2,70.99325023238002,16.545558350302205,12.461191417317774
M4,24.46034683643637,20.805319530876325,54.7343336326873
M6,23.251195129679147,42.21557225758923,34.533232612731624
M7,41.44504349441547,52.17628362956085,6.378672876023678
M8,10.206049792273003,4.551486701088737,85.24246350663826
M2,69.00390110791952,14.380296921907796,16.615801970172686
M4,18.155522691866896,20.399089374394883,61.445387933738225
M5,45.15034071307802,28.668980757868106,26.18067852905387
M9,82.8194822463405,6.975175490773185,10.205342262886315
M10,4.463730549191563,81.83946803789591,13.69680141291252
M2,67.05056940719908,16.57949640905249,16.369934183748434
M4,21.03421946858636,17.34653253154273,61.61924799987091
M5,46.54842704034286,27.23251063933691,26.219062320320234
M8,9.98950243713416,3.6375124504710197,86.37298511239482
M10,5.693052144622289,81.71858676301859,12.588361092359122
M2,69.26522666015505,14.405801077713257,16.328972262131693
M4,20.450594984719054,18.331488772830923,61.217916242450016
M5,46.96933796466028,27.38242807391603,25.648233961423685
M8,13.237043177748234,4.064017153714045,82.69893966853772
M9,83.25226713241258,7.16764441824534,9.580088449342076
M2,65.38694250537989,16.8097545173623,17.803302977257808
M4,18.142325137879013,19.214509890878592,62.6431649712424
M5,43.144093852839845,28.526613427025566,28.32929272013459
M7,38.81427490923666,53.18030265471988,8.00542243604346
M10,3.3848832119400885,82.43920374624952,14.17591304181039
M2,69.27776157683995,14.1168886391401,16.60534978401995
M4,18.35962362915098,19.969464298789692,61.67091207205934
M5,45.48267036950388,27.993296655326976,26.524032975169145
M7,43.59983086541429,49.33359408300358,7.066575051582127
M9,82.32698041712965,6.891681697062747,10.781337885807606
M2,66.38592463132694,16.704973688641196,16.90910168003186
M4,20.34843768759077,17.56146072519935,62.09010158720987
M5,45.468539281777055,27.483652489998686,27.04780822822426
M7,40.59261885026978,53.183429589817585,6.223951559912635
M8,9.363824463695003,3.66303497974075,86.97314055656425
M2,68.11189636414103,17.257277201503207,14.630826434355761
M4,20.775906411756026,21.860803414349455,57.36329017389452
M5,45.689589587929476,29.943273058824676,24.367137353245848
M6,20.285751877776864,43.52432724062477,36.18992088159837
M10,3.0234061122934737,84.72185397680148,12.254739910905045
M2,72.88451414495066,13.683364936286743,13.4321209187626
M4,21.365502376759114,22.34397155610493,56.29052606713596
M5,48.88135692539819,28.528634078690512,22.5900089959113
M6,21.453260038864723,43.016171981453546,35.53056797968173
M9,84.51612519546848,6.561532093725818,8.922342710805706
M2,69.32936099069867,17.065397120827697,13.605241888473628
M4,23.64798301944719,19.648276286467947,56.70374069408486
M5,48.49731520946015,28.590804429353366,22.911880361186487
M6,23.19218465264965,41.28938791954333,35.518427427807026
M8,11.327359166377057,4.375388117797635,84.29725271582531
M2,67.6087802785335,17.2829047976813,15.108314923785198
M4,20.078607700756592,21.72683540305783,58.194556896185574
M5,44.82478807194159,29.931884817594643,25.243327110463767
M6,19.620215938552064,43.347814195895346,37.03196986555259
M7,38.50128637984539,53.87838249440227,7.620331125752344
M2,69.37134367884238,16.153604825246457,14.475051495911163
M3,5.099327028280095,74.35644137471884,20.54423159700106
M8,13.779786004589052,2.747140252144573,83.47307374326637
M9,77.68811533947643,7.286198163272127,15.025686497251447
M10,5.190544320612631,77.03466368413208,17.774791995255285
M2,69.45655836339337,15.965784527607639,14.577657108998991
M3,2.235342819034787,76.33874692559229,21.425910255372926
M7,40.788180380543785,47.632801953157056,11.579017666299158
M9,76.19488270333223,7.215271950428539,16.589845346239237
M10,2.201120223059416,76.85855526064499,20.94032451629559
M2,67.42002261060262,16.851532952128366,15.728444437269019
M3,5.833634899851127,73.73450223893522,20.43186286121366
M7,38.415424450291376,51.35191888638196,10.232656663326665
M8,8.202922032744175,3.4974463807730736,88.29963158648276
M10,2.089699793835551,80.1483179659432,17.761982240221244
M2,69.71364434916795,15.615639449449883,14.670716201382167
M3,4.947741364824955,74.2449016925965,20.80735694257855
M7,43.29382884568343,46.77774475765397,9.928426396662601
M8,12.795908622053314,2.9567177473730673,84.24737363057362
M9,77.47715722739808,7.050136789081195,15.472705983520724
M2,71.17327920848963,16.936465824173485,11.890254967336883
M3,1.94491362076772,79.89929537169454,18.155791007537744
M6,18.090268790447812,42.89993783758344,39.009793371968755
M9,76.46855348992062,7.92054186675505,15.610904643324327
M10,0.8290168181119256,79.91488391875362,19.25609926313446
M2,70.76076605492749,17.56288586896622,11.676348076106294
M3,6.130987033265706,77.69569783911213,16.17331512762216
M6,23.346696896479813,42.527183307746625,34.12611979577356
M8,10.346365408692035,4.586206842758544,85.06742774854942
M10,0.4681118523639548,84.19121124253492,15.34067690510112
M2,71.91041864234188,16.25928452565482,11.830296832003299
M3,5.263258505389634,77.38483497147521,17.351906523135156
M6,23.073312311922408,40.41875265987378,36.50793502820381
M8,15.807739498123622,3.451618230755482,80.74064227112089
M9,78.29929205853033,7.47238542099972,14.228322520469954
M2,68.23703250172147,18.017974788661633,13.744992709616895
M3,3.3160236596541264,78.933121267606,17.75085507273988
M6,18.011751775584873,44.442947745885206,37.545300478529924
M7,34.93373991633845,53.87688877129703,11.189371312364514
M10,0.0,83.67325595151777,16.326744048482226
M2,72.0931622966492,15.840357118515296,12.066480584835507
M3,2.2621158064480182,78.98338876752386,18.754495426028114
M6,18.878703576864776,41.41701601415332,39.7042804089819
M7,40.664402603596145,47.980537672759226,11.35505972364463
M9,77.18510529378567,7.213470470284662,15.60142423592967
M2,69.83604262531898,17.58765773625864,12.576299638422377
M3,5.66683147664429,77.46993641296224,16.86323211039347
M6,22.06926634895515,42.34552749344714,35.5852061575977
M7,37.330529893490066,52.922033761421616,9.747436345088317
M8,9.510777263585187,4.555430490635114,85.9337922457797
M2,66.51788032912351,17.774061344460023,15.708058326416463
M3,0.9753819170059763,78.89888555312847,20.12573252986556
M5,41.815202708698735,32.115412350973955,26.06938494032731
M9,76.03458950022569,7.900860438715006,16.0645500610593
M10,2.2860207675513338,79.87719553410004,17.836783698348626
M2,66.490729947162,17.206535935296746,16.30273411754126
M3,6.171106260582721,73.6073130141174,20.221580725299887
M5,47.41817913463807,27.03521510757733,25.546605757784597
M8,9.872694026330217,3.511390381319426,86.61591559235035
M10,3.5389612289380574,80.53965547304156,15.921383298020373
M2,66.9339491657704,17.184066566836847,15.881984267392752
M3,3.8559731327330975,76.01800900337845,20.12601786388845
M5,45.74750889743845,28.94713886322735,25.305352239334198
M8,13.358076920011685,4.119913290235287,82.52200978975303
M9,77.23147458377444,7.8200943797169,14.948431036508659
M2,64.21787783958807,17.625941681583033,18.156180478828897
M3,3.6896861289004272,75.3123572602137,20.997956610885865
M5,42.4313952378425,28.770867059440473,28.797737702717026
M7,35.72717029613892,52.970469141071185,11.302360562789893
M10,1.1159504330989753,81.1247823762621,17.759267190638923
M2,67.0195962965499,17.012166753837555,15.968236949612539
M3,1.2282646802263977,78.35811143664337,20.413623883130228
M5,42.49051913662967,30.84719367683448,26.66228718653585
M7,39.225918087668134,50.34416572949394,10.429916182837928
M9,75.79206542012997,7.562327576937306,16.64560700293272
M2,65.66047491277885,17.362471744475013,16.977053342746135
M3,5.750876909621505,73.82395617167343,20.42516691870506
M5,46.02285951894855,27.368552129122772,26.608588351928677
M7,38.042792053247716,52.599271296534376,9.357936650217908
M8,9.134419017287101,3.5459512491133185,87.31962973359958
M2,66.84103359897661,18.599996074311044,14.558970326712348
M3,3.5772356555506413,79.25615363110468,17.16661071334468
M5,44.747116625780755,30.998215184811563,24.25466818940768
M6,18.847656370935095,44.08271881147694,37.069624817587965
M10,0.0,84.73162312848861,15.268376871511393
M2,68.16769380094499,18.32812889234578,13.50417730670923
M3,0.7588272111710604,82.03654502474316,17.20462776408577
M5,42.52915084870316,33.861068858723584,23.609780292573255
M6,17.268474417846637,44.10605337419086,38.62547220796251
M9,75.71168991745046,8.052629321503181,16.23568076104636
M2,68.48788383643675,18.020558662283058,13.491557501280191
M3,6.183283046169997,76.83672660093374,16.97999035289625
M5,49.018806545551065,28.78793430518039,22.193259149268545
M6,22.779643523064536,41.161817835170105,36.05853864176536
M8,11.032580007667516,4.315324817633444,84.65209517469904
M2,66.24136013754314,18.566177284767647,15.192462577689213
M3,3.4479825997549125,78.8457311694687,17.706286230776385
M5,43.63122239867229,30.918460922983268,25.45031667834444
M6,18.113563721570095,43.67228132212361,38.21415495630629
M7,34.51509438363093,54.780536174699485,10.704369441669591
M2,69.06712215212123,15.706456915184328,15.226420932694444
M3,2.897648700740623,75.72358386586585,21.378767433393534
M4,18.63527720582476,21.92691491879291,59.437807875382326
M9,79.4569483502871,8.233151949001954,12.30989970071094
M10,1.9236271115803054,83.28795625410362,14.788416634316079
M2,67.15426615796115,16.697046855255543,16.14868698678331
M3,6.007977652459679,73.45006817819865,20.54195416934168
M4,23.352394881911795,17.95396589413178,58.693639223956424
M8,11.012479578392842,3.5756950155334826,85.41182540607367
M10,4.2895195910755595,82.33116374018125,13.379316668743186
M2,68.96770438273889,15.368548746537904,15.663746870723209
M3,5.690970643462099,73.12691344392498,21.18211591261293
M4,22.385711248532488,19.070653211103117,58.54363554036439
M8,15.648811502828291,3.3245765862136887,81.02661191095801
M9,80.60758378303446,7.881914097128909,11.510502119836634
M2,65.76653620392123,17.089568936147888,17.143894859930878
M3,3.7800549755986195,75.15071934439345,21.069225680007932
M4,19.36402357338976,20.21523526910389,60.420741157506356
M7,37.665198620417314,53.11446038949045,9.220340990092232
M10,1.646296946156637,83.19798262197585,15.155720431867508
M2,69.65913938161754,15.097853745335478,15.243006873046987
M3,3.0757680071242635,75.26004195621772,21.664190036658013
M4,19.06010989089749,21.210752056845713,59.72913805225679
M7,41.82833865206676,50.312949120039754,7.858712227893484
M9,79.37669480049374,7.8615686244235965,12.761736575082665
M2,66.53003233259533,16.801971886660457,16.667995780744217
M3,5.648375332070308,73.59025562113136,20.761369046798336
M4,22.495583459244866,18.172892699925622,59.331523840829504
M7,40.06762970934487,52.59409946168668,7.338270828968447
M8,10.281270187550616,3.6360108343522564,86.08271897809712
M2,69.77337022281318,18.288339544156383,11.938290233030433
M3,3.6436511792276103,81.1929734119804,15.163375408791993
M4,24.249283306040834,25.792176355526685,49.95854033843248
M6,21.642396296851068,48.052585863975885,30.30501783917304
M10,0.601494384746659,88.21779136951345,11.180714245739892
M2,72.74415396767552,15.844016068322622,11.411829964001862
M3,3.0720578216633916,80.02795024482535,16.89999193351126
M4,22.230172137137913,26.15726325529921,51.612564607562874
M6,20.3641391908195,47.608399538289554,32.027461270890946
M9,81.00914548514989,8.55099798720445,10.439856527645663
M2,71.14370962027876,17.738656534061622,11.117633845659622
M3,6.031994449019896,79.32879413111046,14.639211419869653
M4,29.32985257936171,22.824552352467126,47.845595068171164
M6,26.532395511794917,45.063306271088315,28.404298217116768
M8,14.965336892153717,5.261264843726245,79.77339826412003
M2,69.16153441025725,18.077405417160787,12.761060172581967
M3,3.5426864949979264,80.33906199521044,16.118251509791634
M4,23.013477005233167,25.0113657216273,51.97515727313953
M6,20.75357616609531,47.12726905711158,32.1191547767931
M7,37.121477279841336,55.09007446354391,7.788448256614757
M2,64.16165250048529,17.464478179823523,18.373869319691188
M3,3.872222798495486,75.1414794538021,20.98629774770241
M4,19.404013761392072,19.349674877505286,61.24631136110265
M5,43.78339287061616,28.898940588088255,27.317666541295583
M10,2.496626920319998,83.63802205495581,13.865351024724191
M2,65.98226080390337,16.84348899136096,17.174250204735667
M3,1.8403995823809358,77.54424678695459,20.615353630664472
M4,16.868497509969334,22.94776448579423,60.18373800423644
M5,42.0455428708181,32.49826039829386,25.45619673088804
M9,78.57373346880043,9.182853480538405,12.243413050661168
M2,64.98695720810832,17.110051842839653,17.902990949052025
M3,5.866706730417558,73.01882122849405,21.11447204108839
M4,21.706245921508856,17.212766367874398,61.08098771061675
M5,47.02381987564595,27.30108588694403,25.675094237410022
M8,11.46039984981477,3.862975213173626,84.67662493701161
M2,63.76743341086083,17.565460194845766,18.667106394293402
M3,3.7380867820108015,75.18127349199457,21.08063972599463
M4,18.7840515373068,19.483336463637922,61.73261199905528
M5,42.82861843880509,29.12316053925947,28.048221021935444
M7,36.98259445600138,54.428987739252165,8.588417804746456
M2,68.02297800851755,18.820177374702098,13.156844616780347
M3,3.765895301701014,81.04385928533584,15.19024541296315
M4,23.791438545160947,24.750515862498986,51.45804559234007
M5,46.98268176599821,32.218426566950534,20.798891667051258
M6,21.641431118280128,47.494693882376275,30.8638749993436
M1,39.50352655167126,28.78256426362701,31.713909184701734
M7,44.7080750592356,46.706186460215086,8.585738480549317
M8,11.109563789797575,3.2638560560022096,85.62658015420021
M9,80.905025800302,6.439732100497054,12.655242099200947
M10,6.092452278932241,77.51131117625833,16.396236544809426
M1,42.47737457244308,29.668037144154255,27.854588283402663
M6,23.161946093366677,38.67937703088984,38.15867687574348
M8,12.809705478777005,3.6979441364678176,83.49235038475518
M9,81.9518864192796,6.393879386639309,11.654234194081088
M10,5.871874529042882,78.82792226873094,15.300203202226172
M1,41.55231412604069,30.36386106766167,28.08382480629764
M6,19.621880795293073,39.986439854579096,40.39167935012784
M7,42.57725035575585,47.162526279124364,10.260223365119785
M9,80.40583923461298,6.422134754942012,13.172026010445006
M10,2.823542709796632,79.47492207376504,17.70153521643833
M1,39.14104558592348,32.566229225296475,28.292725188780047
M6,21.86175300890473,39.99671161755541,38.14153537353986
M7,40.18891617324556,51.17383076763432,8.63725305912012
M8,8.452680754257385,4.117994392395893,87.42932485334671
M10,2.861196553838639,81.60034162183318,15.53846182432818
M1,42.23405610075677,29.606635795760816,28.159308103482417
M6,22.745613183695045,38.545952827542415,38.70843398876254
M7,44.64087708457059,46.58590269877475,8.773220216654657
M8,12.02646239666482,3.786537884066378,84.1869997192688
M9,81.35333470632413,6.384497804455468,12.2621674892204
M1,37.422057514646575,29.241369145737938,33.336573339615484
M5,47.15820490434287,26.681771417605894,26.16002367805124
M8,12.320802947407481,3.652905918816852,84.02629113377566
M9,81.19783155721113,6.883536757113385,11.918631685675484
M10,6.662575766701168,78.4674133554231,14.870010877875728
M1,37.033816062613916,30.110157515633684,32.856026421752404
M5,44.37159870410384,27.92481364092664,27.70358765496952
M7,41.65007955290465,48.826996617313426,9.522923829781924
M9,79.7022345178432,6.82958685021956,13.468178631937246
M10,3.928459313970285,79.23486279017082,16.836677895858898
M1,35.241811152010094,31.086422863349334,33.67176598464058
M5,46.38604453010098,26.795604535470755,26.818350934428263
M7,40.27475288810231,51.737369085650464,7.987878026247223
M8,8.620225463485943,3.470986629364124,87.90878790714994
M10,4.544695233755263,80.05853124628484,15.396773519959893
M1,37.064896399961675,29.378306030485497,33.55679756955283
M5,46.53311029919586,26.73746697311907,26.72942272768507
M7,43.33910507931342,48.73114876293213,7.929746157754451
M8,11.630076194126241,3.7160646377298465,84.65385916814391
M9,80.30718907165357,6.942663207807748,12.750147720538685
M1,39.11299289989382,31.12348195772714,29.76352514237904
M5,45.580832762926825,28.798223887397576,25.6209433496756
M6,19.231949434300226,40.39314833158442,40.37490223411536
M9,80.43841146294471,6.786700844862914,12.774887692192372
M10,3.502081114422335,80.49529171911351,16.00262716646415
M1,37.43199831480553,32.22803907913136,30.33996260606311
M5,48.35227435397071,27.423365419519953,24.22436022650934
M6,22.120267214372525,38.87448426207678,39.005248523550705
M8,9.54724844529341,3.8598295210838622,86.59292203362273
M10,4.186413267901193,81.22297770927041,14.590609022828403
M1,39.307570620502446,29.965764838916474,30.72666454058108
M5,48.06083982458586,27.12209296314953,24.817067212264607
M6,22.083506786865133,38.236001003434694,39.680492209700176
M8,12.989848104900979,4.044477696197703,82.96567419890133
M9,80.99575606058477,6.835162465843247,12.169081473571985
M1,36.3307363671171,33.50039407910031,30.168869553782592
M5,44.58189707873525,28.81925454048425,26.5988483807805
M6,18.71238514328273,40.93184706133677,40.3557677953805
M7,37.71683116563647,52.5242653804314,9.758903453932128
M10,1.7875980386517571,82.24422204162558,15.968179919722672
M1,39.085468710684914,30.964460307383103,29.950070981931983
M5,45.563430589946734,28.373637141444444,26.062932268608822
M6,19.138710749835933,40.02518700369883,40.83610224646523
M7,41.381923679782524,48.8389296109428,9.779146709274677
M9,79.81659656935676,6.75987874326869,13.423524687374549
M1,36.76176868408806,32.385557636434214,30.852673679477725
M5,47.154235229912565,27.63944833019268,25.206316439894756
M6,21.23848216385729,39.038842592149756,39.722675243992946
M7,39.472537658677375,52.17146366235496,8.355998678967666
M8,8.946229809547301,3.89335999875924,87.16041019169346
M1,39.25253527247205,28.684583120691276,32.06288160683667
M4,22.380445980133114,17.885334017013708,59.73422000285318
M8,13.717768875939052,3.413288848707632,82.8689422753533
M9,83.51250637348194,6.835857798349376,9.651635828168683
M10,7.121751043889847,80.13100727434548,12.747241681764677
M1,39.132900437225615,29.41892347139961,31.448176091374776
M4,19.421942532876304,19.69686717147513,60.881190295648565
M7,43.69805274874211,48.7292510386326,7.572696212625296
M9,82.17311799293299,6.845831441894544,10.98105056517247
M10,4.116659334029976,81.3225142928655,14.560826373104518
M1,36.34909360813928,31.05065266601152,32.6002537258492
M4,22.030272232352832,17.601645287609873,60.3680824800373
M7,41.95934082049522,51.64392275108472,6.396736428420056
M8,9.552883234583819,3.558006781712338,86.88910998370385
M10,5.149208632118866,81.43416989449314,13.416621473387991
M1,39.073167011583045,28.721064539239638,32.20576844917731
M4,22.006942593019904,17.96440498443245,60.02865242254765
M7,45.58367700665677,48.40386453322742,6.012458460115809
M8,13.0401599945905,3.511706320531548,83.44813368487796
M9,82.79113281427972,6.863916325683285,10.344950860036995
M1,42.360410544673904,30.790985241366172,26.848604213959923
M4,21.8625850655223,22.235383243423925,55.90203169105378
M6,21.53513604003665,42.82397560404164,35.64088835592171
M9,83.72973851637614,6.825678637105912,9.444582846517942
M10,3.7922058046556044,83.40896770187322,12.798826493471168
M1,40.004649469393755,33.07038315978787,26.924967370818372
M4,26.048909899768745,19.9711343190732,53.979955781158054
M6,24.86046162821116,41.413919149976536,33.72561922181231
M8,11.843523589177765,4.372481214715385,83.78399519610686
M10,5.068927971930241,83.6594505359773,11.271621492092464
M1,43.03790423670707,29.958937249322055,27.003158513970874
M4,25.728056313707715,20.048937077469596,54.22300660882269
M6,25.234009490131793,40.67110056110125,34.094889948766955
M8,16.238414304361292,4.140405415493856,79.62118028014484
M9,84.66360890872203,6.7573624350294565,8.579028656248518
M1,38.61974268729369,33.91085307910887,27.469404233597444
M4,21.716036616113506,21.82415837965252,56.45980500423397
M6,20.771883829115296,43.17106082564708,36.05705534523762
M7,39.854805091125264,52.52254044806143,7.622654460813308
M10,2.401651161310682,84.48552414977115,13.112824688918167
M1,42.4336964806275,30.49457301151788,27.071730507854618
M4,21.849910826125345,21.83403812087143,56.31605105300322
M6,21.51320916692937,42.284108985102456,36.20268184796817
M7,44.1391102296788,48.59528934113497,7.265600429186229
M9,83.24060403006578,6.766695835304638,9.99270013462958
M1,39.309534936178224,33.08371890365769,27.606746160164086
M4,25.017739224193427,20.01634519137579,54.965915584430775
M6,23.86426600782857,41.42568166455425,34.71005232761718
M7,41.853561224022414,52.091351108037784,6.055087667939802
M8,11.074421127195256,4.376182627264358,84.5493962455404
M1,36.75563046508666,30.071283676549076,33.17308585836426
M4,18.58036528115054,19.689240062725172,61.73039465612429
M5,44.73982493664983,28.453664576625997,26.80651048672417
M9,82.19324260876532,7.411778764989049,10.394978626245635
M10,4.254700415737725,82.4584449260398,13.286854658222467
M1,34.81035026984973,30.750040960103963,34.43960877004632
M4,21.356064970938633,16.765976094043896,61.877958935017475
M5,47.08397672462833,26.7313820836859,26.18464119168577
M8,10.58625143086508,3.6112480792176984,85.80250048991722
M10,5.854635671086467,81.54600880818374,12.599355520729787
M1,36.35053002773205,29.123518912181314,34.52595106008664
M4,20.679022327837117,17.512826003645266,61.80815166851762
M5,46.709332013568876,27.00375973832403,26.286908248107093
M8,13.044053735583518,3.9777549946615123,82.97819126975497
M9,82.68359524228714,7.522306048527478,9.79409870918538
M1,34.389829749652904,31.998123940484565,33.612046309862535
M4,18.95790605825908,18.62563934941477,62.41645459232615
M5,43.96191122388782,27.9917605878423,28.046328188269882
M7,39.40350802758915,52.96820678327603,7.628285189134822
M10,3.5728524195702307,82.45780830382736,13.969339276602412
M1,36.64263148454265,30.084055263429818,33.273313252027535
M4,18.441708072786163,19.554638025494693,62.00365390171915
M5,44.521164730061166,28.243284090823682,27.235551179115152
M7,42.05513583863175,50.97875741895197,6.9661067424162795
M9,81.46619964882247,7.439035814828221,11.094764536349311
M1,34.321772362912284,30.95823571228183,34.71999192480588
M4,20.73801153177399,16.978933719479876,62.28305474874613
M5,46.04221539030557,26.970801090404933,26.986983519289495
M7,41.14247712317276,52.95174994025093,5.905772936576312
M8,10.002187722884658,3.6327796717347396,86.3650326053806
M1,37.11215976161301,33.986654003390704,28.90118623499629
M4,21.59588090626964,20.965507661139913,57.43861143259045
M5,46.42600275869001,29.283224118167624,24.290773123142365
M6,21.01921669549037,42.64194152080361,36.338841783706016
M10,3.2728959218277858,84.5636674977112,12.163436580461024
M1,39.627632101093724,31.353743298781573,29.018624600124703
M4,20.715989259712284,21.736374441369186,57.547636298918526
M5,46.76115122994279,29.242080842251315,23.996767927805895
M6,20.519981960258967,43.11969573581554,36.360322303925486
M9,83.0086013939325,7.368676366629537,9.62272223943797
M1,37.062419912506996,32.56149993400293,30.376080153490072
M4,23.627031601704253,18.63120889286316,57.74175950543258
M5,48.73846677566109,27.87445082536956,23.38708239896935
M6,23.48570232794884,40.05566982433392,36.45862784771724
M8,11.779164246301331,4.205166448998886,84.01566930469978
M1,36.603605124350544,33.97164839154921,29.424746484100247
M4,20.88282910650979,20.91516716440729,58.20200372908292
M5,45.54521321052941,29.328512992884683,25.126273796585906
M6,20.33801558503246,42.55093031507222,37.11105409989533
M7,39.066955889632595,53.62483622605875,7.308207884308658
M1,37.12986887914452,30.5052661877886,32.36486493306688
M3,5.779057447432903,73.87677531936825,20.344167233198846
M8,13.85879800937349,3.012509553774033,83.12869243685248
M9,77.51789509894174,7.460393369101295,15.021711531956969
M10,4.713467356801432,78.7551251206138,16.53140752258477
M1,36.89342563599728,31.463163887424233,31.643410476578484
M3,2.664742826978846,76.37772336375367,20.957533809267474
M7,39.45263978797103,49.47390188265128,11.073458329377686
M9,75.82392064201296,7.536488177559891,16.639591180427146
M10,1.6933449369917373,79.41076019291258,18.895894870095688
M1,35.83074380478641,31.554707679269445,32.61454851594415
M3,6.313495169569091,73.30002365214385,20.386481178287056
M7,39.25299404033824,51.21924722774496,9.527758731916805
M8,9.17725500955083,3.4140676644891013,87.40867732596007
M10,2.5876485454654103,80.33536477304564,17.076986681488947
M1,36.954162131939945,30.483487711283683,32.562350156776375
M3,5.432040462164614,74.04206166338628,20.525897874449115
M7,42.01007508391753,48.51962919376822,9.470295722314255
M8,12.946582934709854,3.1917996893830476,83.8616173759071
M9,76.93748406595144,7.403510011119302,15.65900592292926
M1,39.139527134295314,33.698094176536166,27.16237868916852
M3,2.470659861878692,79.60932896805184,17.920011170069472
M6,18.56007769687412,42.948864964670896,38.491057338454986
M9,76.21815096033663,8.050796353392101,15.73105268627127
M10,0.3737953995328787,82.35206439211692,17.274140208350204
M1,39.52598324111209,34.063294711998104,26.41072204688981
M3,6.813644530227559,76.77190616933932,16.41444930043312
M6,24.36698286531222,41.320307412265265,34.31270972242251
M8,11.424225185781399,4.306259377329398,84.26951543688921
M10,1.3275157484573386,83.76396136951011,14.908522882032543
M1,39.82951746291571,32.196707221708714,27.973775315375576
M3,5.965462879779076,76.59936253837871,17.435174581842205
M6,23.412346513642493,39.91281166396846,36.67484182238905
M8,15.63294022251904,3.6625572390594354,80.70450253842152
M9,77.66434914270096,7.709510442554445,14.626140414744597
M1,37.53280116981574,35.336852938651326,27.130345891532933
M3,3.793358187659592,78.43334304500532,17.773298767335092
M6,19.21164538315684,43.53619506054728,37.25215955629589
M7,35.87630060170015,53.50600071558273,10.61769868271712
M10,2.296593726907032e-16,84.00141261990484,15.99858738009516
M1,39.27788690215836,33.185979521879965,27.536133575961678
M3,2.5985105260956325,79.0901976904058,18.31129178349856
M6,18.649911358247945,42.17413898859268,39.17594965315937
M7,38.53853914301103,50.51638190030832,10.945078956680653
M9,76.18285115013434,7.744196056945067,16.072952792920592
M1,38.58605307736308,34.05767333807879,27.356273584558124
M3,6.301333805437439,76.67895612352864,17.019710071033927
M6,23.117689737137194,41.27052092519298,35.61178933766982
M7,38.26703351900017,52.532275584697565,9.200690896302262
M8,10.546473877338943,4.3074750439931915,85.14605107866787
M1,34.60442939359725,32.56469334942875,32.83087725697399
M3,1.7946828264248678,78.04848083928592,20.156836334289224
M5,42.55360177306256,30.535123568932725,26.911274658004714
M9,76.17951607348114,8.008857899025871,15.81162602749299
M10,1.98072358678737,81.43210512068781,16.587171292524815
M1,34.70272419456216,31.306912991406115,33.99036281403172
M3,6.6152991754515265,72.99467328345733,20.390027541091143
M5,48.142945829248454,26.51093963841698,25.346114532334568
M8,10.701752800695838,3.531693899190889,85.76655330011327
M10,3.8938769624244,80.5529870067754,15.553136030800204
M1,34.69237032636174,31.13305672164455,34.17457295199371
M3,4.792359315989313,74.93160446664963,20.276036217361053
M5,46.48403561646443,27.597382433018595,25.918581950516973
M8,13.336614332908455,3.97562521876115,82.6877604483304
M9,77.22167323807828,7.932102142052128,14.846224619869592
M1,33.60879272245504,32.71856160093696,33.672645676608006
M3,4.0407737698870045,74.93886530457915,21.020360925533836
M5,43.627548474618884,28.055823604344457,28.31662792103666
M7,36.658414307719006,52.69774059633847,10.643845095942524
M10,1.4565099253051597,81.37491362390234,17.1685764507925
M1,34.57657405125443,32.41381277724419,33.009613171501385
M3,1.9119520906459855,77.80700036577485,20.281047543579163
M5,42.46757973866793,30.062937819596492,27.46948244173558
M7,38.30875830511735,51.61305509086921,10.078186604013439
M9,75.53858315236667,7.921132315304355,16.540284532328975
M1,34.059852228286076,31.555317537905562,34.38483023380836
M3,6.174762152995572,73.24251533608353,20.582722510920902
M5,46.822857164570344,26.804220532882795,26.37292230254686
M7,38.91919486424856,52.330400900367515,8.750404235383925
M8,9.993488490057125,3.550903877493039,86.45560763244983
M1,36.198218429478736,35.38598092752609,28.415800642995173
M3,4.017016521170788,78.38925921512748,17.59372426370173
M5,45.93026490245695,29.87616980989592,24.193565287647132
M6,19.9493576612344,42.83801076760184,37.21263157116376
M10,0.4126521800656546,84.49747900774351,15.089868812190844
M1,36.30149128420057,34.58647637099207,29.11203234480736
M3,1.6344866497506607,80.8052994086717,17.560213941577643
M5,43.09610153763873,32.14789162498061,24.75600683738066
M6,18.0453102035149,43.251052833318795,38.7036369631663
M9,75.69378767529052,8.252356084706308,16.05385624000317
M1,36.71060569550946,33.3255650390508,29.963829265439742
M3,6.708986029566359,75.52432783723943,17.766686133194213
M5,49.480798930345294,27.824643304556197,22.69455776509851
M6,23.367793902001196,39.61804818859548,37.01415790940332
M8,11.67879627766079,4.119184352239746,84.20201937009946
M1,35.5924016710575,35.295545294580116,29.112053034362383
M3,3.860530909330153,78.12864070865571,18.01082838201414
M5,44.801500963066154,29.921239332517985,25.27725970441586
M6,19.17379249319654,42.621083904405594,38.20512360239786
M7,35.54500196576101,54.225077484500105,10.229920549738893
M1,36.968421364758996,31.41264986094517,31.618928774295835
M3,3.203791125982366,75.73583477872863,21.060374095289006
M4,19.35278586907514,20.869971268153886,59.77724286277096
M9,79.21256660778904,8.218592874333963,12.568840517876994
M10,1.920961058475424,83.95768150654736,14.121357434977213
M1,35.741250182853385,31.417729282257717,32.841020534888905
M3,6.455614507645788,72.84371745602341,20.700668036330796
M4,23.62083426318837,17.288787267813895,59.090378468997734
M8,11.661215670466893,3.5338468016325817,84.80493752790053
M10,4.576640645952608,82.14158216751939,13.281777186528004
M1,36.74644681314385,30.186191117584855,33.0673620692713
M3,6.0428099752541495,72.86593221653158,21.09125780821428
M4,22.676297049200222,18.029228718218672,59.294474232581095
M8,15.061860822489209,3.447362415523743,81.49077676198705
M9,80.16217512761888,7.97624129032488,11.861583582056241
M1,35.06353555361561,32.80632340897498,32.13014103740941
M3,4.12480973858082,74.83124449116158,21.043945770257594
M4,20.369325544775865,19.414898689260664,60.21577576596347
M7,38.410456985250775,52.85044104283721,8.739101971912014
M10,1.9595908686325387,83.23178375425802,14.808625377109436
M1,37.05712213309743,31.209622135737476,31.733255731165094
M3,3.2430395906422507,75.54146411208092,21.21549629727683
M4,19.317259435751296,20.576912080775816,60.10582848347289
M7,40.44298108773694,51.70690388813735,7.850115024125714
M9,78.72162170117949,8.102086728452578,13.176291570367935
M1,35.194465157808565,31.608941555994452,33.196593286196986
M3,6.070581847028967,73.03021058448499,20.899207568486048
M4,22.86061393500976,17.50924236598888,59.630143699001366
M7,40.73897078765637,52.34815334950625,6.912875862837382
M8,10.966106703772379,3.5838800168335716,85.45001327939404
M1,39.17748898984989,36.85048539787014,23.97202561227997
M3,4.088826526486236,80.44517721959215,15.465996253921617
M4,25.262858669711065,24.31724496769529,50.41989636259365
M6,22.65985876733138,46.665880809798225,30.674260422870404
M10,1.0856620852398182,87.79741796976096,11.116919944999225
M1,40.41778217435645,34.17222351821824,25.409994307425315
M3,3.2234687788826086,79.97633772363486,16.80019349748254
M4,22.43985293511628,24.844520409628956,52.715626655254766
M6,20.518492955633707,46.83075359233921,32.65075345202709
M9,80.31668210728797,8.664416314813348,11.018901577898678
M1,40.29073489967166,35.41296264022429,24.296302460104044
M3,6.636024813196827,78.37332373901882,14.990651447784359
M4,29.441093974597976,21.69519372365171,48.86371230175031
M6,27.11685003265151,43.785337437046536,29.09781253030195
M8,15.630985320519855,5.0295661856465275,79.33944849383361
M1,38.477146005571825,36.383901378755084,25.13895261567309
M3,3.963360310169355,79.75403466028285,16.282605029547796
M4,24.024838788110145,23.78301893674997,52.19214227513989
M6,21.726065831425185,45.99104515225629,32.28288901631852
M7,37.86552082206219,54.675205049006145,7.459274128931668
M1,33.66019070664693,32.64860404991209,33.69120524344098
M3,4.203701451805035,74.638127017291,21.15817153090397
M4,20.185930508889772,18.59126299070781,61.22280650040242
M5,44.81589913909913,28.11936512742536,27.06473573347551
M10,2.7469086062873265,83.50005260778623,13.75303878592645
M1,34.339803359071205,32.18696452648448,33.47323211444432
M3,2.412689280615607,76.8722431118967,20.715067607487697
M4,18.095676989313386,21.006065895981685,60.898257114704926
M5,42.84323292416192,30.722216531950608,26.434550543887475
M9,78.66211212279146,8.900750763815523,12.437137113393021
M1,33.558019096707454,31.072154156445166,35.36982674684738
M3,6.262523592087578,72.25750837471236,21.479968033200066
M4,21.843805039225323,16.522027139623972,61.63416782115071
M5,47.55917963718219,26.675824266856093,25.764996095961717
M8,11.710612218410011,3.7954705290573636,84.49391725253263
M1,33.27607578364772,32.81172442564747,33.91219979070482
M3,4.054091343572895,74.71580529280911,21.230103363618
M4,19.580686907295725,18.75103291772447,61.6682801749798
M5,43.861189163563076,28.356643147872816,27.78216768856411
M7,37.82558565619071,53.995878722721386,8.178535621087903
M1,37.28478697359439,36.807581389768906,25.9076316366367
M3,4.144245399273218,80.01191364939858,15.843840951328204
M4,24.346398264611093,23.22037037120534,52.43323136418356
M5,47.78660315788438,31.04400624916881,21.16939059294681
M6,22.411850066338328,45.85026417986037,31.7378857538013
M1,41.233832915693846,27.94367725462214,30.822489829684013
M2,73.13569357872166,13.547340865534109,13.316965555744234
M8,13.086308183794884,3.081675164627522,83.83201665157759
M9,81.82637014978357,6.066079703800225,12.107550146416203
M10,6.8588167471680554,76.94329891067093,16.197884342161018
M1,41.71708889771859,28.08608833399414,30.19682276828727
M2,72.55135995515224,13.377257646367845,14.07138239847992
M7,45.2739989042266,44.8092602643327,9.916740831440698
M9,80.98322047771676,5.9135063572349535,13.10327316504829
M10,4.042251583092288,77.37474424541773,18.58300417148999
M1,36.2821391646756,31.366949669201603,32.3509111661228
M2,68.76515568196457,16.38695435636985,14.84788996166558
M7,39.78607547583374,51.1425749378038,9.071349586362459
M8,8.007563069254347,3.5051165425888646,88.48732038815679
M10,3.718242601439574,79.96317060360303,16.318586794957398
M1,41.57566177252134,27.630134631615007,30.79420359586365
M2,73.30766956926915,13.26028906636744,13.432041364363409
M7,46.75480005622675,44.71402878263212,8.531171161141131
M8,12.494639633343787,3.1726980360337413,84.33266233062248
M9,81.53102223970889,5.970025841501747,12.498951918789363
M1,45.41488302328546,28.70550211914791,25.87961485756663
M2,75.30209794032969,13.09844492880663,11.599457130863682
M6,21.76024636457442,39.8160810349339,38.423672600491685
M9,82.47427173870267,5.794050296325826,11.731677964971507
M10,3.4090740149538914,79.33360608460852,17.257319900437594
M1,39.33678205408141,32.87366268318799,27.7895552627306
M2,71.44525474914192,16.592927262600718,11.961817988257359
M6,22.28493667918641,40.53203368606256,37.18302963475102
M8,9.30118649956091,4.135954799416995,86.5628587010221
M10,3.063824082980362,82.02802107170659,14.90815484531305
M1,45.96590553533218,28.00863059772865,26.025463866939166
M2,76.5654337038227,12.793546973749338,10.641019322427956
M6,25.31110987844608,38.12205285422779,36.566837267326136
M8,15.316122369104948,3.6230746215734326,81.06080300932162
M9,83.3435749782271,5.742339175707855,10.91408584606505
M1,37.93871117265042,33.767742858060096,28.293545969289482
M2,69.13399901958162,16.840424401288093,14.025576579130284
M6,18.57018149972164,42.18450721822777,39.24531128205059
M7,37.64874056395444,52.04873885716801,10.302520578877548
M10,0.7595700637516491,82.71464901670122,16.52578091954713
M1,46.69378155995015,27.71256924567264,25.593649194377207
M2,76.27007336459967,12.37426132807721,11.355665307323122
M6,22.710284833855763,38.71313318697134,38.57658197917289
M7,47.52892926396747,43.04066401074735,9.43040672528518
M9,82.83138916491481,5.486186170026172,11.682424665059017
M1,38.647693276370816,32.94668908791303,28.405617635716155
M2,70.73271644770159,16.660373194254472,12.606910358043937
M6,21.426988740295315,40.57502156164553,37.99798969805916
M7,39.36693174244799,51.657294229730965,8.975774027821046
M8,8.751157980520446,4.160599217450043,87.08824280202951
M1,38.356619730729626,29.57169353749249,32.07168673177789
M2,69.73101721494912,14.624289472834906,15.644693312215974
M5,45.174069777997595,28.481893660364797,26.34403656163761
M9,80.45613789666933,6.5151411440829365,13.028720959247732
M10,4.177943693631065,79.135262143313,16.686794163055936
M1,34.86628938506959,31.374411090153178,33.759299524777234
M2,67.6362405230599,16.84756859160622,15.516190885333884
M5,46.00906954174599,27.267677234328662,26.72325322392535
M8,9.271616015465678,3.4863290180659665,87.24205496646834
M10,4.622597962434875,80.31549713963749,15.061904897927633
M1,37.748393991726786,29.11724233421549,33.134363674057724
M2,70.27022202124091,14.692301846611121,15.037476132147967
M5,46.85019801282903,27.269068245362252,25.880733741808715
M8,12.863413793882811,3.744905756487808,83.39168044962938
M9,80.65970419437666,6.759440545809205,12.580855259814136
M1,34.06110617673549,32.44633083687237,33.49256298639214
M2,65.50695593455754,17.069409346494854,17.423634718947607
M5,42.52711490291348,28.65999675159866,28.81288834548786
M7,37.35290996483095,52.57567982500197,10.07141021016708
M10,2.503983062609506,80.90604985240958,16.589967084980913
M1,39.002417824262935,29.02041465359756,31.977167522139506
M2,70.29143982836784,14.155911243962969,15.552648927669189
M5,45.8943218211112,27.57243535569594,26.53324282319286
M7,43.566074168512586,47.065930535212104,9.36799529627531
M9,80.2653761278035,6.347429179343657,13.387194692852837
M1,34.30357420729241,31.59658496401021,34.099840828697396
M2,66.91540797829077,16.986086085903846,16.09850593580538
M5,44.938589447513884,27.54915790600228,27.512252646483837
M7,38.9316196750673,52.54233393809185,8.526046386840846
M8,8.688247420896907,3.5229790912905856,87.7887734878125
M1,36.21744792535488,33.96829850113856,29.814253573506555
M2,67.51715208738665,17.39336924757449,15.089478665038861
M5,44.241931100796045,29.681302740970985,26.07676615823297
M6,18.743939436814056,41.67223132602194,39.583829237164004
M10,1.8576491785759837,82.72850878752901,15.413842033895008
M1,42.93398425902104,29.125829950225437,27.940185790753524
M2,73.44026080604958,13.531846443950307,13.027892750000113
M5,48.848281786316036,27.621430237168575,23.53028797651539
M6,21.220521314411904,39.73391660400612,39.04556208158197
M9,82.03804920008213,5.965206951720815,11.996743848197056
M1,36.447468346659434,32.72496018412289,30.827571469217673
M2,68.994554701166,17.209478264657328,13.795967034176677
M5,46.83553412208779,28.16098992175234,25.003475956159868
M6,21.29990698215079,39.462368712022545,39.23772430582667
M8,9.665298441645339,3.913685578124069,86.42101598023059
M1,35.720958686868094,34.02965979553713,30.24938151759477
M2,67.03284903411475,17.461197157161827,15.505953808723426
M5,43.45216679476956,29.76450624747944,26.783326957751
M6,18.19681233211332,41.63074469034018,40.172442977546496
M7,36.71553106007379,53.25487819115392,10.029590748772286
M1,41.37678015922958,28.434842532842154,30.188377307928263
M2,72.08151259587616,13.411779028860764,14.506708375263074
M4,20.444662404811325,20.169436954882745,59.385900640305934
M9,83.33586630338593,6.415087975549729,10.249045721064345
M10,4.417325558975028,81.25665699062502,14.32601745039996
M1,36.16458577347365,31.257345116140154,32.578069110386195
M2,68.40210267256482,16.251013317633213,15.346884009801965
M4,22.165044941530233,17.73908997964611,60.095865078823664
M8,10.262599074299674,3.538296150728636,86.19910477497169
M10,5.243875870890537,81.64476985725095,13.111354271858517
M1,40.92319741915742,27.8768292397579,31.199973341084682
M2,72.49559432686081,13.308886883074653,14.195518790064536
M4,23.14151077925522,18.122642344373595,58.73584687637119
M8,15.029405658054824,3.390318961493507,81.58027538045167
M9,83.7478908230644,6.472293843271998,9.779815333663606
M1,35.63987968272443,32.270556504154705,32.08956381312087
M2,66.90022917972648,16.47421056007359,16.62556026019993
M4,19.104502901446725,19.71256696878591,61.18293012976737
M7,39.21600066990752,52.367641614815966,8.416357715276511
M10,2.9770462262934996,82.42715264873158,14.595801124974926
M1,42.129794858212705,27.885329094697973,29.984876047089323
M2,72.71377900197417,12.966804882193893,14.319416115831933
M4,20.944769984247312,19.694028208550314,59.36120180720237
M7,46.457729087574165,46.278127609787184,7.264143302638651
M9,83.23469815931007,6.234549487351347,10.530752353338581
M1,35.68421305224362,31.42313484373122,32.89265210402516
M2,67.83364270558363,16.346564201563446,15.819793092852926
M4,21.484810311610786,17.94094414691395,60.574245541475264
M7,40.84829388548507,52.25428470338619,6.8974214111287395
M8,9.685244114772972,3.5897445102327294,86.7250113749943
M1,39.12901172916595,34.355309701233146,26.5156785696009
M2,70.04042794689624,16.776976276154365,13.182595776949391
M4,22.348514343777463,22.663818876871392,54.987666779351144
M6,21.192450140389397,44.12001651283939,34.68753334677121
M10,2.497081697601592,85.12267499235712,12.380243310041294
M1,47.734649743960816,28.263745541234414,24.00160471480477
M2,76.8800999858148,12.29270545362307,10.827194560562136
M4,25.27849338581228,22.21653384878637,52.50497276540135
M6,24.663211861072195,42.01754170542489,33.31924643350291
M9,85.85313438525762,5.860694442159405,8.286171172582977
M1,39.75845457942185,33.465076523321365,26.776468897256784
M2,71.41457294249686,16.557169986205793,12.028257071297347
M4,25.888391801807323,20.485335518921694,53.626272679270976
M6,24.46094675696156,42.10239968006819,33.43665356297025
M8,12.354482806975422,4.460853775466341,83.18466341755823
M1,38.621548164193435,34.255462979842825,27.12298885596374
M2,69.60651729267785,16.769881427562957,13.623601279759193
M4,21.64021189363122,22.50252050767726,55.85726759869152
M6,20.573267839146485,43.8933932517307,35.53333890912282
M7,39.34404400650123,52.91299021786718,7.742965775631589
M1,34.04128906841744,32.36653298002174,33.59217795156082
M2,65.29622892761303,16.92806800145863,17.77570307092834
M4,18.8742933311382,19.00913201645133,62.11657465241046
M5,43.43361817419382,28.7283712195545,27.838010606251682
M10,3.5530460028167585,82.80851201657703,13.638441980606217
M1,37.77562873347162,29.66589771099492,32.55847355553346
M2,68.97671978131301,14.49607221830088,16.52720800038611
M4,18.61160209179298,20.455443369294244,60.93295453891278
M5,45.13281307669281,28.935665026743834,25.931521896563353
M9,82.06843688841613,7.221546660723467,10.710016450860403
M1,33.825441399328916,31.239207508873747,34.93535109179733
M2,66.18624696790197,16.793700421939477,17.020052610158558
M4,20.597082118440213,17.10842200000329,62.2944958815565
M5,45.533170541419885,27.45931853076727,27.007510927812845
M8,10.540523204210926,3.689507290056409,85.76996950573266
M1,33.65899204857211,32.52253344770698,33.81847450372091
M2,64.89704625505921,17.03534176915273,18.06761197578806
M4,18.368777765067286,19.139067444557742,62.49215479037498
M5,42.68028474198948,28.91396111097763,28.405754147032887
M7,38.183129539701376,53.821375730868105,7.9954947294305185
M1,36.64354792392899,34.49618677634497,28.860265299726038
M2,67.7387591807136,17.38030582924939,14.880934990037009
M4,21.174895290301755,21.596590782503934,57.228513927194314
M5,45.38261190090528,30.193838979528184,24.423549119566534
M6,20.453532473291155,43.430693993934185,36.11577353277467
M1,38.21636174108729,31.337489062477506,30.446149196435204
M2,69.56263291313375,16.226821708714084,14.210545378152162
M3,2.125377491598175,76.9628350534502,20.91178745495162
M9,76.26771254636978,7.881133268824738,15.851154184805484
M10,1.530644903808936,79.75564024619938,18.71371484999169
M1,35.595386641580546,31.850724059893743,32.55388929852571
M2,67.66978465510275,16.86904018779093,15.461175157106325
M3,6.398814710019483,73.49030063981013,20.11088465017039
M8,9.998767436684222,3.36826343002337,86.6329691332924
M10,2.7030312546715236,80.67278586286878,16.624182882459692
M1,37.83900077630466,30.41798856507234,31.743010658623003
M2,69.90920984935401,15.737444233606777,14.35334591703921
M3,5.342251659101755,74.05085261412323,20.606895726775022
M8,15.133202082069747,2.9123687687506883,81.95442914917957
M9,77.36451443608658,7.594021103971121,15.041464459942299
M1,34.56643423837778,33.10056326807614,32.33300249354608
M2,65.67990750812675,17.301959924218117,17.018132567655137
M3,3.9220027268912228,75.17648729842544,20.901509974683336
M7,35.88734248019028,52.43895505261462,11.673702467195099
M10,0.4313652435014744,81.35449720367274,18.21413755282579
M1,39.10712663284863,30.488778279477277,30.40409508767409
M2,70.38775955512679,15.408395964997737,14.203844479875471
M3,2.3671968360450055,76.4167560612576,21.216047102697388
M7,41.50911973294384,47.90231377285266,10.588566494203505
M9,76.69479516983714,7.3643197425383935,15.940885087624471
M1,34.98439560566408,32.059621257712145,32.95598313662378
M2,66.97274082833366,16.992779159373903,16.03448001229244
M3,5.993852101571212,73.67671527952403,20.32943261890476
M7,37.978579345091006,51.94937364590948,10.072047008999512
M8,9.350290946149572,3.438162905853843,87.21154614799659
M1,37.980081734665724,36.22817522295729,25.791743042376986
M2,68.80196242437917,18.12375809788875,13.07427947773208
M3,3.8603300741839917,79.5263512508098,16.613318675006212
M6,19.618895071441216,45.00691086303149,35.37419406552729
M10,3.738112013044222e-16,85.09822662857823,14.901773371421768
M1,42.31266693127774,32.55013795460101,25.137195114121248
M2,72.8163092171894,15.925334981431561,11.25835580137904
M3,2.1218579501062083,80.1840303319136,17.694111717980192
M6,19.871286859289707,43.221577767813194,36.907135372897095
M9,77.77168796846847,7.920000470533388,14.308311560998142
M1,38.96882515633039,34.71846530627478,26.31270953739483
M2,70.46365151904388,17.556742171074333,11.979606309881788
M3,6.5211795623693884,77.39690890795863,16.081911529671984
M6,23.846295631902702,42.19653925655843,33.95716511153886
M8,11.992137125580529,4.405024552297026,83.60283832212245
M1,37.333992224900925,35.9559838304415,26.71002394465758
M2,68.2682148540001,18.047437388819827,13.684347757180067
M3,3.73395913099493,79.04116132196482,17.224879547040246
M6,18.934735207243794,44.48759081414587,36.57767397861034
M7,35.19196972431228,54.21421727746272,10.59381299822499
M1,33.179690913371665,33.24822991988562,33.57207916674271
M2,64.20835316535675,17.756548161886432,18.035098672756813
M3,3.947355751082882,75.38992515321753,20.662719095699586
M5,42.978774924113196,28.989438034233185,28.03178704165362
M10,1.4494941074152932,81.86774557147217,16.68276032111254
M1,34.78070463323408,33.148996127042835,32.070299239723084
M2,66.57567009709021,17.64706727351115,15.777262629398638
M3,1.1161802024302947,78.74800291241601,20.135816885153687
M5,41.86873364075362,32.3220050130463,25.80926134620008
M9,75.48930740527587,8.474854914971829,16.035837679752305
M1,33.55821717887487,31.956824239053518,34.48495858207161
M2,65.73013154008987,17.427435305533375,16.842433154376753
M3,6.148284012868473,73.48067393681566,20.371042050315864
M5,46.40965994331579,27.323037127930736,26.267302928753477
M8,10.717629182814525,3.631801405144125,85.65056941204135
M1,32.75350849103432,33.43685100629544,33.809640502670234
M2,63.784949471997926,17.87766377527414,18.337386752727934
M3,3.7999594790531304,75.46776554116475,20.73227497978212
M5,42.03859953090094,29.273752457037823,28.68764801206124
M7,35.27990172417235,53.72969189001758,10.990406385810076
M1,35.53199330903173,36.201273573858224,28.266733117110043
M2,66.45076611460888,18.66830061072388,14.880933274667239
M3,3.8146772792805215,79.03648061079394,17.14884210992554
M5,44.47023956233824,31.214057187670818,24.31570324999094
M6,19.320165772561385,43.86253313467239,36.81730109276623
M1,34.901098364924714,33.24911909882938,31.84978253624591
M2,65.81846620475118,17.182019577212102,16.999514218036722
M3,4.122631018308362,75.25861156446203,20.618757417229602
M4,20.45162651712591,19.926532118929092,59.62184136394501
M10,1.9416415427248894,83.73072998804527,14.327628469229836
M1,38.6900997099909,30.852158684559306,30.45774160544979
M2,69.77866979202882,15.353864445040493,14.867465762930685
M3,2.970515607327533,75.9323299501906,21.097154442481866
M4,19.793540080496356,21.647542252510757,58.55891766699288
M9,79.34697151346694,8.361720085933568,12.291308400599492
M1,34.90037364683207,31.908887804238702,33.19073854892923
M2,66.58564913095614,16.818433906414207,16.59591696262965
M3,6.148734164979755,73.20033628458415,20.65092955043609
M4,22.970000427155078,17.64085507810202,59.38914449474291
M8,11.768503379671717,3.588929828094087,84.6425667922342
M1,34.5300720380955,33.33071390261701,32.13921405928749
M2,65.4884757718035,17.23459907905876,17.276925149137746
M3,3.9927485140939742,75.24322790521451,20.764023580691514
M4,19.856462968852146,20.018788430639706,60.124748600508156
M7,37.298437555327176,53.655206583582334,9.04635586109049
M1,39.503949969499736,37.51272859182333,22.98332143867693
M2,70.10328776600585,18.201796736921835,11.694915497072316
M3,4.094630835386631,81.26674785898369,14.638621305629684
M4,25.577840863139482,25.50139961872818,48.920759518132336
M6,22.583893061031308,47.93864270249938,29.477464236469316
M1,32.794985982544304,33.34832488107701,33.856689136378684
M2,63.61669427759422,17.692033204691775,18.691272517714005
M3,3.9674009945457014,75.13977129318758,20.892827712266723
M4,19.475251969111397,19.195309199742034,61.32943883114657
M5,43.18070429390715,29.280163616089638,27.539132090003214
