1.351442604807533421e-01 5.493973059343728593e-01 3.154584335848737986e-01
3.459755568177155238e-01 2.933078882470428472e-01 3.607165549352415734e-01
2.778809809537242659e-01 4.455370683818321575e-01 2.765819506644436321e-01
2.104679094683290230e-01 5.188449087520390357e-01 2.706871817796319690e-01
3.404063163023988703e-01 3.411082140076643343e-01 3.184854696899367954e-01
2.897297446582007274e-01 4.498812737810880535e-01 2.603889815607111635e-01
3.027142875419444601e-01 3.811072925696054603e-01 3.161784198884500796e-01
3.307407774115994070e-01 3.224167733833454008e-01 3.468424492050553032e-01
4.301750515714455880e-02 8.024506865215794704e-01 1.545318083212759430e-01
3.334497001282568651e-01 3.708599488380620035e-01 2.956903510336810759e-01
2.684695423795094293e-01 4.316711410977498442e-01 2.998593165227406709e-01
3.272823739730639780e-01 2.389704319827684331e-01 4.337471940441676166e-01
5.261136587055748048e-01 3.196134525751824496e-02 4.419249960369069363e-01
2.592637994517316136e-01 4.269852845018422549e-01 3.137509160464260760e-01
2.499705851434871617e-01 4.652414589309694648e-01 2.847879559255433457e-01
2.203931196689445648e-01 4.711982442811257221e-01 3.084086360499298518e-01
2.899415980516772962e-01 3.586658035914234155e-01 3.513925983568992328e-01
4.592094616916730931e-01 1.482694093737178254e-01 3.925211289346090537e-01
2.097176230628162719e-01 5.157389485426446818e-01 2.745434283945391019e-01
3.405131143235877733e-01 3.375085049122163450e-01 3.219783807641959372e-01
9.512124383310692488e-02 6.771121665041165416e-01 2.277665896627766307e-01
2.320232621770890180e-01 4.285841767487865162e-01 3.393925610741245213e-01
0.000000000000000000e+00 7.575918283893198213e-01 2.424081716106800954e-01
6.394520211687947098e-02 7.172097554214168502e-01 2.188450424617037204e-01
1.502960822551021799e-02 8.241954982091332926e-01 1.607748935653564304e-01
8.825752006919888870e-02 7.022984608092525116e-01 2.094440191215486691e-01
2.513791075697968114e-01 4.333125419062375805e-01 3.153083505239656081e-01
4.359217991310275209e-01 1.930295561666006410e-01 3.710486447023716994e-01
7.836672741802386266e-02 6.883740851090220936e-01 2.332591874729541270e-01
3.092571573374975485e-02 7.948258548143866120e-01 1.742484294518636956e-01
9.230232686445806467e-02 6.747708872029090088e-01 2.329267859326327739e-01
2.052723147192420106e-01 4.608592271277988650e-01 3.338684581529591799e-01
1.559727589596228703e-01 6.113302248823234697e-01 2.326970161580534935e-01
6.373329210227925146e-02 7.093958383477496632e-01 2.268708695499710992e-01
1.562349721168354230e-02 8.168667975847433427e-01 1.675097052035731671e-01
9.184993403436772508e-02 6.833916957894788924e-01 2.247583701761533825e-01
2.273960671607517803e-01 4.387212003065871779e-01 3.338827325326610418e-01
4.396638349411718938e-01 1.619018634927922862e-01 3.984343015660357645e-01
8.084671121837359864e-02 6.721056944588610360e-01 2.470475943227652960e-01
1.296833309534186837e-02 8.268060105115461189e-01 1.602256563931120092e-01
7.327264393548599264e-02 7.207619221845266155e-01 2.059654338799873363e-01
3.295078014655329901e-01 2.928492505311766636e-01 3.776429480032904018e-01
0.000000000000000000e+00 9.235759806941697958e-01 7.642401930583024583e-02
9.784921085139743069e-02 6.749714819969669932e-01 2.271793071516355900e-01
1.114103568353202733e-01 6.624103628343741557e-01 2.261792803303056265e-01
1.253475418670031982e-01 6.542412916762915254e-01 2.204111664567051654e-01
2.257266149665227428e-01 4.321561731929833283e-01 3.421172118404939289e-01
2.217417322227168697e-01 5.054354367299447315e-01 2.728228310473383433e-01
9.337276668633065491e-02 6.953537014855000198e-01 2.112735318281692143e-01
9.615404822676405783e-02 7.128850998003520845e-01 1.909608519728839271e-01
1.393157925945597009e-01 5.846236092178400678e-01 2.760605981876002590e-01
1.305309251948430505e-01 5.796525347888099589e-01 2.898165400163469907e-01
2.176734969868831526e-01 4.953210245179068272e-01 2.870054784952099092e-01
9.691410540390089923e-02 6.683655059902341433e-01 2.347203886058648881e-01
9.855682856031706962e-02 6.901210193304359031e-01 2.113221521092470967e-01
1.509775114421424980e-01 5.707246347757154448e-01 2.782978537821421128e-01
7.149948572663993029e-02 7.747983102329502048e-01 1.537022040404097678e-01
6.464254067904001699e-02 2.751819117943209436e-01 6.601755475266390949e-01
1.128265442158249421e-01 6.314958019788921018e-01 2.556776538052830117e-01
6.330789380947528244e-02 7.580060568749099614e-01 1.786860493156147422e-01
1.256846811311530532e-01 6.418219256908437309e-01 2.324933931780031326e-01
5.713966191171487852e-02 7.354506107424153560e-01 2.074097273458698765e-01
3.693708588638474066e-01 2.923725445277446378e-01 3.382565966084080111e-01
1.020093791071729067e-01 6.697200946340966521e-01 2.282705262587304273e-01
1.051982402293145241e-01 6.864457579432243772e-01 2.083560018274611403e-01
1.211192547196808383e-01 6.626641084243675150e-01 2.162166368559516050e-01
1.158572622326426577e-01 6.620247291522400879e-01 2.221180086151172961e-01
8.680114279567026359e-02 6.147811499609332486e-01 2.984177072433965017e-01
9.882280466291958054e-02 6.859821291261299914e-01 2.151950662109503865e-01
1.034488667075581514e-01 6.984584302892923313e-01 1.980927030031494340e-01
1.235186482244493428e-01 6.377728468004232321e-01 2.387085049751273835e-01
1.168852556989455477e-01 6.411882032391356123e-01 2.419265410619187984e-01
4.349154837615432090e-01 1.825775393479475983e-01 3.825069768905093315e-01
1.014783402450312733e-01 6.616582832702904149e-01 2.368633764846782841e-01
6.953658649349017673e-02 7.406375654014379917e-01 1.898258481050718594e-01
1.237937100265317780e-01 6.447344564250320209e-01 2.314718335484362566e-01
1.336099512129739209e-01 5.857337352637695949e-01 2.806563135232564288e-01
4.839065810114176469e-01 1.314332052744420498e-01 3.846602137141402200e-01
1.002826666220304752e-01 6.720378137260188955e-01 2.276795196519506292e-01
6.785591639268923059e-02 7.489540372572646154e-01 1.831900463500460152e-01
1.393514170170116195e-01 6.159269920404214504e-01 2.447215909425669855e-01
4.582156418924731578e-01 1.344647852520381992e-01 4.073195728554887540e-01
3.152424564612031910e-01 3.697661309579058919e-01 3.149914125808908616e-01
1.137572433998055438e-01 6.483487482321704798e-01 2.378940083680239903e-01
1.153833479313196159e-01 6.679201585704807043e-01 2.166964934981996938e-01
1.344391251389102093e-01 6.386983791031990432e-01 2.268624957578906642e-01
1.258392105690080975e-01 6.454197782047165211e-01 2.287410112262754369e-01
2.263071267626939054e-01 5.160917677463737752e-01 2.576011054909322362e-01
1.103894995356527603e-01 6.662166428194853385e-01 2.233938576448618873e-01
1.133181896442736342e-01 6.817457704306147948e-01 2.049360399251115850e-01
1.368810302007086865e-01 6.121284479527728806e-01 2.509905218465183774e-01
1.268516572822805943e-01 6.233423000803621772e-01 2.498060426373572007e-01
5.745284611965727900e-02 7.628060513958536681e-01 1.797411024844890737e-01
1.128802195103249251e-01 6.407693885332924610e-01 2.463503919563826416e-01
1.149654114574282654e-01 6.597384008582050097e-01 2.252961876843667388e-01
1.373932091571484493e-01 6.191120063691825104e-01 2.434947844736690126e-01
1.247665003958855073e-01 6.347847153769363704e-01 2.404487842271781362e-01
2.314298554170560740e-01 4.668224242116265632e-01 3.017477203713173628e-01
1.119777999406433161e-01 6.510160508939640822e-01 2.370061491653926433e-01
8.061132155999105320e-02 7.261826000782549695e-01 1.932060783617539079e-01
5.872305367838304840e-02 9.412769463216150712e-01 1.939692555363502079e-15
3.769327572184283937e-01 2.470890466139998576e-01 3.759781961675717765e-01
5.853986025251338597e-16 9.654720426793659271e-01 3.452795732063355244e-02
2.294597183803848695e-01 4.906989931173033614e-01 2.798412885023118801e-01
3.459136643628480945e-01 3.375712554826286182e-01 3.165150801545232317e-01
2.004999546849879632e-01 5.573352567360280174e-01 2.421647885789840471e-01
8.150784544360646297e-03 6.331636711467562018e-01 3.586855443088831086e-01
1.132167582120019306e-01 6.166517799358316454e-01 2.701314618521664102e-01
1.929585077124698900e-01 5.655113881779959550e-01 2.415301041095341550e-01
2.326240827102995512e-01 5.114102481062813288e-01 2.559656691834191200e-01
2.462287433534926240e-01 4.721138312338637455e-01 2.816574254126437693e-01
2.938569863642946367e-01 3.923878123447228083e-01 3.137552012909823884e-01
2.123594630623413804e-01 5.238475458439856292e-01 2.637929910936729905e-01
1.871814693274079233e-01 5.497650813201663267e-01 2.630534493524256945e-01
1.550830565055406896e-01 7.149426737735647963e-01 1.299742697208945696e-01
2.535947169978823856e-01 4.681116220254022409e-01 2.782936609767152625e-01
3.747877493954138162e-01 2.444732771503267121e-01 3.807389734542593884e-01
4.361076438387991860e-01 2.204912115658485272e-01 3.434011445953522590e-01
2.278498045262060956e-01 4.887849268655659607e-01 2.833652686082280825e-01
2.829757899572496460e-01 4.208141627028554321e-01 2.962100473398949774e-01
1.008792621369735132e-01 6.719737350320776903e-01 2.271470028309487965e-01
4.305611960876377237e-02 5.855776998976178760e-01 3.713661804936184141e-01
4.224129221614312257e-01 1.935622621448869485e-01 3.840248156936818535e-01
7.321482711693756695e-02 7.043750392823849849e-01 2.224101336006774343e-01
1.636320283938310499e-02 8.228108607662809604e-01 1.608259363943359554e-01
1.250013438816410527e-01 6.244037538188640379e-01 2.505949022994949926e-01
5.907889435391746463e-02 3.305489056587188612e-01 6.103721999873635840e-01
3.830184129300100992e-01 2.594397252295626011e-01 3.575418618404272997e-01
6.619111769648051979e-02 7.274415242271996540e-01 2.063673580763197846e-01
7.282976521244372003e-02 7.380188557631606194e-01 1.891513790243956328e-01
1.274456981532980648e-01 5.991027543713532966e-01 2.734515474753487774e-01
2.599197963900450881e-01 3.876526417562143889e-01 3.524275618537405785e-01
2.949409334603860788e-01 3.535314689532871868e-01 3.515275975863267344e-01
9.526402204720332834e-02 6.431487117692530342e-01 2.615872661835437207e-01
1.654371104459425451e-02 8.162676358946285848e-01 1.671886530607770427e-01
1.314487792103233577e-01 5.982115101059697349e-01 2.703397106837069352e-01
2.864009551101318607e-01 3.667641316167727927e-01 3.468349132730952911e-01
3.558064313307839899e-01 2.478588697082375891e-01 3.963346989609784488e-01
6.911164422435267518e-02 7.119132824665135306e-01 2.189750733091338497e-01
3.775812848765622287e-02 7.753508987401188657e-01 1.868909727722249392e-01
1.461688080624253816e-01 6.016004433569626109e-01 2.522307485806119520e-01
2.904908256276202416e-01 3.583878761922231204e-01 3.511212981801566380e-01
0.000000000000000000e+00 9.603859070884549487e-01 3.961409291154510681e-02
1.281911564005686899e-01 6.126483793706457570e-01 2.591604642287855254e-01
1.119355400272503964e-01 6.792316977848579240e-01 2.088327621878916518e-01
1.310303065889544538e-01 6.581813351838968762e-01 2.107883582271486145e-01
1.845157848506510656e-01 5.733863127013005823e-01 2.420979024480483521e-01
3.878308871262184376e-02 8.175458819900558449e-01 1.436710292973222280e-01
1.031706170330930761e-01 6.831804484290604496e-01 2.136489345378465299e-01
1.074613973123756117e-01 6.981321367400623590e-01 1.944064659475621126e-01
1.549245588098484006e-01 5.687486795548316598e-01 2.763267616353199396e-01
1.935447207149214865e-01 4.975090752330612043e-01 3.089462040520172814e-01
2.350004153276961105e-01 4.630072386188281430e-01 3.019923460534758020e-01
1.280100491624833747e-01 6.023413908801675820e-01 2.696485599573489877e-01
1.108649803179582727e-01 6.732292415992827683e-01 2.159057780827589590e-01
1.594017749928564043e-01 5.661811946214223568e-01 2.744170303857212390e-01
2.883564690381790752e-01 3.722221035699796454e-01 3.394214273918412794e-01
3.055730595385043880e-01 3.446983646442980387e-01 3.497285758171975734e-01
1.296363539369307649e-01 6.067318771942030731e-01 2.636317688688663008e-01
1.087931591556394878e-01 6.854097315233673715e-01 2.057971093209931268e-01
1.375134021139181595e-01 6.276377970265301087e-01 2.348488008595517318e-01
1.208771050519390072e-01 5.882031427944608426e-01 2.909197521536001640e-01
2.086198856811947999e-01 4.834478347622758188e-01 3.079322795565293536e-01
1.169672388921333545e-01 6.486817808327336454e-01 2.343509802751330418e-01
1.217321998137868427e-01 6.626235896985777085e-01 2.156442104876353794e-01
1.310095918285042738e-01 6.520208622138808918e-01 2.169695459576148622e-01
1.327381766294824239e-01 6.392447683335794606e-01 2.280170550369380322e-01
2.473454710551344082e-01 5.034750354390279403e-01 2.491794935058376237e-01
1.119404860728862028e-01 6.685318794815665600e-01 2.195276344455472650e-01
1.184433469927198834e-01 6.779339690713571676e-01 2.036226839359228380e-01
1.343652880448985287e-01 6.252865225132904214e-01 2.403481894418110498e-01
1.349648755335092487e-01 6.158169378079745293e-01 2.492181866585162497e-01
2.502652266427737859e-01 4.718180434407316381e-01 2.779167299164945204e-01
1.156049195074752983e-01 6.419738901954776811e-01 2.424211902970470345e-01
1.209927518894134274e-01 6.549895863728334433e-01 2.240176617377531987e-01
1.347098517317555089e-01 6.321840585400326784e-01 2.331060897282118960e-01
2.053439865127133779e-01 4.855165364464221200e-01 3.091394770408644743e-01
4.142527656948607473e-01 2.032235260934933674e-01 3.825237082116457743e-01
1.144516709944683325e-01 6.524376185362418257e-01 2.331107104692899112e-01
1.196134013947541402e-01 6.655773600396391876e-01 2.148092385656066583e-01
1.933763094556021633e-01 4.783275347934811683e-01 3.282961557509165851e-01
3.174277509041616985e-01 3.168790952336413280e-01 3.656931538621970845e-01
2.863488324601450863e-01 4.027197111794188489e-01 3.109314563604361759e-01
1.277105661964441641e-01 6.293888140205062820e-01 2.429006197830494429e-01
1.305398755618638329e-01 6.467943418313358839e-01 2.226657826068003110e-01
1.196402212636454021e-01 6.939390628393142801e-01 1.864207158970402622e-01
1.413998253771113212e-01 6.250722241369797150e-01 2.335279504859090194e-01
1.017817115016413226e-01 6.933731729733205729e-01 2.048451155250381461e-01
1.226036646161444560e-01 6.506071641586305132e-01 2.267891712252251279e-01
1.272460607646835329e-01 6.631565029186458071e-01 2.095974363166707433e-01
2.796040617651085469e-01 2.359148243861129146e-01 4.844811138487783997e-01
1.433424546001893785e-01 6.010453675824745101e-01 2.556121778173360837e-01
2.647370195287185868e-01 4.715929461894033392e-01 2.636700342818781295e-01
1.260306510676589553e-01 6.231443764914021965e-01 2.508249724409388204e-01
1.293920809495017754e-01 6.398245299174368794e-01 2.307833891330613729e-01
1.153640859200890240e-01 6.888201132854198105e-01 1.958158007944911794e-01
6.842341648086670836e-02 4.107026801002675587e-01 5.208739034188656358e-01
1.567665554312530629e-01 6.036043147759792005e-01 2.396291297927679309e-01
1.250714411225232470e-01 6.335552838891159722e-01 2.413732749883608641e-01
1.282386292805000327e-01 6.503012504536938021e-01 2.214601202658061929e-01
2.392204931272294000e-01 5.002954374754712275e-01 2.604840693972994559e-01
3.945282231787978211e-01 2.191898693601812276e-01 3.862819074610210346e-01
0.000000000000000000e+00 9.807030150363900134e-01 1.929698496361001783e-02
2.596760893956251426e-01 4.448446618279086606e-01 2.954792487764661968e-01
0.000000000000000000e+00 5.674104959764406653e-01 4.325895040235594458e-01
2.225089993974057323e-01 5.378402087411734422e-01 2.396507918614207144e-01
3.714311348876832564e-01 2.704536577712015055e-01 3.581152073411152936e-01
1.636236649582722691e-01 4.240776726713322287e-01 4.122986623703955855e-01
1.039686690635225202e-01 6.984101528505972656e-01 1.976211780858802280e-01
2.785870911690217500e-01 4.367572936591287980e-01 2.846556151718494521e-01
2.587104407851292809e-01 3.052076197716629968e-01 4.360819394432077778e-01
3.758960787441831819e-01 2.317177982849366880e-01 3.923861229708801579e-01
1.766070349219578048e-02 9.823392965078042716e-01 0.000000000000000000e+00
1.062507209732671820e-01 6.774978857466266158e-01 2.162513932801062022e-01
2.842259226533784822e-01 3.998695295106183822e-01 3.159045478360031356e-01
2.379674175511314049e-01 4.980617881361517618e-01 2.639707943127167500e-01
6.791111488148952532e-03 6.407312609276275550e-01 3.524776275842235185e-01
4.063138362051660901e-01 2.090617514715474301e-01 3.846244123232864798e-01
2.450558909553183506e-01 4.696166429850691104e-01 2.853274660596125112e-01
2.877581636768974244e-02 3.094364849374285908e-01 6.617876986948816320e-01
1.909044937981020373e-01 5.274428139511112557e-01 2.816526922507867625e-01
1.968260672840183023e-01 5.583448796626943045e-01 2.448290530532874765e-01
2.896211582976425669e-01 3.978981235063588917e-01 3.124807181959985414e-01
7.863706725776896389e-02 6.990071557165367100e-01 2.223557770256941735e-01
0.000000000000000000e+00 6.699995841105816918e-01 3.300004158894182527e-01
6.580893941620299947e-02 7.457290933015449097e-01 1.884619672822520908e-01
3.851274260114431747e-02 5.700356724123966101e-01 3.914515849864591002e-01
3.560214574683358557e-01 3.532165562312228335e-01 2.907619863004413108e-01
7.086658309751024676e-02 7.231077753367959327e-01 2.060256415656937790e-01
7.594949143992325846e-02 7.363947359493241418e-01 1.876557726107526414e-01
1.820051533278772005e-01 5.435978216986812050e-01 2.743970249734415390e-01
3.612885485890763859e-01 2.506234360866368971e-01 3.880880153242867170e-01
3.611667068575800110e-01 2.488494728391437150e-01 3.899838203032762740e-01
7.743376166338980515e-02 6.929051559761615353e-01 2.296610823604486873e-01
8.058482862923030399e-02 7.115076631041251654e-01 2.079075082666444751e-01
1.077462666548688053e-01 6.368295209466889872e-01 2.554242123984420409e-01
7.565349599824657255e-17 8.956061950812401751e-01 1.043938049187596168e-01
2.497434826511684136e-01 4.503712076113536300e-01 2.998853097374779564e-01
7.403700900504558979e-02 7.072125031707815479e-01 2.187504878241727790e-01
7.795260777696762927e-03 8.371889981109733592e-01 1.550157411113298744e-01
1.498825843674583547e-01 6.106929761788227884e-01 2.394244394537187737e-01
5.764398955201948532e-02 8.286573419834939447e-01 1.136986684644866463e-01
3.417088592098353472e-01 3.149427395879988989e-01 3.433484012021657539e-01
1.376815336493722453e-01 6.029796761467404176e-01 2.593387902038873372e-01
1.166638554714126697e-01 6.771011421096618799e-01 2.062350024189254505e-01
1.638192660598959960e-01 5.948416620037322300e-01 2.413390719363717463e-01
2.013109873948797646e-01 5.228489851716667802e-01 2.758400274334533719e-01
4.058079392427642595e-01 1.972742199381184725e-01 3.969178408191172402e-01
1.353506109913042987e-01 6.176489495132352348e-01 2.470004394954604110e-01
1.116340578006799061e-01 6.966872652917174280e-01 1.916786769076026797e-01
1.631354221066163845e-01 5.603006941328321222e-01 2.765638837605514655e-01
2.042940549011855178e-01 4.891654163717051862e-01 3.065405287271093515e-01
2.335225832237801114e-01 4.619602827649573751e-01 3.045171340112626246e-01
1.373722630153910995e-01 5.929332200410272202e-01 2.696945169435816525e-01
1.364837343425445160e-01 6.198731131840260478e-01 2.436431524734294363e-01
1.511860528519147207e-01 6.053699884447560908e-01 2.434439587033291885e-01
3.745684518778359395e-01 2.301073517815526714e-01 3.953241963406113335e-01
3.725881708341276521e-01 2.408087785436270056e-01 3.866030506222453145e-01
1.388273258161686341e-01 5.977975026376929346e-01 2.633751715461385423e-01
1.374328548317353405e-01 6.254339095306562513e-01 2.371332356376082973e-01
1.370851260794414272e-01 6.501479759217386745e-01 2.127668979988200093e-01
1.359185937448763037e-01 5.910303110850535502e-01 2.730510951700702016e-01
7.421599185509959729e-02 9.257840081449003611e-01 0.000000000000000000e+00
1.260972794412280329e-01 6.391198889216492818e-01 2.347828316371227686e-01
1.296388593319224569e-01 6.553135175598725493e-01 2.150476231082048828e-01
1.338060130310162188e-01 6.540090346631347584e-01 2.121849523058489673e-01
1.047983889616590364e-01 5.834417161517653216e-01 3.117598948865756281e-01
3.085974068661791470e-01 3.864071967524612683e-01 3.049953963813595292e-01
1.206704749648295910e-01 6.596251744050282140e-01 2.197043506301422922e-01
1.257022540916931941e-01 6.717614096536184132e-01 2.025363362546885038e-01
1.337803937251097197e-01 6.488604687260731696e-01 2.173591375488171662e-01
1.116398973887634677e-01 6.355851127714465809e-01 2.527749898397900208e-01
4.009668622843478580e-01 2.073751818508019484e-01 3.916579558648501380e-01
1.245438325026201748e-01 6.327188206522575964e-01 2.427373468451221872e-01
1.284700786043948550e-01 6.486052540269410249e-01 2.229246673686641200e-01
1.375131244313909928e-01 6.347853484440922900e-01 2.277015271245166894e-01
1.066230168509352955e-01 6.366477397390932769e-01 2.567292434099714971e-01
5.439075767658848592e-01 3.151835013955003517e-16 4.560924232341148077e-01
1.230859866895088195e-01 6.435991530139718586e-01 2.333148602965192664e-01
1.271538641326436514e-01 6.589016727965190112e-01 2.139444630708372819e-01
1.921857039491921826e-01 4.996587554677697218e-01 3.081555405830381233e-01
1.181768524969801920e-01 6.828846495741350830e-01 1.989384979288847388e-01
3.532835812578314916e-01 2.974432835009747089e-01 3.492731352411938550e-01
1.367576805244176963e-01 6.205400547502916142e-01 2.427022647252907450e-01
1.382991433857120034e-01 6.402717213655307882e-01 2.214291352487572084e-01
1.256424803167411341e-01 6.896828596370907505e-01 1.846746600461681431e-01
2.584628167614016481e-01 4.339616049805138931e-01 3.075755782580845143e-01
8.412050643172624964e-02 7.226418302172414876e-01 1.932376633510323460e-01
1.504510334086941459e-01 5.982860558639430115e-01 2.512629107273628981e-01
1.342737348548039833e-01 6.576899076032645119e-01 2.080363575419315325e-01
2.111791743883539574e-01 5.004936278143828909e-01 2.883271977972632905e-01
3.413849386668260655e-01 2.983836670195452179e-01 3.602313943136287722e-01
3.429126888558435837e-01 2.979586312556368188e-01 3.591286798885197085e-01
1.348101311745544539e-01 6.148359377420726801e-01 2.503539310833729492e-01
1.367577633469387599e-01 6.341755649041314058e-01 2.290666717489298621e-01
2.196999205419782886e-01 4.971417226350212659e-01 2.831583568230005010e-01
2.347719588472856056e-01 4.769595461946753989e-01 2.882684949580390787e-01
6.968722096830709534e-02 7.489333460656416586e-01 1.813794329660512183e-01
1.337225617024604407e-01 6.254854048097880925e-01 2.407920334877514668e-01
1.356142219041627517e-01 6.444302180100666133e-01 2.199555600857706350e-01
2.056374851790434000e-01 5.501598146532571398e-01 2.442027001676995157e-01
3.313617260531940278e-01 3.058966812730345430e-01 3.627415926737715401e-01
4.170175744065960366e-01 2.600360114694337255e-01 3.229464141239702935e-01
1.074584236326965037e-01 6.809616870196226746e-01 2.115798893476808495e-01
2.556889549885809076e-01 4.561598918565962224e-01 2.881511531548229255e-01
0.000000000000000000e+00 6.423754605596553313e-01 3.576245394403446687e-01
3.291049833562872950e-01 3.514861641534184344e-01 3.194088524902943260e-01
3.169380426771247761e-01 3.574849521685860565e-01 3.255770051542891119e-01
1.041043010926405998e-01 6.945976080023545940e-01 2.012980909050047229e-01
1.586779959977734425e-02 3.941628957000608557e-01 5.899693047001618451e-01
1.669525697352178817e-01 6.375062689682894357e-01 1.955411612964927104e-01
2.848633565503819742e-01 3.800103979253430797e-01 3.351262455242749461e-01
4.156590880802302455e-17 6.096088609337370068e-01 3.903911390662629377e-01
1.074384092288419579e-01 6.711604865425259137e-01 2.214011042286321840e-01
2.407445482338502196e-01 4.444955471952650172e-01 3.147599045708848742e-01
2.040943769489370618e-01 5.487890513024140660e-01 2.471165717486488167e-01
3.383169934543811541e-01 2.889531633440574065e-01 3.727298432015613838e-01
3.407760693229096582e-01 2.979765872557996742e-01 3.612473434212906120e-01
1.086500004071495329e-01 6.751596657304470561e-01 2.161903338624033832e-01
2.903342479651888075e-01 4.367138776528026733e-01 2.729518743820084081e-01
1.149059556945724592e-01 6.484409869555549655e-01 2.366530573498726031e-01
3.290782161208156142e-01 3.044444732077258853e-01 3.664773106714584450e-01
0.000000000000000000e+00 8.081601687156461100e-01 1.918398312843539455e-01
7.965875377001641056e-02 6.945136936521273396e-01 2.258275525778562220e-01
8.607577888289236201e-02 7.075229694010528592e-01 2.064012517160547788e-01
1.092866423310340784e-01 6.687580088360851605e-01 2.219553488328807889e-01
1.558489472617974603e-01 5.900260160105657015e-01 2.541250367276368660e-01
3.049226741758824799e-01 3.539702468124516499e-01 3.411070790116657592e-01
7.111528208362191683e-02 7.204555693259312443e-01 2.084291485904467833e-01
7.944849182907232077e-02 7.286372440162635078e-01 1.919142641546641437e-01
7.478925501009181520e-02 7.037620515451400438e-01 2.214486934447681410e-01
1.847276320432272023e-01 5.011195246987925067e-01 3.141528432579803187e-01
3.213088573385498026e-01 3.017756468035765471e-01 3.769154958578737613e-01
7.782825386437169923e-02 6.894734520271165179e-01 2.326982941085118106e-01
8.490443020272302188e-02 7.013856485201365176e-01 2.137099212771404466e-01
1.160265349641797228e-01 6.432526522989300277e-01 2.407208127368902217e-01
3.763174780059459074e-02 5.654371283168256879e-01 3.969311238825798394e-01
3.178726637646214215e-01 3.128527135645251533e-01 3.692746226708534807e-01
1.036909589935686993e-01 6.371099768949315401e-01 2.591990641114997329e-01
8.193995098004146216e-02 7.150813460384803921e-01 2.029787029814782151e-01
1.421360134081670334e-01 6.196049555453099211e-01 2.382590310465230732e-01
1.819283709527699244e-01 5.487754676672303988e-01 2.692961613799996212e-01
1.433141439860289579e-01 5.972615785919733744e-01 2.594242774219977510e-01
1.115871429723251651e-01 6.576180886405775805e-01 2.307947683870973099e-01
1.155110088380489897e-01 6.752295151197056366e-01 2.092594760422452349e-01
1.384821696209862785e-01 6.362037391621838678e-01 2.253140912168297982e-01
2.010867610980791031e-01 5.114849911145490369e-01 2.874282477873718045e-01
1.326360481369221744e-01 6.469978205043256381e-01 2.203661313587521875e-01
1.038950989837107292e-01 6.839323782319087774e-01 2.121725227843805628e-01
1.094613264384043244e-01 6.971068940849376450e-01 1.934317794766580723e-01
1.410056235780851319e-01 6.105597663999170477e-01 2.484346100219977649e-01
1.796814722348369919e-01 5.418835443496362592e-01 2.784349834155268044e-01
2.963882667422811368e-01 3.413423922124380061e-01 3.622693410452809681e-01
1.093033735332501061e-01 6.534416695381786155e-01 2.372549569285714033e-01
1.138178636433602592e-01 6.704552593692543194e-01 2.157268769873853520e-01
1.429117098573209066e-01 6.152386870052941603e-01 2.418496031373849608e-01
2.027988631751266035e-01 4.933328159088320453e-01 3.038683209160413790e-01
0.000000000000000000e+00 9.204937256583057836e-01 7.950627434169417473e-02
1.075682858213048571e-01 6.653832281921741032e-01 2.270484859865209426e-01
1.118029407649039075e-01 6.824988078706392125e-01 2.056982513644569632e-01
1.328821335707250084e-01 6.387979608983248569e-01 2.283199055309500791e-01
1.898407311507648576e-01 5.361501678979601060e-01 2.740091009512751197e-01
3.363491279693785474e-01 3.074551836233394564e-01 3.561956884072820517e-01
1.230091303516111373e-01 6.403833821499497203e-01 2.366074874984391563e-01
1.291995739473157934e-01 6.522517232004845233e-01 2.185487028521996833e-01
1.253075084690671026e-01 6.647365731915119147e-01 2.099559183394209827e-01
1.850519179163298278e-01 5.569243179139342637e-01 2.580237641697359363e-01
2.895977696362405651e-01 4.036270760315635586e-01 3.067751543321959318e-01
1.167233999236770015e-01 6.627695968902146406e-01 2.205070031861083857e-01
1.244041967182945990e-01 6.706124683506244910e-01 2.049833349310810071e-01
1.291278895466395626e-01 6.378766442109251589e-01 2.329954662424351675e-01
1.874328014250205010e-01 5.288625981370713713e-01 2.837046004379081832e-01
2.955052172599851867e-01 3.659102376843457183e-01 3.385845450556689284e-01
1.208227226456453085e-01 6.352139623364003729e-01 2.439633150179543186e-01
1.276089197639200812e-01 6.461740770533367373e-01 2.262170031827431260e-01
1.296057753763052434e-01 6.443273885852968119e-01 2.260668360383978615e-01
1.865397579664121175e-01 5.411083055574565925e-01 2.723519364761313177e-01
2.648321896052390212e-01 4.310278127967845929e-01 3.041399975979763304e-01
1.199843446102412253e-01 6.451234106696740467e-01 2.348922447200847696e-01
1.265465961039446696e-01 6.562605504010686763e-01 2.171928534949866263e-01
1.586691401125059353e-01 5.897713285632534275e-01 2.515595313242406927e-01
1.948688110077539670e-01 5.268957902786194358e-01 2.782353987136266249e-01
3.218230163139024214e-01 3.554507478930779008e-01 3.227262357930197889e-01
1.317584177191699069e-01 6.243546291799891845e-01 2.438869531008409364e-01
1.359267174610206130e-01 6.397950238646711307e-01 2.242782586743083395e-01
1.344929747423718180e-01 6.652225324834549758e-01 2.002844927741732062e-01
1.903646571132321108e-01 5.478594568913937035e-01 2.617758859953742689e-01
1.541026412130323542e-01 6.096646437906799720e-01 2.362327149962876460e-01
1.253984722402670948e-01 6.479958447506236618e-01 2.266056830091091878e-01
1.308720837481391341e-01 6.596620057987930830e-01 2.094659104530677829e-01
1.411454898094866850e-01 6.145285349524486351e-01 2.443259752380646244e-01
1.922810702624102863e-01 5.198883504665680055e-01 2.878305792710216249e-01
1.557691763403653007e-01 5.858845510421907266e-01 2.583462726174439728e-01
1.293653680955806906e-01 6.194360787048790451e-01 2.511985531995402643e-01
1.339407420236864710e-01 6.343641172130602968e-01 2.316951407632532878e-01
1.418051008349390796e-01 6.211399047074078750e-01 2.370549944576530732e-01
1.916487450321267549e-01 5.318451541037024777e-01 2.765061008641706009e-01
2.712112936393629159e-01 4.383811794777248694e-01 2.904075268829121592e-01
1.286140563945155912e-01 6.294902864109351848e-01 2.418956571945492240e-01
1.331154299774697514e-01 6.443056037429535365e-01 2.225789662795767676e-01
2.061727950988120339e-01 5.313690111857424236e-01 2.624581937154455424e-01
3.437106449839628652e-01 3.010461736297545543e-01 3.552431813862825805e-01
3.392241043429288783e-01 3.119015947100378661e-01 3.488743009470332002e-01
2.086074502526586716e-01 5.245401829958301620e-01 2.668523667515111386e-01
2.563786627022863751e-01 4.691206446696810084e-01 2.745006926280326720e-01
5.213698436115878770e-02 9.415131142314886459e-01 6.349901407352622797e-03
3.460218537196375621e-01 2.794565229833426145e-01 3.745216232970197678e-01
1.643677328572299146e-01 6.143777149291230755e-01 2.212545522136470100e-01
5.707031416302284915e-02 7.589531504489301916e-01 1.839765353880469523e-01
1.757065448376718755e-02 8.787574546111268647e-01 1.036718909051060483e-01
3.261851491846134432e-01 1.454682945712834352e-01 5.283465562441033159e-01
3.321975843219385216e-01 3.188161171100264424e-01 3.489862985680350360e-01
6.139852097977711171e-02 3.174800616151301491e-01 6.211214174050927461e-01
1.159152334570386633e-01 6.556404601815014610e-01 2.284443063614598757e-01
1.977036367923587501e-02 8.670660851793413615e-01 1.131635511414227913e-01
2.431225576192998783e-01 4.884317225617284541e-01 2.684457198189716953e-01
3.361928530560006068e-01 2.934469957581335997e-01 3.703601511858656270e-01
3.362502128906495469e-01 2.902388630522676483e-01 3.735109240570827493e-01
2.064269577648757681e-01 5.239655809373660045e-01 2.696074612977582552e-01
2.616819281436005284e-01 4.150605370759085644e-01 3.232575347804909072e-01
1.148237047348746737e-01 6.490874467268402670e-01 2.360888485382850732e-01
3.289495090302116398e-01 3.005379699803946147e-01 3.705125209893936344e-01
3.210651136433367858e-01 3.042455345304523329e-01 3.746893518262109368e-01
9.080131342110348003e-02 6.747650107337009873e-01 2.344336758451955049e-01
9.879189277845258632e-02 6.843756303759822579e-01 2.168324768455651141e-01
1.317858783104046694e-01 6.155305428072245233e-01 2.526835788823709184e-01
1.764873021379023410e-01 5.539601736889010475e-01 2.695525241731966393e-01
3.372614391096829811e-01 2.756019163882075240e-01 3.871366445021094393e-01
8.141000752105674587e-02 7.025386975780395504e-01 2.160512949009038008e-01
9.176284321342945138e-02 7.067703350549032759e-01 2.014668217316673560e-01
1.093407605943468447e-01 6.514099800253551065e-01 2.392492593802980072e-01
3.109053044328725646e-01 3.141895297603082282e-01 3.749051658068192072e-01
3.799250992011260486e-01 2.324763249091249540e-01 3.875985758897490530e-01
8.872041914637705806e-02 6.698993031079720772e-01 2.413802777456508231e-01
9.687887781871498682e-02 6.793725531333172363e-01 2.237485690479677214e-01
1.405198186423043394e-01 5.851610068992649794e-01 2.743191744584307368e-01
1.333922829094086882e-01 6.449872207313968042e-01 2.216204963591943966e-01
2.847797835900411356e-01 3.628228769944260024e-01 3.523973394155330285e-01
8.628555180053321116e-02 6.827997671008375624e-01 2.309146810986293930e-01
4.920200051930504609e-02 7.560154763901180131e-01 1.947825230905770033e-01
1.836457480090161742e-01 5.242464320955387835e-01 2.921078198954449312e-01
2.023652627449217256e-01 5.111188488975437760e-01 2.865158883575344984e-01
3.094236180725875585e-01 3.377533524924567487e-01 3.528230294349556928e-01
1.246794572189610234e-01 6.337597430648809205e-01 2.415607997161582088e-01
1.295649426823108352e-01 6.491886304366732974e-01 2.212464268810157564e-01
3.144444933227847488e-02 8.085212252963269730e-01 1.600343253713945035e-01
1.968157637395865911e-01 5.347126341594871102e-01 2.684716021009263542e-01
2.495376275158319446e-01 4.451172687329080224e-01 3.053451037512600608e-01
1.163391495777691687e-01 6.617753257185697846e-01 2.218855247036611300e-01
1.231277533210743680e-01 6.723342368735159003e-01 2.045380098054097873e-01
1.446493670184991753e-01 5.776811203149365692e-01 2.776695126665642555e-01
1.508727788171687068e-01 6.025944009939592227e-01 2.465328201888720705e-01
3.130898822524182390e-01 3.360517851282213142e-01 3.508583326193603913e-01
1.218328813038143943e-01 6.302625146672166112e-01 2.479046040289691055e-01
1.271067686745636638e-01 6.454058621646115990e-01 2.274873691608247650e-01
1.866645292704829373e-01 5.480180840026130928e-01 2.653173867269040254e-01
1.576263332145374507e-01 5.825390359108066907e-01 2.598346308746558586e-01
2.690371012956479513e-01 3.957109175395755463e-01 3.352519811647766135e-01
1.207999484622491321e-01 6.410188327134397346e-01 2.381812188243111195e-01
1.260183264528329516e-01 6.558869353926604084e-01 2.180947381545066677e-01
1.503342838994328190e-01 6.067020941974284876e-01 2.429636219031386934e-01
2.076972677965374103e-01 5.027937829646825785e-01 2.895089492387799557e-01
3.868796929994893219e-01 2.508413298031988981e-01 3.622789771973116690e-01
1.323638088286419878e-01 6.229130843207494328e-01 2.447231068506085239e-01
1.398404326732725911e-01 6.320387195286945037e-01 2.281208477980329330e-01
1.416837442982835649e-01 6.354797185075486965e-01 2.228365371941677664e-01
2.024114988045974672e-01 5.251852795656599682e-01 2.724032216297425646e-01
2.530110987440210568e-01 4.557063762108565230e-01 2.912825250451222536e-01
1.255040599754870811e-01 6.468197165657733061e-01 2.276762234587395572e-01
1.344794267767141505e-01 6.520098454955450817e-01 2.135107277277407400e-01
1.456472586913292178e-01 6.070923935046946829e-01 2.472603478039760438e-01
2.044217714270891995e-01 4.968125364678981915e-01 2.987656921050126368e-01
3.572365304438215317e-01 2.987422232004720013e-01 3.440212463557064115e-01
1.297174469192059754e-01 6.184479672050691157e-01 2.518345858757248257e-01
1.376057984922974264e-01 6.269239118616031226e-01 2.354702896460993955e-01
1.471225831174249044e-01 6.118865129446446893e-01 2.409909039379304618e-01
2.045623679865447575e-01 5.071763757900492608e-01 2.882612562234058706e-01
3.133085670460638017e-01 3.420534902534316246e-01 3.446379427005045737e-01
1.295458901906815508e-01 6.271407415477441294e-01 2.433133682615742921e-01
1.373192944335363541e-01 6.356307645566887654e-01 2.270499410097749637e-01
1.651553483485195262e-01 5.789920276988584913e-01 2.558526239526220381e-01
2.134022009963997824e-01 4.926493632170465542e-01 2.939484357865535524e-01
2.189663919380792356e-01 4.989736403600497083e-01 2.820599677018711393e-01
1.435943881235997588e-01 6.027026680948273096e-01 2.537029437815728761e-01
1.485043771926786160e-01 6.163352556740734345e-01 2.351603671332479217e-01
1.471047350856267144e-01 6.402224731205462538e-01 2.126727917938270318e-01
2.085358008093933790e-01 5.149169935999730052e-01 2.765472055906336157e-01
1.199906556152502274e-01 6.637204425591096690e-01 2.162889018256400619e-01
1.365882992950667174e-01 6.279852590341846730e-01 2.354264416707485819e-01
1.430263276299961750e-01 6.375272654754623458e-01 2.194464068945414792e-01
2.127776419138238395e-01 4.793516646201713138e-01 3.078706934660048189e-01
2.098629326084625879e-01 4.869721608227944865e-01 3.031649065687429534e-01
3.045019751517436535e-01 3.381278876384585241e-01 3.573701372097979334e-01
1.405972441457093713e-01 5.986976654418737498e-01 2.607050904124169066e-01
1.459533129485501846e-01 6.117075815102244185e-01 2.423391055412254524e-01
3.006615832723583126e-01 2.967152497338642614e-01 4.026231669937774815e-01
1.636002724865605051e-01 5.748658601837232096e-01 2.615338673297163408e-01
2.600735728765886656e-01 4.288675214908564404e-01 3.110589056325548940e-01
1.405954439220510332e-01 6.073706127325069204e-01 2.520339433454419908e-01
1.456341772902074450e-01 6.206813466715083161e-01 2.336844760382842667e-01
