3.615831960787117549e-01 2.867726534816997797e-01 3.516441504395884099e-01
3.079686450976773986e-17 7.957674179709787188e-01 2.042325820290213090e-01
0.000000000000000000e+00 9.749409740998770113e-01 2.505902590012295747e-02
1.351025863509670656e-16 7.833356381572346150e-01 2.166643618427653017e-01
0.000000000000000000e+00 8.801114528739117926e-01 1.198885471260882213e-01
5.571708265801607329e-02 3.534500635323163387e-01 5.908328538096675464e-01
0.000000000000000000e+00 8.058231280483952874e-01 1.941768719516046571e-01
2.990879821237101277e-01 3.109007035535404917e-01 3.900113143227494361e-01
3.912961255821840179e-01 6.139140361174846849e-02 5.473124708060674859e-01
3.152873538036858880e-01 4.501462211587619611e-01 2.345664250375521509e-01
1.387149774749482090e-01 5.318809951055593066e-01 3.294040274194924844e-01
2.522381239646970807e-01 4.391847473321270900e-01 3.085771287031758292e-01
3.427740297434208605e-01 1.806007783492037111e-01 4.766251919073755117e-01
2.104578075220374656e-01 5.346941494296021391e-01 2.548480430483603398e-01
5.383848491026854005e-02 5.381105397166531246e-01 4.080509753730783840e-01
1.907369847722243106e-01 5.312087394889137837e-01 2.780542757388619890e-01
0.000000000000000000e+00 8.104553301531527421e-01 1.895446698468472024e-01
0.000000000000000000e+00 7.968582940557921157e-01 2.031417059442079120e-01
1.758662352232678028e-01 6.692034015790072621e-01 1.549303631977248796e-01
0.000000000000000000e+00 7.725699035018732674e-01 2.274300964981268158e-01
0.000000000000000000e+00 8.205101140689298189e-01 1.794898859310701533e-01
0.000000000000000000e+00 8.056861772267286392e-01 1.943138227732713608e-01
6.416615733724402061e-03 6.672717067191413776e-01 3.263116775471342490e-01
4.262565484211451419e-17 7.814654486421755974e-01 2.185345513578243748e-01
0.000000000000000000e+00 8.044488833238176984e-01 1.955511166761823016e-01
2.965902365089058602e-17 7.894133638855246327e-01 2.105866361144753673e-01
2.277629411066929288e-01 3.350354281021423186e-01 4.372016307911647526e-01
1.101607212627569213e-16 7.639850814829964865e-01 2.360149185170034580e-01
4.136513083067692837e-18 8.098676445627471798e-01 1.901323554372528757e-01
2.001686110023247289e-16 7.949983738222401453e-01 2.050016261777597715e-01
0.000000000000000000e+00 6.624852156527287761e-01 3.375147843472712239e-01
0.000000000000000000e+00 7.704251246288673638e-01 2.295748753711325252e-01
1.313675445848070875e-02 8.076777135357922077e-01 1.791855320057270662e-01
0.000000000000000000e+00 8.191121571863777540e-01 1.808878428136222738e-01
0.000000000000000000e+00 7.078878337814622501e-01 2.921121662185376389e-01
0.000000000000000000e+00 7.947517675780623181e-01 2.052482324219376542e-01
7.774114164568300331e-03 8.278893504515106860e-01 1.643365353839211229e-01
0.000000000000000000e+00 8.280437182047899469e-01 1.719562817952099976e-01
4.409629008353691676e-02 6.397735164532244445e-01 3.161301934632386179e-01
1.446992940974580194e-17 8.035177819576678759e-01 1.964822180423320686e-01
1.206039497125903186e-02 8.044290937178547596e-01 1.835105113108861929e-01
4.587245971218188102e-17 8.128326394575593472e-01 1.871673605424407361e-01
5.139628061593521924e-01 4.977949183625050654e-16 4.860371938406473080e-01
0.000000000000000000e+00 7.871416483103080841e-01 2.128583516896918326e-01
1.176423460281042326e-02 8.102093465244519788e-01 1.780264188727376795e-01
4.644508444561749625e-17 8.176628650992040503e-01 1.823371349007960052e-01
0.000000000000000000e+00 8.784629394668229674e-01 1.215370605331769910e-01
1.091138657919369513e-16 7.929884622534747463e-01 2.070115377465251150e-01
2.199087692621200588e-02 7.959587225969538826e-01 1.820504004768341844e-01
9.024286746765119207e-18 8.227120174222818383e-01 1.772879825777181340e-01
1.077284066133206438e-16 7.404971726692780587e-01 2.595028273307217193e-01
1.863269570196504962e-17 8.131644618114498568e-01 1.868355381885500599e-01
1.876507532144757601e-02 8.101779503758038681e-01 1.710569743027484935e-01
2.700602518474576778e-17 8.289468426528200373e-01 1.710531573471798794e-01
5.592065885396181324e-01 1.360071027508687077e-16 4.407934114603818676e-01
1.993293989642910610e-18 8.056487506946591326e-01 1.943512493053408674e-01
2.173484138383698430e-02 7.901085629385049547e-01 1.881565956776581339e-01
0.000000000000000000e+00 8.155597173280552115e-01 1.844402826719448163e-01
4.744722364804886776e-17 7.173051176295327513e-01 2.826948823704672487e-01
1.626380711620992736e-01 5.222888917307892953e-01 3.150730371071115421e-01
2.187081282537698887e-02 7.946868396500738063e-01 1.834423475245492985e-01
0.000000000000000000e+00 8.198099858439362730e-01 1.801900141560637270e-01
1.370066878829097889e-01 5.201031602044804414e-01 3.428901519126098529e-01
1.773572557110388304e-01 5.024506136233369835e-01 3.201921306656242971e-01
3.691504129511929272e-02 7.694722926942060282e-01 1.936126660106747555e-01
1.124898253450048969e-03 8.215931953484559847e-01 1.772819063980939358e-01
5.363161242777994553e-02 6.090505652259078362e-01 3.373178223463123016e-01
1.860921261907705349e-01 5.072998582699524972e-01 3.066080155392770235e-01
3.293762532413704175e-02 7.865510369634213239e-01 1.805113377124415441e-01
0.000000000000000000e+00 8.307838456477354416e-01 1.692161543522646139e-01
4.343454562636016775e-17 6.962157381731243211e-01 3.037842618268756234e-01
1.411371747149107146e-02 7.811856391371043706e-01 2.047006433914045909e-01
3.609515614480617723e-02 7.644620897021162653e-01 1.994427541530775505e-01
1.573522268945555221e-03 8.138652000800657982e-01 1.845612776509887309e-01
2.829292780983049785e-04 7.528872158580506291e-01 2.468298548638512557e-01
1.813119323383506620e-01 5.090265764461662235e-01 3.096614912154830312e-01
3.634455747706392958e-02 7.693207331231061152e-01 1.943347093998299413e-01
2.011252278206340175e-03 8.175398592809821618e-01 1.804488884408115279e-01
1.895968471873736017e-01 4.567317788105373366e-01 3.536713740020892005e-01
1.899164192781239435e-01 5.039974474034475405e-01 3.060861333184285438e-01
3.209461146659044473e-01 3.415237538811822793e-01 3.375301314529132179e-01
3.338424974100310658e-16 7.692630054081115443e-01 2.307369945918880394e-01
1.750077456523324027e-01 4.835327716343448268e-01 3.414594827133228816e-01
4.008270026490865644e-18 7.665408393389504527e-01 2.334591606610495751e-01
0.000000000000000000e+00 8.798172109587283352e-01 1.201827890412716926e-01
1.302332988439495742e-01 6.239466905840617139e-01 2.458200105719886841e-01
1.781088962069921344e-01 4.332595814266046452e-01 3.886315223664033591e-01
2.454790837921372315e-01 4.929147586126699787e-01 2.616061575951927343e-01
6.519722462258511394e-18 8.689378439650053965e-01 1.310621560349946313e-01
4.120197952378478606e-02 7.336739381074833810e-01 2.251240823687319093e-01
0.000000000000000000e+00 8.424968483877048886e-01 1.575031516122951392e-01
5.839097865771070150e-02 4.975354420780384035e-01 4.440735792642509505e-01
1.734973452154713602e-01 5.530861410413587809e-01 2.734165137431698867e-01
3.035127338870103331e-01 3.007517953634549213e-01 3.957354707495348012e-01
0.000000000000000000e+00 7.117506906269279732e-01 2.882493093730720268e-01
2.048326657809994011e-01 5.120482708710880626e-01 2.831190633479125363e-01
8.068919545869289374e-17 8.102230473378219111e-01 1.897769526621779779e-01
1.338199601385299954e-16 7.958504966041146655e-01 2.041495033958852512e-01
1.036452469670129390e-15 8.952333806784045223e-01 1.047666193215942843e-01
4.666042397515186064e-17 7.463264834236241763e-01 2.536735165763757682e-01
5.952055287215008997e-17 8.201496292544705469e-01 1.798503707455293976e-01
1.188338544451939738e-16 8.046894111367091096e-01 1.953105888632907239e-01
2.375955141816263050e-01 3.822221536592430025e-01 3.801823321591306093e-01
1.020880877116769178e-17 7.804225899171467473e-01 2.195774100828532804e-01
3.243627796991224772e-18 8.042168858814968679e-01 1.957831141185031321e-01
0.000000000000000000e+00 7.882157202969054532e-01 2.117842797030946023e-01
3.106600135152996489e-01 2.147296921747698095e-01 4.746102943099305693e-01
6.115293047806072324e-17 7.629520856810176888e-01 2.370479143189823112e-01
1.013588747052714853e-16 8.098958903840232093e-01 1.901041096159766242e-01
7.311268332774745927e-18 7.940373229085905260e-01 2.059626770914093907e-01
0.000000000000000000e+00 6.624866360665717657e-01 3.375133639334281233e-01
1.157604666483778022e-01 6.032415683799577932e-01 2.809979649716643491e-01
1.252523120857886724e-02 8.095581860092727622e-01 1.779165827821484469e-01
2.874929299082444485e-17 8.187877582078139094e-01 1.812122417921860906e-01
0.000000000000000000e+00 9.624615698548298903e-01 3.753843014517003335e-02
0.000000000000000000e+00 7.570347155847056975e-01 2.429652844152942748e-01
5.530074252598982804e-03 8.322691409511303595e-01 1.622007847962707305e-01
0.000000000000000000e+00 8.274373785293077654e-01 1.725626214706922623e-01
2.268242398053582354e-01 4.062280689992395777e-01 3.669476911954022147e-01
0.000000000000000000e+00 8.030463040921478335e-01 1.969536959078521388e-01
1.081514142108304551e-02 8.074784099907602597e-01 1.817064485881566549e-01
0.000000000000000000e+00 8.122912442742526995e-01 1.877087557257472450e-01
0.000000000000000000e+00 8.642506492010116892e-01 1.357493507989883386e-01
4.592204360232400378e-17 7.866043748587815410e-01 2.133956251412185146e-01
1.050470051162134301e-02 8.132113116814033704e-01 1.762839878069752675e-01
0.000000000000000000e+00 8.173229292446687611e-01 1.826770707553312667e-01
1.183948877257742366e-01 5.698185583484096650e-01 3.117865539258161123e-01
0.000000000000000000e+00 7.925793967197573009e-01 2.074206032802427546e-01
2.718618660579100177e-02 7.880915817221297859e-01 1.847222316720791291e-01
2.566979190200139316e-01 4.394133315673349194e-01 3.038887494126510380e-01
2.223855154764008413e-01 3.894072742459814274e-01 3.882072102776176203e-01
1.843173537919491622e-01 5.288094195594220670e-01 2.868732266486287430e-01
2.271775652724774067e-02 8.044499512780384221e-01 1.728322921947137436e-01
1.928393645128800107e-18 8.285258236268503440e-01 1.714741763731496837e-01
6.090523758766255152e-02 5.982150087298175878e-01 3.408797536825199370e-01
1.697673276392758779e-01 5.377439257706079223e-01 2.924887465901163108e-01
2.647429264594052672e-02 7.829546458793530395e-01 1.905710614747064546e-01
0.000000000000000000e+00 8.150917317249929406e-01 1.849082682750070872e-01
2.528841758468801315e-17 7.263386755041237874e-01 2.736613244958763236e-01
1.243072224919925667e-01 5.431279306800744777e-01 3.325648468279330250e-01
2.666236819875282549e-02 7.875364294685140987e-01 1.858012023327331452e-01
0.000000000000000000e+00 8.194151596501636492e-01 1.805848403498363230e-01
3.149544462439676784e-02 7.100707232745068209e-01 2.584338321010965500e-01
1.998792920716058741e-01 4.941225306666043315e-01 3.059981772617897944e-01
4.032832413212423389e-02 7.654526801236440914e-01 1.942189957442316262e-01
2.446057634673300639e-03 8.191241322894328158e-01 1.784298100758938133e-01
2.063006717581358229e-01 4.087714648084561087e-01 3.849278634334080684e-01
2.060602825580846176e-01 4.855992913380651199e-01 3.083404261038503180e-01
3.525605775807353487e-02 7.842394776531110834e-01 1.805044645888154442e-01
3.606900931410530973e-20 8.303951600474855921e-01 1.696048399525143802e-01
6.512898196393608619e-02 6.186260028507442055e-01 3.162450151853198332e-01
5.814194320332835737e-03 7.973493113519540820e-01 1.968364943277130519e-01
3.937198737354694750e-02 7.606834889607576589e-01 1.999445236656953728e-01
2.738265458188730156e-03 8.116631677587746729e-01 1.855985667830366836e-01
7.285189247446550997e-02 5.679912131617900206e-01 3.591568943637444833e-01
9.133510064664710285e-03 7.758208650003906026e-01 2.150456249349446958e-01
3.944648068406651775e-02 7.657729962470104512e-01 1.947805230689230727e-01
3.094397054273877960e-03 8.155241068759192524e-01 1.813814960698068857e-01
6.479631752412692847e-02 5.956134262514068967e-01 3.395902562244662581e-01
2.000874611191846009e-01 4.923612349560635981e-01 3.075513039247518288e-01
2.428311066546609276e-01 4.426208100359831921e-01 3.145480833093559636e-01
4.704777444885250431e-02 5.660232009186271229e-01 3.869290246325202687e-01
8.022788348245939172e-02 8.476006137717930766e-01 7.217150274574758717e-02
0.000000000000000000e+00 6.438237498433680983e-01 3.561762501566319017e-01
0.000000000000000000e+00 8.797029419609470047e-01 1.202970580390529953e-01
2.222043635102424475e-01 5.012203366577379082e-01 2.765752998320195610e-01
1.626979297990063245e-01 5.420009061794975880e-01 2.953011640214960876e-01
7.249438297325498659e-02 5.494910794967197143e-01 3.780145375300251742e-01
7.809014336708439141e-02 6.769164336556878769e-01 2.449934229772277594e-01
2.381288778218830782e-01 5.095909188965378478e-01 2.522802032815790185e-01
0.000000000000000000e+00 7.364983778030614880e-01 2.635016221969385675e-01
1.989153487676538490e-01 4.947955271767803809e-01 3.062891240555657979e-01
3.124167157111009674e-01 2.839140437037073750e-01 4.036692405851916576e-01
3.029803038279605859e-17 8.016010795475296824e-01 1.983989204524703454e-01
9.556516246566236494e-02 8.085200279808145707e-01 9.591480955352298110e-02
2.145502497094982364e-02 5.938942247836663801e-01 3.846507502453837546e-01
2.787003916046004723e-17 8.100659973038518702e-01 1.899340026961480743e-01
1.054893806392235959e-16 7.957560955978834061e-01 2.042439044021165107e-01
3.359418826804626557e-01 2.145998560953676082e-01 4.494582612241697639e-01
0.000000000000000000e+00 6.764788366630454242e-01 3.235211633369545203e-01
1.021521019788849171e-16 8.203288455416628544e-01 1.796711544583368958e-01
0.000000000000000000e+00 8.045195500226429708e-01 1.954804499773569737e-01
0.000000000000000000e+00 6.974385102938982506e-01 3.025614897061017494e-01
0.000000000000000000e+00 7.801985109451221589e-01 2.198014890548778133e-01
9.823890709840421961e-17 8.041523158049453945e-01 1.958476841950544944e-01
0.000000000000000000e+00 7.882328533060454223e-01 2.117671466939546610e-01
1.381880882627837259e-01 5.044400195816844956e-01 3.573718921555317229e-01
1.857347503676307632e-01 4.822024693013468033e-01 3.320627803310223780e-01
1.890339272898496192e-16 8.097704986360101387e-01 1.902295013639896115e-01
0.000000000000000000e+00 7.939037143109805017e-01 2.060962856890194705e-01
5.296319417643459022e-18 6.276376306191956411e-01 3.723623693808043034e-01
1.353195861826214097e-01 5.797473004371893612e-01 2.849331133801891736e-01
1.017677086596510683e-02 8.144396926761932054e-01 1.753835364578416878e-01
0.000000000000000000e+00 8.186589663617285240e-01 1.813410336382715315e-01
2.821639500030252434e-01 3.426215916793690086e-01 3.752144583176057480e-01
6.202472637607588011e-17 7.944368077717780530e-01 2.055631922282219193e-01
2.599652747464010431e-03 8.376678389058168639e-01 1.597325083467192874e-01
1.562313772145952521e-16 8.274708777110442171e-01 1.725291222889556719e-01
3.083343062941940049e-01 2.867124761244132514e-01 4.049532175813928547e-01
0.000000000000000000e+00 8.031224380278646491e-01 1.968775619721354619e-01
8.245321253202909928e-03 8.126825050060708655e-01 1.790721737407262870e-01
0.000000000000000000e+00 8.124748697545749465e-01 1.875251302454249702e-01
5.721472727764052597e-04 8.189062675709929406e-01 1.805215851562307072e-01
3.854674744948242219e-18 7.866257825076639065e-01 2.133742174923361212e-01
7.823063771062068253e-03 8.186141949805284534e-01 1.735627412484093968e-01
5.476783109549136391e-17 8.172041880851931284e-01 1.827958119148068439e-01
3.006333511244270798e-02 7.000225829746213879e-01 2.699140819129359770e-01
0.000000000000000000e+00 7.926467974421170792e-01 2.073532025578828653e-01
2.991918697945068414e-02 7.847889591092197525e-01 1.852918539113296847e-01
0.000000000000000000e+00 8.222775077869955984e-01 1.777224922130043461e-01
3.120401461256427922e-01 2.552785234634118439e-01 4.326813304109454750e-01
1.958483479993905763e-01 5.029644763603924318e-01 3.011871756402170197e-01
2.506657041220142559e-02 8.014978417133146182e-01 1.734355878744839041e-01
5.946152547157641219e-18 8.283791972994418717e-01 1.716208027005581560e-01
2.284972952686443459e-01 4.136659436282874025e-01 3.578367611030681683e-01
4.558674363481098057e-03 7.960343388504840245e-01 1.994069867860348289e-01
2.932083518485130089e-02 7.795453283535219713e-01 1.911338364616265995e-01
0.000000000000000000e+00 8.136291642723041395e-01 1.863708357276957495e-01
4.310445551784314322e-02 5.777405317756223457e-01 3.791550127065346221e-01
1.278359950675050649e-01 5.788933749536100404e-01 2.932706299788849225e-01
2.916589468592874212e-02 7.846654181838149666e-01 1.861686871302563051e-01
2.044850313974581335e-01 4.651663429093775837e-01 3.303486256931642551e-01
1.729444208663196980e-01 4.651526894793445166e-01 3.619028896543357576e-01
2.014615082156877290e-01 4.877448608296380828e-01 3.107936309546742160e-01
4.289570876828811136e-02 7.632227268331814862e-01 1.938815643985303261e-01
2.512617061623746879e-03 8.190154060377955458e-01 1.784719769005806422e-01
6.846237503414478277e-17 9.307987358875202677e-01 6.920126411247963516e-02
5.182052878459451895e-02 5.706728767862701002e-01 3.775065944291355335e-01
3.742708230791028101e-02 7.824633711491346677e-01 1.801095465429551623e-01
8.527788234644335168e-19 8.304546298439022811e-01 1.695453701560976911e-01
7.837375401065367619e-02 5.930007615696535339e-01 3.286254844196926928e-01
1.658865567512180297e-02 7.782703210447075026e-01 2.051410232801706424e-01
4.187604892376580595e-02 7.585773764665639796e-01 1.995465746096702353e-01
2.737581853292862365e-03 8.117386211804095142e-01 1.855237969662976438e-01
5.599237349064924985e-01 2.212564587985338455e-16 4.400762650935072240e-01
1.029592500180547855e-02 7.743995082400730867e-01 2.153045667581214850e-01
4.166106323488730917e-02 7.642202409990336287e-01 1.941186957660791246e-01
3.095866264252744322e-03 8.156692166055313775e-01 1.812349171302159445e-01
1.858758728566532181e-01 1.417246488869250420e-01 6.723994782564218786e-01
1.811037707256119705e-02 7.659455872928617737e-01 2.159440356345770085e-01
2.516525880989443076e-01 4.768655954175883838e-01 2.714818164834674197e-01
1.662255751740817078e-01 5.956921626973581407e-01 2.380822621285601237e-01
2.548261000693677891e-01 3.815261523067725591e-01 3.636477476238595963e-01
1.912079325121871509e-01 5.395259033044395025e-01 2.692661641833733466e-01
3.875112444732073599e-17 8.802663481771756393e-01 1.197336518228243191e-01
5.715614277191332082e-01 1.634438341792104898e-02 4.120941888629457983e-01
8.464370668997928115e-02 5.110864334384364049e-01 4.042698598715843139e-01
2.048342638740237587e-01 5.450248250445248743e-01 2.501409110814513670e-01
2.621292265712828473e-01 3.475187847528192209e-01 3.903519886758978208e-01
2.088145798109652396e-01 4.903569837836382339e-01 3.008284364053965820e-01
1.592486916641828731e-01 5.130019570624626546e-01 3.277493512733543612e-01
1.799944681022922488e-01 5.408750614517224831e-01 2.791304704459852681e-01
5.780895026782049529e-18 8.732998429914050620e-01 1.267001570085948547e-01
2.392463597849803780e-01 4.583063907740725362e-01 3.024472494409470302e-01
1.508676395697431671e-01 5.451072489764479112e-01 3.040251114538089494e-01
1.861760932271366020e-01 5.452329024800159907e-01 2.685910042928472685e-01
4.821682956743201284e-17 8.105180620071890107e-01 1.894819379928110170e-01
0.000000000000000000e+00 7.958427153351325112e-01 2.041572846648674888e-01
6.616794776622842919e-03 6.440767606138839696e-01 3.493064446094930608e-01
0.000000000000000000e+00 7.715076984826239048e-01 2.284923015173760952e-01
9.263824514418412150e-17 8.202427371097498199e-01 1.797572628902500969e-01
0.000000000000000000e+00 8.045945832913212747e-01 1.954054167086787253e-01
1.165270541849854902e-01 6.014011442989797285e-01 2.820718015160347814e-01
9.016802440225478521e-18 7.801311525364420518e-01 2.198688474635578927e-01
1.348536468275389011e-17 8.043001660590574087e-01 1.956998339409426746e-01
0.000000000000000000e+00 7.883205483180980577e-01 2.116794516819019423e-01
1.287398017305378672e-01 5.588119813802614466e-01 3.124482168892007694e-01
0.000000000000000000e+00 7.627724991418048939e-01 2.372275008581951061e-01
2.237066309592057907e-17 8.101309605797412106e-01 1.898690394202588172e-01
3.128812811885889993e-17 7.939528602174591443e-01 2.060471397825407724e-01
1.716460776681844047e-01 4.811629590384510768e-01 3.471909632933644629e-01
3.395705190907865123e-17 7.694929213160911496e-01 2.305070786839089059e-01
8.440844984254625150e-03 8.174810027536058010e-01 1.740781522621394906e-01
0.000000000000000000e+00 8.190828249796568983e-01 1.809171750203430740e-01
4.047875264731513184e-02 6.329775908820595154e-01 3.265436564706253875e-01
0.000000000000000000e+00 7.947082541431621516e-01 2.052917458568377929e-01
6.068940073692785479e-04 8.412243443555340594e-01 1.581687616370966720e-01
7.154956773713250321e-17 8.276287816538816511e-01 1.723712183461180991e-01
1.261339612039578673e-01 5.083865533145578430e-01 3.654794854814842897e-01
0.000000000000000000e+00 8.032105478442842506e-01 1.967894521557156939e-01
6.385668679824984227e-03 8.159910716185077018e-01 1.776232597016674242e-01
4.236994233483350813e-17 8.125996325370671292e-01 1.874003674629328986e-01
8.718108524667099457e-02 5.164735471256689525e-01 3.963453676276601501e-01
5.724195678043920577e-17 7.868086829801590465e-01 2.131913170198408425e-01
6.048812537310405135e-03 8.217591152601579907e-01 1.721920722025316319e-01
0.000000000000000000e+00 8.175843964834781374e-01 1.824156035165218070e-01
5.110819585209987330e-18 8.614014147397129895e-01 1.385985852602870105e-01
0.000000000000000000e+00 7.929248156101389444e-01 2.070751843898610556e-01
3.038585204751217961e-02 7.833513640129137201e-01 1.862627839395740448e-01
7.311048144807771208e-19 8.226636882211249002e-01 1.773363117788751553e-01
2.485441794920017766e-01 3.557985619886900319e-01 3.956572585193081637e-01
2.060712579055504756e-01 4.659781400484878655e-01 3.279506020459616589e-01
2.526576014129685785e-02 8.009339673510316171e-01 1.738002725076714661e-01
8.724035793226669673e-19 8.287567799446541317e-01 1.712432200553459238e-01
6.311147808870398723e-02 5.988754742946916787e-01 3.380130476166043896e-01
3.764484550425322307e-03 7.990663540658117237e-01 1.971691613837630308e-01
2.931350102004936023e-02 7.788440781448926487e-01 1.918424208350579252e-01
2.967741737027313515e-19 8.155272981314694025e-01 1.844727018685306530e-01
7.583109961132543375e-02 5.370301377695732015e-01 3.871387626191012399e-01
1.672735079927447910e-01 5.392925832446716639e-01 2.934339087625835729e-01
2.956341732379811141e-02 7.833582995014738426e-01 1.870782831747281050e-01
1.645379578009667132e-18 8.197221023285740094e-01 1.802778976714259629e-01
3.350805891500718142e-02 6.479912981958629858e-01 3.185006428891299368e-01
7.425025632138645276e-03 7.831789152448537239e-01 2.093960591230076274e-01
4.070367259568745399e-02 7.655384140614607258e-01 1.937579133428518618e-01
7.548843700837141318e-03 8.102988277102362025e-01 1.821523285889267707e-01
7.000620811708986591e-02 5.848286491084686567e-01 3.451651427744416023e-01
1.642333571277229329e-02 7.716192963519323822e-01 2.119573679352952378e-01
3.472122853162035866e-02 7.858580759835759322e-01 1.794206954848036328e-01
3.877877146131099035e-03 8.238217763506098246e-01 1.723003465032590109e-01
3.685328663134869176e-01 2.753003746367517213e-01 3.561667590497614166e-01
1.277650124512740015e-02 7.856062470983483648e-01 2.016172516565241102e-01
3.930737083837716056e-02 7.616491383607527643e-01 1.990434908008700821e-01
7.423429128519325008e-03 8.034705884290502809e-01 1.891059824424305147e-01
1.004707746698802751e-01 5.021772267737081297e-01 3.973519985564115120e-01
1.679605527562803152e-02 7.624058691269002264e-01 2.207980755974716935e-01
3.933781538479301509e-02 7.667938531512932254e-01 1.938683314639138011e-01
7.887706270712321888e-03 8.073187979139176962e-01 1.847934958153699680e-01
2.393902548179218936e-01 4.225232947808268968e-01 3.380864504012513483e-01
1.668835961368954346e-02 7.682804769475447548e-01 2.150311634387656878e-01
1.538159056982522400e-02 7.195927047186081449e-01 2.650257047115667230e-01
3.300771668857749308e-01 2.405524087707375247e-01 4.293704243434876555e-01
8.629482252961204192e-02 4.826543843979541615e-01 4.310507930724338244e-01
1.935009746872050074e-01 5.235668789317865501e-01 2.829321463810084425e-01
1.621848236339241248e-18 8.792598313979815838e-01 1.207401686020183745e-01
1.142871427174274511e-15 9.047433501608883599e-01 9.525664983911054373e-02
0.000000000000000000e+00 8.501047942210948616e-01 1.498952057789051107e-01
1.763508744501846581e-01 5.674064784797657746e-01 2.562426470700495118e-01
2.443379316604460394e-01 5.414822879071629069e-01 2.141797804323909704e-01
1.168948986502643086e-16 7.579247492550518217e-01 2.420752507449479840e-01
1.350248244803831932e-01 7.234117055900821658e-01 1.415634699295347521e-01
0.000000000000000000e+00 7.221926921019269363e-01 2.778073078980730637e-01
7.870562700536143375e-02 6.792733294236384944e-01 2.420210435710000441e-01
2.753801747322740523e-01 3.388394233069490502e-01 3.857804019607768975e-01
1.812488302450367683e-01 3.987380973534361273e-01 4.200130724015271877e-01
2.334050580931006924e-01 4.741966512906303222e-01 2.923982906162689299e-01
0.000000000000000000e+00 8.099783565148778175e-01 1.900216434851222380e-01
4.791047277173763386e-17 7.950093701762535048e-01 2.049906298237464675e-01
7.333013277272018918e-03 6.430211670516309264e-01 3.496458196710969801e-01
2.048952436699729429e-01 4.229714358801358043e-01 3.721333204498911695e-01
2.934804136549372444e-16 8.200332563857806178e-01 1.799667436142191324e-01
4.120035820778621863e-17 8.037476167550778872e-01 1.962523832449221128e-01
0.000000000000000000e+00 3.228205480234689340e-01 6.771794519765310660e-01
6.426477092802400493e-17 7.794103195347394930e-01 2.205896804652604515e-01
0.000000000000000000e+00 8.038054819221388536e-01 1.961945180778610631e-01
0.000000000000000000e+00 7.872747812826266234e-01 2.127252187173734044e-01
1.832923401653991924e-01 2.671612679571558346e-01 5.495463918774451395e-01
5.108228155965250639e-17 7.617295884549822871e-01 2.382704115450177129e-01
5.620112504061860124e-18 8.096062765770924985e-01 1.903937234229073905e-01
2.686701591660556200e-17 7.930977075693422806e-01 2.069022924306576361e-01
1.106813187771343279e-16 6.624329829317930907e-01 3.375670170682067983e-01
1.484177282107780049e-01 5.453889001743087439e-01 3.061933716149133899e-01
1.202663657988519048e-02 8.108101343429230390e-01 1.771632290771917584e-01
9.859995727524811461e-17 8.183640922171667720e-01 1.816359077828330337e-01
5.980807763564623125e-02 5.932033977232360478e-01 3.469885246411176793e-01
0.000000000000000000e+00 7.940231910301281948e-01 2.059768089698717497e-01
3.544974933997688434e-03 8.358982910052269455e-01 1.605567340607753080e-01
9.781159889958825511e-19 8.270561992838997289e-01 1.729438007161003266e-01
1.310892280798873870e-03 8.235580567325380130e-01 1.751310509866630949e-01
7.629083299589600520e-18 8.024986510999574385e-01 1.975013489000425893e-01
5.032421896260644290e-02 7.080489937755636287e-01 2.416267872618299006e-01
0.000000000000000000e+00 8.120042468049261108e-01 1.879957531950738336e-01
9.591714735847414741e-02 5.025057970906792182e-01 4.015770555508465511e-01
0.000000000000000000e+00 7.860508514924032797e-01 2.139491485075966926e-01
9.684797495430720951e-03 8.148736238479640237e-01 1.754415786566052293e-01
0.000000000000000000e+00 8.168734063753858576e-01 1.831265936246142256e-01
5.523046700665630304e-01 5.201618056790037668e-17 4.476953299334369696e-01
3.635615188566277108e-17 7.919642262416108913e-01 2.080357737583890809e-01
2.952172579038382996e-02 7.846058058941128843e-01 1.858724683155032753e-01
0.000000000000000000e+00 8.222313558986196202e-01 1.777686441013804353e-01
2.120147424012721882e-01 3.982054685414313511e-01 3.897797890572964330e-01
2.580469139283301239e-01 3.616936492049246388e-01 3.802594368667452374e-01
2.381567422496367117e-02 8.031347824351371401e-01 1.730495433398991645e-01
9.210234981748145623e-18 8.283907761877749021e-01 1.716092238122250146e-01
2.377401368393738390e-01 3.910074074709063985e-01 3.712524556897197625e-01
1.466845454008532976e-19 8.049036450788994435e-01 1.950963549211006121e-01
2.808569756248828833e-02 7.807765639353184683e-01 1.911377385021932329e-01
0.000000000000000000e+00 8.151597550762418321e-01 1.848402449237581679e-01
8.141791607024391475e-02 5.299980993970024867e-01 3.885839845327536679e-01
1.619890816023736579e-01 5.159988239431819723e-01 3.220120944544442865e-01
2.893765768478035252e-02 7.841257487605047816e-01 1.869365935547149249e-01
9.355414274083584373e-19 8.192926921539024354e-01 1.807073078460975646e-01
6.880577452621619572e-02 5.647957542043187118e-01 3.663984712694650092e-01
3.910821951691981387e-03 7.886709190936128655e-01 2.074182589546951783e-01
4.414463587608169481e-02 7.591671746935562126e-01 1.966881894303622036e-01
6.566573995442877461e-03 8.117023031573122882e-01 1.817311228472449081e-01
2.099068718774776536e-16 9.307951134798044812e-01 6.920488652019525511e-02
1.443253966420845020e-17 7.528470320634991220e-01 2.471529679365008503e-01
3.759809825828357849e-02 7.806764317464013336e-01 1.817254699953151087e-01
2.908018202191685764e-03 8.252804479987663200e-01 1.718115337990419045e-01
8.687167356770152463e-03 6.856747846104110922e-01 3.056380480328187432e-01
2.634496980049838219e-02 7.604195171049987767e-01 2.132355130945027266e-01
4.217671522805556406e-02 7.562242583681877406e-01 2.015990264037566815e-01
6.222067062781409807e-03 8.053055004382089210e-01 1.884724324990097177e-01
3.611980028876896824e-16 6.564234195736706745e-01 3.435765804263289369e-01
1.716136784489120590e-02 7.610310086364362459e-01 2.218076235186725587e-01
4.315260953101713454e-02 7.598523055324816200e-01 1.969950849365013079e-01
7.240928733230490855e-03 8.079614175124334441e-01 1.847976537543361275e-01
2.341579815927512798e-01 3.841459092083839288e-01 3.816961091988648191e-01
1.746804399025328122e-02 7.663130977210631523e-01 2.162188582886835075e-01
