2.967910086228041422e+00
5.994368144223641615e+00
2.390018234810290298e+00
6.028006112515470249e+00
2.310874879762431444e+00
2.928289619756367035e+00
4.951144392776583913e+00
6.322791988582150857e+00
5.137104897745075505e+00
3.182623908280163505e+00
4.723489135350699364e+00
2.269863857762771442e+00
1.482139631449476580e+00
5.653835759049436582e+00
1.548331435743108386e+00
2.867475047576863556e+00
1.460008536138247992e+00
2.161544600117956350e+00
1.551663417526803812e+00
4.500987293186298643e+00
2.106881754755102865e+00
5.741813110547583143e+00
1.971161574642228631e+00
2.832134665184072642e+00
2.408579081802992850e+00
2.343126421951656990e+00
1.099530895667072627e+00
4.413103170071920545e+00
2.363200097988387594e+00
2.029682486332408331e+00
2.926539719054547017e+00
5.688945338149237863e+00
2.827691039985637200e+00
2.789141718087642108e+00
3.132827693750847686e+00
2.399866029213134411e+00
2.445883211946588975e+00
4.042772659587551054e+00
2.863605181029221569e+00
2.099698714638589703e+00
3.215186495887071061e+00
3.010807671932965945e+00
1.250187733951037883e+00
5.736788809850388304e+00
1.317512137506688275e+00
2.871540825068429559e+00
1.221343815418920897e+00
2.242605398753629409e+00
9.391978573585960666e-01
4.475630706056723973e+00
1.959371685321370959e+00
2.181711594960833001e+00
1.700145094476929630e+00
2.418746908707698484e+00
1.747341456261265025e+00
2.947539218275561534e+00
1.070208171207650993e+00
5.787172759406836064e+00
1.035402058396942548e+00
2.905499921496739191e+00
1.158690809049818027e+00
2.249702136130075747e+00
1.008288851583369450e+00
4.746173421880527599e+00
1.371295126324701075e+00
1.922196275640746022e+00
1.438340782653748873e+00
2.322517127732060427e+00
1.530650147297170749e+00
2.943816055690916755e+00
1.355311220090709812e+00
1.625471045369599521e+00
1.667738155415103618e+00
5.698748263409765258e+00
1.825948427741264313e+00
2.898879164235273365e+00
1.468165582741500996e+00
2.158792753079953108e+00
2.037977358536195993e+00
4.762902066245359833e+00
2.280422760177901242e+00
2.233268545552432816e+00
1.773236771923485833e+00
2.269349952133467241e+00
1.870545119783554755e+00
2.840431532984839524e+00
2.021555959673643432e+00
1.855205915586596532e+00
1.961412116184208854e+00
1.286280102620724675e+00
