8.301528390896445453e-01
7.982546166537834997e-01
5.737683364285866894e+00
2.430006132678795172e+00
3.306955163594641700e+00
6.863116170220756374e+00
2.430297788077609766e+00
3.053701252078049322e-01
4.966711830826407770e+00
2.506764565850748472e+00
3.155762678229520279e+00
6.601166806586171276e+00
2.756139744879304576e+00
1.534555796865404886e+00
4.579200008847810643e+00
2.672471784766788261e+00
3.080076964233184000e+00
6.586726836001286500e+00
3.587910374309794204e+00
3.336426827343473178e+00
1.137517457226587370e+00
2.722129250356896790e+00
2.656820980437802238e+00
5.844531892596829259e+00
2.355675628259064069e+00
1.149321299185421141e+00
9.478571215009677919e-01
4.471418619573900521e+00
3.051288460096252209e+00
6.162885782644393906e+00
3.045995954691020913e+00
2.223822148529583043e+00
5.194237806605173091e-01
3.713636036929145234e+00
2.626154693340862156e+00
6.198148504612599474e+00
2.785061452381997427e+00
1.873719232245624200e+00
7.549149069774946375e-01
3.862897519400164015e+00
2.424703493844802438e+00
2.930807409674526465e+00
2.897637336587604584e-01
8.377737409114137668e-01
5.731607971258095624e+00
2.376317556877347581e+00
3.304904528052034607e+00
6.810532459335071565e+00
4.990096842776085562e-01
9.707490089622984319e-01
5.698033472972316993e+00
2.509831427744684262e+00
3.300306489876131621e+00
6.916828320114838391e+00
1.013706438938668741e+00
2.229723418172985472e+00
1.065873806929590328e+00
2.389567309979454102e+00
2.828795625011931048e+00
5.871304092556784759e+00
4.535220712997798387e-01
4.030137900188701106e-01
1.167142473091381305e+00
5.323438692144463857e+00
3.219417338477489121e+00
6.419188437902355382e+00
4.909054864037696864e-01
1.016410167995601910e+00
5.690068257224764059e-01
4.826292435501334133e+00
2.395030411613578991e+00
6.441618159630624341e+00
4.778100428842702030e-01
7.238999648287745003e-01
9.255117857937413817e-01
4.970842479265840552e+00
2.238672853566827214e+00
3.151308214577518640e+00
4.930362959413686075e-01
2.509263345631790543e+00
4.974922997219858978e+00
2.586304381387640294e+00
3.158405398285646815e+00
6.671998816350175332e+00
1.032598185141769376e+00
3.146099029270874592e+00
1.055213103278263675e+00
2.497193372834189962e+00
2.777283685169436911e+00
5.857818170047647932e+00
8.305139172477318255e-01
2.179234732599110824e+00
1.236779887764541286e+00
4.589448816481056959e+00
3.073431382920136290e+00
6.104046486522122450e+00
6.894879683755466004e-01
2.678143107067436191e+00
4.924007643882018503e-01
4.224552110122449911e+00
2.460317002154008836e+00
6.255806659748853527e+00
7.828419158206164630e-01
2.454243806945027639e+00
9.084870026068436744e-01
4.278226325364059335e+00
2.259548919833937575e+00
3.012507125916037864e+00
1.188556289482751938e+00
3.537991863014536609e+00
3.195229669193248245e+00
2.746848793371754471e+00
2.701031962478952497e+00
5.940464082153084746e+00
5.977241052160202628e-01
2.478268936259560462e+00
1.289388517555134284e+00
4.456259810246336883e+00
3.050190885663293994e+00
6.253916448975900266e+00
8.494692088584846479e-01
3.050662701256082077e+00
2.168859968652782300e+00
3.855201224706358065e+00
2.684709951927658711e+00
6.307255629863398383e+00
7.971947809802012452e-01
2.848567431616309431e+00
1.911235284890921093e+00
3.935706925192074213e+00
2.516346323755524583e+00
2.947766684414668603e+00
2.058542052945350864e+00
3.200161984069307408e+00
3.147390822458518755e+00
2.341987009347496151e+00
2.518560025968207494e+00
5.087266678808901155e+00
1.430119985338865307e+00
3.709318011599846088e+00
3.764911864995246216e+00
1.605368545149586934e+00
2.583717601227079719e+00
5.470154282542686097e+00
1.858359704042545246e+00
3.546351697617431853e+00
3.659350671214951944e+00
2.118903825819247633e+00
2.333553656418691169e+00
2.462769711806268358e+00
1.610702120692867112e+00
2.753086826618849958e+00
2.195204882814787428e+00
1.779915027530740046e+00
2.746585780709471347e+00
5.461872831024709996e+00
1.740870360439147335e+00
2.573649815665609797e+00
1.957297707625083261e+00
1.906645995116272418e+00
3.169375224293853766e+00
2.773361411525132159e+00
1.556005017633092846e+00
3.132319827569328030e+00
2.804424712437589395e+00
1.720815854341016804e+00
2.706696197548036142e+00
2.267798235843950128e+00
1.047809062812518732e+00
1.045869095419521555e+00
5.932883167558283155e+00
2.263728480834951373e+00
3.342289893135173884e+00
6.800099814066093984e+00
8.517828362550877719e-01
7.736157656500045610e-01
5.841468939260731297e+00
2.406114249466525745e+00
3.326857115604795467e+00
6.886651027983806905e+00
1.170787804227183981e+00
2.235619618510492845e+00
1.077701424088940430e+00
2.386069190698198561e+00
2.826670691183911455e+00
5.863927063463497014e+00
1.261686537203312808e+00
4.723072631758284956e-01
1.337707258992359982e+00
5.916791944014747173e+00
3.329050812535937265e+00
6.606121045636492717e+00
7.456759635117494733e-01
8.240179558846989494e-01
7.519487176949665175e-01
4.941715615289813179e+00
2.313480843191139780e+00
6.418834305954180586e+00
1.014766897630131837e+00
4.424175622050417478e-01
1.096548127262039429e+00
5.382253288878497521e+00
2.156435100353517154e+00
3.231648121263757556e+00
5.247278077328280110e-01
2.419708862583727527e+00
4.967429334220867077e+00
2.496823878677104869e+00
3.155636374082568807e+00
6.592418339907975877e+00
1.331356260857205598e+00
3.183488657092105267e+00
1.114698307716459169e+00
2.496916127005188724e+00
2.746857842723393617e+00
5.820614635384164792e+00
1.050622545302670519e+00
1.951884785219104801e+00
1.339234339015635156e+00
5.012347321220711471e+00
3.155013507863619449e+00
6.232864443358008266e+00
7.516589392798541658e-01
2.609078291843372366e+00
6.033265749041790693e-01
4.222497271070395186e+00
2.391257389784431364e+00
6.193299118988522700e+00
7.745995219903273332e-01
2.307401621150331206e+00
1.018740084979396388e+00
4.511940403841421698e+00
2.207205697874930372e+00
3.059057910319180618e+00
1.951029299928781713e+00
3.650222725668316404e+00
3.454697444525810734e+00
2.744264027236091863e+00
2.628115351418947032e+00
5.825403341695193582e+00
6.978476136219479153e-01
2.341531426124019877e+00
1.051909753335427355e+00
4.655160148658699093e+00
3.089121487184227188e+00
6.287889212656797788e+00
1.017506724008140795e+00
3.104843327212659432e+00
2.341441081675748936e+00
3.591698695440560751e+00
2.637779055253630212e+00
6.162772326497361064e+00
9.265656211930822783e-01
2.843496440289422722e+00
1.941511539322168689e+00
3.852580290456406598e+00
2.478920622684964048e+00
2.929868875102500159e+00
1.841358359991652094e+00
3.257908063138773347e+00
3.134643738089764042e+00
2.040647365940998270e+00
2.559490949167673168e+00
5.258335469287811925e+00
2.496562130610840313e+00
3.890776149935941230e+00
4.087188086844946611e+00
1.600177979912821513e+00
2.673241886674686985e+00
5.460735356500671323e+00
2.299815119218199921e+00
3.716392144952202603e+00
3.898591397399277181e+00
1.951885924484090706e+00
2.473498442376002249e+00
2.433398067014161725e+00
1.186801872524962276e+00
2.638383535258896018e+00
1.890085335728324933e+00
1.461456641443599436e+00
3.463698723098517007e+00
5.662112865162387543e+00
9.860273374458069506e-01
2.299796213369804665e+00
1.339437403346304789e+00
1.608384928080283771e+00
3.922264328824942137e+00
2.932062690757398560e+00
1.578710563387292209e+00
3.195210288243212293e+00
2.862008628796237186e+00
1.581441463794541535e+00
2.706402949878101705e+00
2.344289415821144029e+00
8.906932029678861218e-01
2.921078754964418489e-01
5.835110807171129288e+00
2.365680184391613761e+00
3.325468366132234621e+00
6.849022232420170830e+00
1.040734870317419736e+00
1.089759505283687036e+00
1.141532968566083328e+00
2.235122318942982300e+00
2.891637512070845517e+00
5.851055249782110224e+00
1.251661984262366190e+00
5.071000646418509783e-01
1.486647348314855011e+00
5.579859802757231257e+00
3.272055448104135511e+00
6.413579205963221064e+00
8.701984455356340797e-01
4.808884583738581853e-01
9.735741985201175064e-01
5.024361042989553994e+00
2.216895280601512308e+00
6.370414194377141293e+00
1.084959355533276382e+00
5.462634563216504091e-01
1.287986517278813636e+00
5.260110049750234218e+00
2.074332997819305024e+00
3.206591024845387494e+00
1.117182222182393048e+00
9.235050958448809411e-01
2.242346986707327350e+00
2.464157364011098306e+00
2.852772244680637836e+00
5.967128425729980812e+00
1.065206044595290225e+00
1.922936370969529352e-01
4.160715390810286185e-01
5.720599293466382740e+00
3.298542859281669681e+00
6.628112533119254302e+00
6.115692209921128608e-01
4.666328773562131715e-01
9.616692935983621737e-01
4.916595987577669469e+00
2.415953776187156787e+00
6.498042425774038122e+00
8.365065372664020060e-01
3.409663472786821359e-01
6.701226490021833238e-01
5.230382356146051848e+00
2.282812077674888585e+00
3.203360537712990119e+00
1.568499327332095961e+00
1.885633817823448410e+00
2.314405181686945756e+00
2.094778242474609531e+00
2.686675306019139953e+00
5.268593153853734279e+00
1.639266756222809818e+00
1.644696623165125660e+00
2.800710284165698116e+00
1.826899984866070525e+00
2.218653477959463327e+00
5.398952992188206679e+00
1.684582155347375876e+00
1.838984911388260812e+00
2.685051130399486397e+00
2.053046536475643169e+00
2.080176956123353627e+00
2.637498333147522356e+00
1.042783451704688558e+00
1.178492846526900450e+00
9.736942673082088495e-01
1.636038397820431811e+00
4.323902973120890003e+00
5.857367662215835047e+00
1.258257823538550868e+00
1.132563364826459251e+00
4.945503592520499869e-01
1.872568566445335536e+00
4.747762098374309403e+00
3.097560656615655716e+00
9.861919913681495009e-01
1.237343221504932034e+00
1.464434258326662075e+00
1.399292425177171451e+00
3.887470155136791394e+00
2.052379627710452237e+00
1.264303529487920796e+00
1.040986352338109766e+00
3.212036975490683233e+00
2.566544975962594677e+00
2.776556644732239842e+00
5.921299623097513454e+00
8.583207501937527573e-01
5.704307237582000312e-01
2.151951716218963639e+00
4.881445557344103570e+00
3.133040448920007659e+00
6.298645611796817256e+00
7.276511010569303162e-01
7.022264202112662446e-01
2.706126085831913830e+00
4.241932517707989625e+00
2.494648788046218701e+00
6.293240600893038383e+00
6.621595241696253131e-01
6.014859895960172897e-01
2.471898051999355861e+00
4.434190023045630369e+00
2.339114069406366347e+00
3.045485621056009506e+00
1.673729741387094405e+00
1.980537333554053037e+00
2.825938792079617290e+00
2.217041246700051094e+00
2.642489799092930358e+00
5.189780547160730784e+00
1.724079915215450454e+00
1.593337440641725777e+00
3.277545962974782512e+00
1.774769948509285600e+00
2.319752307231584432e+00
5.413678300523051767e+00
1.775331633576726631e+00
1.862660780216551570e+00
3.111468256716259706e+00
2.099856812436138309e+00
2.127362451631765961e+00
2.600733335768470766e+00
1.087485905738643455e+00
1.510404483931003128e+00
2.318399839366784843e+00
1.738672136167557225e+00
3.738529872846209745e+00
5.596560690255139470e+00
1.165771311803545984e+00
1.529561246554590470e+00
2.374354717457900055e+00
2.015795742819511904e+00
4.025781884822483114e+00
2.951934721457378341e+00
1.249287171241997951e+00
1.474860329257853708e+00
2.624108955040913571e+00
1.599982284259674259e+00
3.362337543231641579e+00
2.056248107326704488e+00
1.771781738733238853e+00
1.636646076682364281e+00
3.309396721359386451e+00
3.145588059085729693e+00
2.591516802939707542e+00
5.378226260246040447e+00
2.317000008364734409e+00
1.423749168703068335e+00
3.809344990832945310e+00
3.881505718282662887e+00
2.689015079291395605e+00
5.565109947463096951e+00
2.193183442747946632e+00
1.551374877903658245e+00
3.682916184992024444e+00
3.769228016460900221e+00
2.523189692653527771e+00
2.493876263636556789e+00
1.166086392974373664e+00
1.184059444136956740e+00
2.782841781184127061e+00
2.056543221222890683e+00
3.438899943660989944e+00
5.764940437225657632e+00
1.068358194297144736e+00
1.235238025900943226e+00
2.554312911163206135e+00
1.699914583686298331e+00
3.695346831308574220e+00
2.890321199638487215e+00
1.482231392692537897e+00
1.248236936435298761e+00
3.233737148971577824e+00
2.844767074260024398e+00
2.714964802082988626e+00
2.440075334930595918e+00
2.533809724699052079e+00
2.759822591222691468e+00
3.382696244465980495e+00
3.780636779486760357e+00
3.227728048032231900e+00
4.564855763516772136e+00
2.539454285432180658e+00
2.860544414800010316e+00
3.480449081892404539e+00
3.671678055825859932e+00
3.358175903606266388e+00
2.296851365170214265e+00
2.691035811754583396e+00
2.515489812383917556e+00
3.789842255779756641e+00
4.389517115165442185e+00
2.952655675358008214e+00
2.161184528705859531e+00
2.154044657797089091e+00
2.631760153308912553e+00
3.307597374637667897e+00
2.954942577645648161e+00
3.048850962429686007e+00
1.774879555464148551e+00
1.816459289807340838e+00
1.181661230626873449e+00
6.042606481429667831e+00
2.173741343735164033e+00
3.362023006777638212e+00
6.769682612103236075e+00
1.644194243845286563e+00
7.520595673579890672e-01
6.071827919637613036e+00
2.348446117323272020e+00
3.371003605941572889e+00
6.936879990871553048e+00
1.270907365993039662e+00
2.139489897574771593e+00
1.325287568844119024e+00
2.248764881295190587e+00
2.814736510351807386e+00
5.723639666122202208e+00
2.265892926031720211e+00
4.884864017630121680e-01
1.647017513584112747e+00
5.972309285799416223e+00
3.336451803668312177e+00
6.517545003909681611e+00
1.574900300149664645e+00
6.218164328995499091e-01
1.034723853205753441e+00
5.033204216540393183e+00
2.190106256798392881e+00
6.351477086222974577e+00
1.990326929328223970e+00
1.973167890080205211e-01
1.419579677144853891e+00
5.485206290573112931e+00
2.011659389036994927e+00
3.241968150797546855e+00
1.081126157997002624e+00
2.275819505665130915e+00
5.150319090985973958e+00
2.429094551061256713e+00
3.190448631896799725e+00
6.608152936612005313e+00
1.367795565307919903e+00
3.044300745150981147e+00
1.374897175109569103e+00
2.342203112375582208e+00
2.747215422188927558e+00
5.675008235777672105e+00
2.233136594426163413e+00
1.867175096405010892e+00
1.758924333610790258e+00
5.040189474036547601e+00
3.157546838865277206e+00
6.096637994571854513e+00
1.421733259320492548e+00
2.415743986854105518e+00
9.776757183220006198e-01
4.298180033038619285e+00
2.229137262078678017e+00
6.085124371321519732e+00
1.869440582879107637e+00
2.067479397158154431e+00
1.461488029351740492e+00
4.617854914387744536e+00
2.010759295484944253e+00
3.067827918371472062e+00
1.507436925438128128e+00
3.627199803574731263e+00
3.450107752201181821e+00
2.700532799587470834e+00
2.621267563935731904e+00
5.766189402049036516e+00
1.573580541229375740e+00
2.137396485531505963e+00
7.544528241794097312e-01
4.868554370928606545e+00
3.130249779037541202e+00
6.276988781344074120e+00
6.645342850795046274e-01
2.989792171527048126e+00
2.160502795079101812e+00
3.716070534725943730e+00
2.571407691638655901e+00
6.153175542464853542e+00
1.114731581615229006e+00
2.660254815412412821e+00
1.657395518775350185e+00
4.053218636437288858e+00
2.375310564061712260e+00
2.968815832403731481e+00
2.400993049421594971e+00
3.078739822416146410e+00
3.006981891361812931e+00
2.513597244486197813e+00
2.518847836234883175e+00
4.992598673306646972e+00
2.146879855609566956e+00
3.829770380544479824e+00
4.098049828478759871e+00
1.937008807577210945e+00
2.531129165994963515e+00
5.263032276727112269e+00
2.449174224578705150e+00
3.585828476712727753e+00
3.819724177275086507e+00
2.369946028960649098e+00
2.265326555816082887e+00
2.393985638445101483e+00
2.111525993341750507e+00
2.496963631976549802e+00
1.648555325954466300e+00
1.878325398304057758e+00
3.436196216885571975e+00
5.436581646178100691e+00
2.535806848689515558e+00
2.496116482809314530e+00
1.050793870718353729e+00
2.226746087999545320e+00
4.047584897598966336e+00
2.954819398080867021e+00
1.866154957413790783e+00
2.952985947685088153e+00
2.592179157031319736e+00
1.975518343273506616e+00
2.714244648984466490e+00
2.090065464808088080e+00
1.615839796664118921e+00
2.216168647662867530e-01
5.966006697875272380e+00
2.306368834084465469e+00
3.350041803987790612e+00
6.853684270654869515e+00
1.736301862505851945e+00
1.440323165474402645e+00
1.553348507262972023e+00
2.032266112449776951e+00
2.848915392130191293e+00
5.612047727469788860e+00
2.389695750220037329e+00
7.984385973633342237e-01
1.869512933686734213e+00
5.424563455721350458e+00
3.231586396326010746e+00
6.210925661442606049e+00
1.840767960487563526e+00
7.340393043845369059e-01
1.345867114151377164e+00
4.936927027173183546e+00
2.056082557010125100e+00
6.200712623369632581e+00
2.186236733684002953e+00
8.264997431108908055e-01
1.689321884201196555e+00
5.148482959100188161e+00
1.896037143725698870e+00
3.175675843211884342e+00
1.051589415590385101e+00
1.021881447848300040e+00
2.175286496363810329e+00
2.370327286894735597e+00
2.837270688239555749e+00
5.869734387358948702e+00
1.894218404605017669e+00
2.747524104740446949e-01
4.065115949761922143e-01
5.796621112999730485e+00
3.309038489311111331e+00
6.585195408917296156e+00
1.265659410265087104e+00
4.168531506416848775e-01
7.931418535684358062e-01
5.025854813098291629e+00
2.338112376849325269e+00
6.475310077218174420e+00
1.623034979710290315e+00
3.600054613345928800e-01
4.936644007929847366e-01
5.354148722525660098e+00
2.185669677862133398e+00
3.226580949692075873e+00
2.601685941978308048e+00
2.533399731891355255e+00
2.441808592221600183e+00
2.908245097988595429e+00
2.572106432276158205e+00
4.862973516240203686e+00
2.422554301703982560e+00
2.260139305211811500e+00
2.870129814596329876e+00
2.576053149853701374e+00
1.883326324860133516e+00
4.964812082231022217e+00
2.558775672386568889e+00
2.424028768989046512e+00
2.740041575246294769e+00
2.775780363819361440e+00
1.749864979562672618e+00
2.531802280030895247e+00
2.540274548924413178e+00
1.775699077815013682e+00
1.223415963278410290e+00
2.291548207859454234e+00
3.821085848600053847e+00
5.434468083430812335e+00
2.774745803501955432e+00
1.673706136006964273e+00
9.322010618126128634e-01
2.481864154779671594e+00
4.304971092621609152e+00
3.005132570220700128e+00
2.285799682374367592e+00
1.802923842042180924e+00
1.533102201800033981e+00
2.064222003841082564e+00
3.476861572891616792e+00
1.754966896544573274e+00
1.158173540972666560e+00
1.050274608624873096e+00
3.128431630656725915e+00
2.470303571890913208e+00
2.762139059285221077e+00
5.825737753511770478e+00
1.804071887733281754e+00
7.153743002934985773e-01
2.002738052785653533e+00
4.928854645265904999e+00
3.139805941796623756e+00
6.211758570615406150e+00
1.056826643431515889e+00
6.494962335388526631e-01
2.580009148001437325e+00
4.316501126211875317e+00
2.399507939617324670e+00
6.238256820630673438e+00
1.452870994315977216e+00
7.298964454801252222e-01
2.313631133642598314e+00
4.515238522736813032e+00
2.214734654232150213e+00
3.059816750086862047e+00
2.795826461808763153e+00
2.711963321335683741e+00
3.451042089846996674e+00
3.144557225980842308e+00
2.538509898459714531e+00
4.837361438296854388e+00
2.500344709013641253e+00
2.315122527695695709e+00
3.016676538566116506e+00
2.647607329997595738e+00
1.877543451607702529e+00
4.920713037576756932e+00
2.676809146103413806e+00
2.529563863834209503e+00
3.218528619401194835e+00
2.913018385819898359e+00
1.694793777044284688e+00
2.511546645363830432e+00
2.785909766937874732e+00
2.226025176015249851e+00
3.035378221728451731e+00
2.653980433790967819e+00
3.247022322469172995e+00
5.138770723186905975e+00
3.001513411630833961e+00
2.155148332138877354e+00
3.000928035742759903e+00
2.832184705905179900e+00
3.638886770695748396e+00
2.871018645551532078e+00
2.460890118116369596e+00
2.146052176418987045e+00
2.917732146396647241e+00
2.401708578321299026e+00
2.751734288851864108e+00
1.639431758624827928e+00
2.175966996528372110e+00
1.958137457578336793e+00
3.217557357693438647e+00
3.131275443627169697e+00
2.537314603498673549e+00
5.157801657608125367e+00
1.900843090779175126e+00
1.491860783341393271e+00
3.784076359778052900e+00
3.926749136207623447e+00
2.592984694983881955e+00
5.412748118158305033e+00
2.203732884641755874e+00
1.832273019184167184e+00
3.624941216650964915e+00
3.787599630458748035e+00
2.380988638723094297e+00
2.435710281165615054e+00
1.631475181773401006e+00
1.456649466711355201e+00
2.648061690047569527e+00
1.953431371244657155e+00
3.348487201009641812e+00
5.586807666673461625e+00
1.955725547161162980e+00
1.505175073487883708e+00
2.382386121449619143e+00
1.539412804144106417e+00
3.662876549348505595e+00
2.879854693174265012e+00
1.652361284411360431e+00
1.510290862926061850e+00
3.123300874830544416e+00
2.768805049228892923e+00
2.710934173990205753e+00
2.282623309680510193e+00
4.708724575517387656e+00
4.188966087872085353e+00
4.959402092701087561e+00
4.412666917679914036e+00
5.098323274853619580e+00
4.341484535155729851e+00
4.307175466316460977e+00
3.872028860910868620e+00
4.609132945513491286e+00
4.030885670895732353e+00
4.675410383633696654e+00
2.117353603970522968e+00
4.221575677977072338e+00
3.653480619504820393e+00
4.304223483371584891e+00
4.241792054429126324e+00
4.410940028424334081e+00
1.416068955981309330e+00
4.218584825176018960e+00
3.859177738306083683e+00
4.626760777677580982e+00
3.884430612407541616e+00
4.653876140342744883e+00
8.900594323269311881e-01
2.054770381757549558e+00
1.424300659131318980e+00
6.354616866529663177e+00
2.178501741072104370e+00
3.412759605822075937e+00
6.915679608704068393e+00
1.690039505751890658e+00
1.028063182535627673e+00
1.363625290458118089e+00
2.070151205434973996e+00
2.910637275816899461e+00
5.755715931168167820e+00
2.679910135930119619e+00
1.904316440256356602e+00
2.026333930972516129e+00
6.441895452559923463e+00
3.421539810846004226e+00
6.576710837612854910e+00
2.042009835983238819e+00
1.219425741854478273e+00
1.487522896673270312e+00
5.426795041284610654e+00
1.982930955959603558e+00
6.350918054987563899e+00
2.458356911402200584e+00
1.542147259638009471e+00
1.850055473331026379e+00
6.025760133628243587e+00
1.804919903062703668e+00
3.345243021094641112e+00
1.050466075621846018e+00
1.142811100504095068e+00
2.163294026244022117e+00
2.366407161057113129e+00
2.839113798198883654e+00
5.869725995085342873e+00
2.719223239732665665e+00
1.983818904202735212e+00
1.212588613800832604e+00
6.861252618928939562e+00
3.498565801719264012e+00
6.928050154519361570e+00
1.496839582781002376e+00
9.009004879691934198e-01
5.917052208440551908e-01
5.325918725011959509e+00
2.243811375852254653e+00
6.519524136651927648e+00
2.013859624862467168e+00
1.383119948033709079e+00
6.251890695511855833e-01
6.122085253909162361e+00
2.056503990758601130e+00
3.367923853337273954e+00
2.176506296887559699e+00
1.455177168524848241e+00
1.928600161718748041e+00
2.162978988578565520e+00
2.747885899403070820e+00
5.251700587930163699e+00
1.953611771163383137e+00
1.681154339902012795e+00
2.685509221902738997e+00
2.042799267595628354e+00
2.085519842207836483e+00
5.277911499958076291e+00
2.010243480847153652e+00
1.645711450982392021e+00
2.450611935770188321e+00
2.179280658860028641e+00
1.942452853683368508e+00
2.653433821908933510e+00
2.636246691992596425e+00
1.518370120374830323e+00
2.787499167678859635e-01
2.166459830881413584e+00
5.270918736463907628e+00
6.042388864862647146e+00
3.211141348174791688e+00
2.302486867473959364e+00
1.552593132819827249e+00
2.580576064667325031e+00
6.700247605625729186e+00
3.464536140057010272e+00
2.289508498542135673e+00
1.261488673460604559e+00
5.570087907450016473e-01
1.920374953302803389e+00
4.650898664670630289e+00
1.797625142165039991e+00
1.212224937767452104e+00
1.343471642645023278e+00
3.170346892138438122e+00
2.477291704167412956e+00
2.743108908159382242e+00
5.797472185564867431e+00
2.059839787178042059e+00
1.245330466944164272e+00
1.643244948035054165e+00
5.552031699853041680e+00
3.265676799489734439e+00
6.402197972048450758e+00
1.202354448167724854e+00
6.614159906227760066e-01
2.466730027387805446e+00
4.425192577439593045e+00
2.330515809087039258e+00
6.220240953336930723e+00
1.677850425655899924e+00
9.403675734227761041e-01
2.064450808980346608e+00
4.930129150657691639e+00
2.135187466628708286e+00
3.141914793384598337e+00
2.232455686938479289e+00
1.571290625849596667e+00
2.835211153138379014e+00
2.343440148343825857e+00
2.702419523339236296e+00
5.142583793304814854e+00
2.013926619974682808e+00
1.792934674754199875e+00
3.167920925278139066e+00
2.053610847144668128e+00
2.168281276550315884e+00
5.256886171052475909e+00
2.130105164456990163e+00
1.756090176418190651e+00
2.918749209595729255e+00
2.272925386868398956e+00
1.963616247286904981e+00
2.605420438335888544e+00
2.666035174110663153e+00
1.435884928151374140e+00
2.410669773308654840e+00
2.351512573572441145e+00
4.490300529526535911e+00
5.666457134626967651e+00
3.149394578836729242e+00
1.798093200055297158e+00
2.318655543348594250e+00
2.727398009760323649e+00
5.343433437969778765e+00
3.209974116270436273e+00
2.353507170030217477e+00
1.155810874663750099e+00
2.405063335186893081e+00
2.027374988587453686e+00
3.956879369434811000e+00
1.762741944562756125e+00
2.004026306313299699e+00
1.839077938060436734e+00
3.286183680009808317e+00
3.167748646373832688e+00
2.569839711698918006e+00
5.279844403023646215e+00
2.254719594564884577e+00
2.726755256013073225e+00
4.011159014348576690e+00
4.341691918467636135e+00
2.697344448036228304e+00
5.386988331945635089e+00
2.191611038737217854e+00
2.511677947816546297e+00
3.837419090166673374e+00
4.130805309004206727e+00
2.516742864474232011e+00
2.382543485020251151e+00
1.669447737481045690e+00
9.930485855119476346e-01
2.448464880826387802e+00
1.508733067821732332e+00
3.860870075928057421e+00
5.791806038065723250e+00
2.209612065265557757e+00
1.225805318647385178e+00
1.935341173468233533e+00
4.428091605061865721e-01
4.864449385841965068e+00
3.120300915623021698e+00
1.608478203983999322e+00
1.583213726607145988e+00
3.204899126094628681e+00
2.876967296013200670e+00
2.705421876025984940e+00
2.350507954706906766e+00
3.173689700015019266e+00
2.487305142790499080e+00
3.443360859541201080e+00
3.590677736104510132e+00
3.301857240477145350e+00
4.554578147919406739e+00
3.148898130823019503e+00
2.395322404178903408e+00
3.519982966144412639e+00
3.303487083422396609e+00
3.354842187142661913e+00
2.368691708177416810e+00
3.235390259372773247e+00
3.041198293909966655e+00
3.976146198452263025e+00
4.772580427835943162e+00
3.093212584497186501e+00
2.204761595860476486e+00
2.978772787638571007e+00
1.426286819998897615e+00
3.133227235409863365e+00
1.730219428997301634e+00
2.857926828134173203e+00
3.312239319371589996e+00
1.383675853901406017e+00
9.898495122854242823e-01
1.055343592470431302e+00
2.218788872194613848e+00
2.916481403984400700e+00
5.884563445999037690e+00
2.242853205964346675e+00
1.520346017051442233e+00
3.314061558010159558e-01
6.142248323598877846e+00
3.365936580323189986e+00
6.609036675097435420e+00
1.661347790908692446e+00
9.885722690863000262e-01
4.038868412630727822e-01
5.325051419076729076e+00
2.163506833070415691e+00
6.450918729781006000e+00
2.010771744154032259e+00
1.241782062267728692e+00
3.817445273118102445e-01
5.740724313594593120e+00
2.015087241240117510e+00
3.290939760052869811e+00
2.720922682943687221e+00
1.545353573347597376e+00
2.322476134422128080e+00
2.623579547937827439e+00
2.727364063523767257e+00
5.063846467176519539e+00
2.243071828753921526e+00
1.651564023273119686e+00
2.180976737903024709e+00
2.454478163756444786e+00
1.734528913597577215e+00
5.073996936409714387e+00
2.472431592013104140e+00
1.613165256576169382e+00
2.260003352436399382e+00
2.550876553369139543e+00
1.621865131015945982e+00
2.695403524499798920e+00
2.836914842617424881e+00
1.547170011400804013e+00
1.570212552416622387e+00
2.538739774263316207e+00
4.588551789850138896e+00
5.638636991232959694e+00
3.143174910129710842e+00
1.776366874433749077e+00
1.393283592175841745e+00
2.742129716191190170e+00
5.205350269958373133e+00
3.183116271302077305e+00
2.674030158669317814e+00
1.401028148171000964e+00
1.611218291895275767e+00
2.369743311478097691e+00
4.289577614964329655e+00
1.595709377843014698e+00
1.808681329544046035e+00
1.446037369874457967e+00
1.751813895844936297e+00
2.142920894945357535e+00
2.733179269650918730e+00
5.375580362923642497e+00
1.730179436416994010e+00
1.606551393535234240e+00
1.595413157575325203e+00
2.771243420569116100e+00
2.237359354572944437e+00
5.435334807445218352e+00
1.854073118125413089e+00
1.614597804625193644e+00
1.749514270674152217e+00
2.601947877419869659e+00
2.107580685800144682e+00
2.665058129405498022e+00
2.129533861826833796e+00
1.193778183075945520e+00
9.159420857005228234e-01
4.249037323102176633e-01
4.936304997692086083e+00
6.085082427688425888e+00
2.511736679879817302e+00
1.513973212762320886e+00
6.861861320963177358e-01
4.392454147593838343e-01
5.756554719965369493e+00
3.294067652121983603e+00
1.825182363655116546e+00
9.346304405496255185e-01
1.048773873918823485e+00
1.050728262776852828e+00
4.344186950015796356e+00
2.031998972896107869e+00
3.704512595644113393e+00
2.568265400461994030e+00
3.441892875857616385e+00
3.392735044407478195e+00
4.100073964028342566e+00
4.604801564319812357e+00
3.478864784907926833e+00
2.384564151605561566e+00
3.292446747129323725e+00
3.149088369094390938e+00
3.896584071597045895e+00
2.391125799099169669e+00
3.560198892898193801e+00
2.578858298341295097e+00
3.247278802917796359e+00
3.345155117395506750e+00
3.846771073283881126e+00
1.403683682991667903e+00
3.324666954344607461e+00
1.609123475888634802e+00
2.691640156201460243e+00
2.094993043599558291e+00
3.300520510678946806e+00
2.757034284922596612e+00
1.898808082296416844e+00
1.575863229967739754e+00
1.858859680707507067e+00
2.791396116091805268e+00
2.678269983671131005e+00
5.283963234703642264e+00
1.786614951867174339e+00
1.727820705281104097e+00
1.569376490902310906e+00
3.302174018195769278e+00
2.341108649816667775e+00
5.427618650848454074e+00
1.950137192326292679e+00
1.742513165224539362e+00
1.788208917793308261e+00
3.122213847468650272e+00
2.164605868668303401e+00
2.615184756076978090e+00
2.105226487625342369e+00
1.063150244600469252e+00
1.318852316575259254e+00
2.162364487300217686e+00
4.173835882972426248e+00
5.761695446336564608e+00
2.399267327170692798e+00
1.329001422027343837e+00
1.248495467534731063e+00
2.167353290895308593e+00
4.688494586071253245e+00
3.084531812912980175e+00
1.715329687378066126e+00
1.104519261923418982e+00
1.349478203143982258e+00
2.500956633087003667e+00
3.651788734928985036e+00
2.050226970312678088e+00
3.864352519001885700e+00
2.558453026152039289e+00
3.664276518877187083e+00
4.472319226828726180e+00
4.373523967179216321e+00
4.656613981214737130e+00
3.557756944489526063e+00
2.338502364276469958e+00
3.447475130662148501e+00
4.252454899230643015e+00
4.079331364474438892e+00
2.424199612779183166e+00
3.630450669141209286e+00
2.529332294973414719e+00
3.374572413722206843e+00
4.121159750753984774e+00
4.012123302804913472e+00
1.227198180374511338e+00
3.744689659330582288e+00
1.774571091021281743e+00
3.018045560656068549e+00
3.897405191467874008e+00
3.782935009766349221e+00
2.754496356483296271e+00
2.964441663872953825e+00
2.468044726241404252e+00
2.564263172609950736e+00
3.466520097837341385e+00
3.831291940147816266e+00
4.690549490473945760e+00
3.047183337079538035e+00
2.460544129662653123e+00
2.679155210971080781e+00
3.353914165169365358e+00
3.694355323254939094e+00
2.319547031444621599e+00
2.995510706620164054e+00
2.968106197510337552e+00
2.406829382368539605e+00
3.975378053263286748e+00
4.677014794412031051e+00
2.297398252474426972e+00
2.436545764496128808e+00
1.880477344761748215e+00
2.333743400504442622e+00
3.026688717872979328e+00
2.619190169323649453e+00
2.250680925595906157e+00
5.352158046981411843e+00
3.548496987878820619e+00
4.779928864347093409e+00
5.692061789212677247e+00
4.901814509635433303e+00
5.908844121842414587e+00
