8.279194725066622018e-01
5.671225917664695082e+00
2.347096242910994501e+00
3.291956927061725935e+00
6.758946848743903502e+00
9.207609661528408651e-01
5.574771925429108599e+00
2.468863196781609926e+00
3.276556670214480160e+00
6.829061400753139388e+00
2.092313735939721031e+00
8.996668151920618195e-01
2.427021341447662905e+00
2.868647220266564712e+00
5.984076791599419742e+00
4.213340751707311260e-01
1.103782770033577831e+00
5.469418260560217959e+00
3.248713301716959823e+00
6.501930905545425077e+00
9.552699855399424678e-01
5.923297618621722327e-01
4.872716102945787497e+00
2.385782182306084742e+00
6.452282948319235878e+00
6.444447032635522987e-01
8.828738009620037408e-01
5.103678868764490062e+00
2.254628125009448425e+00
3.177880013049268371e+00
2.481210641235188863e+00
4.929926929237079314e+00
2.541676604528176675e+00
3.149002682705370315e+00
6.617533437047607769e+00
3.105810206836176590e+00
9.227641288546640785e-01
2.522050732391118100e+00
2.813339724644792650e+00
5.943733388434794485e+00
2.140774746123543792e+00
1.099593175711773396e+00
4.819596270939224603e+00
3.120312047201020622e+00
6.243200184170291323e+00
2.636955607621236819e+00
4.523021760712211403e-01
4.311331375557922563e+00
2.453577911162030833e+00
6.284583936671546134e+00
2.415091029510145315e+00
8.123226278671253908e-01
4.467959220968377387e+00
2.296379321365513704e+00
3.051503927326964405e+00
3.466284060359193564e+00
3.060475310767112322e+00
2.721166340540887685e+00
2.724468484148975467e+00
5.967140309674374699e+00
2.429193038216528322e+00
1.179932659593111000e+00
4.589371279959668648e+00
3.077085625646901690e+00
6.311445760951944095e+00
2.989441537251817937e+00
2.080823516779995774e+00
3.901653049484532065e+00
2.642234794120564167e+00
6.280014117744521229e+00
2.785251429518725619e+00
1.786669015714200670e+00
4.065302774385277651e+00
2.504038275656141455e+00
2.974133489068988112e+00
3.146149439999514907e+00
2.841963272214400149e+00
1.760065452508552397e+00
2.652932055831259017e+00
5.435575269493381434e+00
3.646836706091580727e+00
3.560719152051689207e+00
1.345091399219845441e+00
2.640244311736770211e+00
5.631960961241908592e+00
3.495154363983671075e+00
3.405677482833345149e+00
1.656255803986759645e+00
2.463946988711076980e+00
2.554886052297567378e+00
2.644483761299737612e+00
1.809730696122618498e+00
1.229553727336658797e+00
3.648670590331278163e+00
5.801802602490483629e+00
2.424415019426911844e+00
1.484710560756572706e+00
1.368172742704182099e+00
3.879233717228634415e+00
2.927836876429645852e+00
3.027557475217340865e+00
2.458674781793428910e+00
1.248808231570295080e+00
3.122735064722476750e+00
2.374983612602202587e+00
3.542790864221583291e-01
5.638834354289746109e+00
2.426833129569339942e+00
3.287943359057388104e+00
6.818230413838882953e+00
9.196842284028695635e-01
9.394176521361169430e-01
2.307534756275797960e+00
2.925633720333726817e+00
5.972069134174538441e+00
4.957086713703612868e-01
1.255288528026556660e+00
5.329282940967194016e+00
3.221032931242760355e+00
6.394302628668364186e+00
4.266452625080141559e-01
7.724128192202215359e-01
4.973678952954045940e+00
2.304249642481111415e+00
6.424151082123045420e+00
4.937714135465090526e-01
1.062415521737619883e+00
5.107383740382791082e+00
2.176643245227853019e+00
3.177666373446243142e+00
8.649288614747950854e-01
2.092008994006926859e+00
2.495501758913295731e+00
2.898247814160089586e+00
6.078442143516713969e+00
2.780258314550945187e-01
5.935460993972393462e-01
5.407954502826356702e+00
3.238089250145053111e+00
6.562390113882590192e+00
4.843624050652041713e-01
1.037283918439522834e+00
4.892471795478390284e+00
2.466587321876176908e+00
6.534106023766194760e+00
4.051763197943666905e-01
8.064100168528275381e-01
5.070188010212059559e+00
2.350453662745461525e+00
3.172789895632165180e+00
1.627579282391100834e+00
2.166621774514870591e+00
1.792949340306484229e+00
2.746832966167326529e+00
5.452552971803373616e+00
1.368748314065402427e+00
2.568128244260554194e+00
1.498723546521682382e+00
2.296842439770964361e+00
5.599203134066016219e+00
1.567505600375946884e+00
2.478548391733819134e+00
1.735220700583064657e+00
2.164633727087014847e+00
2.712819607754894946e+00
1.029269581347535878e+00
1.076223402238715154e+00
1.383753519314459224e+00
4.334000351386213090e+00
5.952648232175307363e+00
1.064082246884964889e+00
7.957144195050034341e-01
1.606167633280235263e+00
4.541477493636908669e+00
3.061810487498497935e+00
1.034480058952433668e+00
1.446061861553668448e+00
1.155543024857371703e+00
4.030166581640742152e+00
2.157719797361344671e+00
9.694240378659136903e-01
3.131691623497253385e+00
2.584745670995326261e+00
2.831320230921905434e+00
6.036330499397998928e+00
5.148976204169161131e-01
2.265081846712244218e+00
4.789851026605329132e+00
3.115721714235197393e+00
6.324354469099858989e+00
6.721708982926480891e-01
2.702745533283195556e+00
4.356438866389747311e+00
2.535627431871562809e+00
6.372935931096550100e+00
6.029281549425705711e-01
2.518691263277049952e+00
4.467514884746198511e+00
2.398426988056948428e+00
3.053401323554783886e+00
1.727215625463675464e+00
2.822777762652776357e+00
1.904251939129929072e+00
2.705145196413369479e+00
5.377167267953313790e+00
1.341776190133155966e+00
3.204585513177319545e+00
1.464408479515046935e+00
2.389189272242182582e+00
5.605218955410578019e+00
1.605467364524781004e+00
3.061152700361942980e+00
1.776063988697070384e+00
2.213746620957635525e+00
2.673192149499731940e+00
1.279702732456448944e+00
2.402191110584585232e+00
1.444661215592337955e+00
3.851636866351545674e+00
5.746949116348672781e+00
1.363230962628999121e+00
2.226912498027683540e+00
1.700914561354430532e+00
3.995456176088173716e+00
2.949993405832620486e+00
1.223759299811422396e+00
2.649997196538264266e+00
1.306975272576295311e+00
3.578815597301139295e+00
2.173380361274920514e+00
1.422341316707937509e+00
3.190725671042465184e+00
2.845940196403210276e+00
2.672633414737739077e+00
5.548969612399301532e+00
1.285868479988842905e+00
3.608486690674766795e+00
3.435754129829533099e+00
2.674588369380879183e+00
5.731100160067010840e+00
1.332800646129567168e+00
3.491118375038779309e+00
3.332734019557103355e+00
2.523489276052393482e+00
2.595257677433238985e+00
9.938513798776392738e-01
2.738093773145408694e+00
1.899197164481198685e+00
3.688816667029380714e+00
5.909841926770016407e+00
1.080035338684516732e+00
2.566402898507173180e+00
1.647686549715691173e+00
3.834075304564654285e+00
2.920357301910224024e+00
9.992681771913041189e-01
3.070881842697787079e+00
2.457433350946610862e+00
3.234447142557096644e+00
2.464106069873907678e+00
2.362675733388384103e+00
3.273578320774503947e+00
3.410000640936795779e+00
2.720739453652412099e+00
4.858054228984066469e+00
2.507375114495780544e+00
3.184519816846071105e+00
3.331335192059460493e+00
2.889025637329881047e+00
2.412212820237059407e+00
2.166187158994869133e+00
3.587474992467493351e+00
3.869942263778701541e+00
2.497743887366509430e+00
2.220402273196586673e+00
2.212932921392963603e+00
2.900418593911460174e+00
2.591444887691049193e+00
2.497549503283573724e+00
2.702398683913907806e+00
8.837570705197043130e-01
5.783824412062235076e+00
2.342363196402460712e+00
3.314385683643410463e+00
6.804510572256714518e+00
9.285800108414292708e-01
9.280310065813589526e-01
2.291943250657544784e+00
2.938016637375878037e+00
5.982403171489134586e+00
1.237756216251393537e+00
1.384729167768027791e+00
5.748831960410645259e+00
3.296999337787222206e+00
6.517782365699448910e+00
8.703264347749914975e-01
9.248918001384467402e-01
5.133364303458951561e+00
2.235939704451605170e+00
6.431951436826605750e+00
1.078287743036167257e+00
1.201377775538318815e+00
5.419161584174474910e+00
2.109304930374063858e+00
3.239968245999182983e+00
1.037948210685681660e+00
2.122558167444817290e+00
2.474455757933335942e+00
2.884865211023047937e+00
6.035504531450102128e+00
1.071338088904532526e+00
4.426099891247427531e-01
5.770713747314843545e+00
3.308477646091843472e+00
6.652989566071027205e+00
6.361555711661388557e-01
9.108087842463797879e-01
4.946845504556184103e+00
2.401682764998096964e+00
6.497517775984190003e+00
8.526901438316040194e-01
6.569478128374276471e-01
5.295817571598050222e+00
2.281127266239005635e+00
3.216330550162211921e+00
1.264274278363188841e+00
1.987988294665948841e+00
1.574259992410668163e+00
2.811542737681062665e+00
5.589267383746343576e+00
1.410923509227186345e+00
2.566936925976373463e+00
1.428950439425591412e+00
2.330948640406623529e+00
5.644477927081983815e+00
1.407964795394571977e+00
2.406500674301549569e+00
1.583692416713232687e+00
2.213197814509932471e+00
2.743359649646348597e+00
1.037270810864184822e+00
6.648779523157534177e-01
1.412980135216552524e+00
4.793540596227193085e+00
6.120237602141563649e+00
1.267001616151710808e+00
1.321821453324834861e-01
1.659103766933152313e+00
5.259085576960866426e+00
3.203398265234734144e+00
8.164368899257112844e-01
1.162443284293388501e+00
1.180301860533694791e+00
4.342098259381543812e+00
2.140580559007334127e+00
1.196305274835777199e+00
3.160303014036873748e+00
2.566841515086519809e+00
2.804217396520160221e+00
5.973238030882392913e+00
8.648768187649776840e-01
2.116059138258721273e+00
5.013388716312742410e+00
3.159509815078264783e+00
6.367944938682037481e+00
6.907470429664902545e-01
2.660493344261590121e+00
4.318216207459144584e+00
2.479406540596792663e+00
6.310350542466767187e+00
6.210686967538675551e-01
2.427667043603778385e+00
4.560454596664797577e+00
2.345438363145020855e+00
3.071032018087381577e+00
1.394005327617174883e+00
2.803228290599291128e+00
1.691148223987016364e+00
2.751293220887871538e+00
5.506901761174616716e+00
1.529520596557842227e+00
3.259781385583259361e+00
1.414814370675703259e+00
2.431436882715703351e+00
5.627688318775227572e+00
1.540577504354800453e+00
3.096859404894873879e+00
1.638041374520067706e+00
2.278468072545329459e+00
2.687926862414241835e+00
9.048960337354449157e-01
2.256568530283516338e+00
1.423819594593360049e+00
4.215916253632016719e+00
5.892842396307457875e+00
1.124736904704285223e+00
2.000974708842453875e+00
1.692332030269891874e+00
4.558170745400171420e+00
3.061716707435630180e+00
1.011255064742471177e+00
2.572246656857514413e+00
1.177116563816312578e+00
3.786124147581143351e+00
2.179095361592211511e+00
1.577272166764390304e+00
3.235140813446246710e+00
2.907735516756152716e+00
2.663867787207261362e+00
5.567427176586342341e+00
2.138579809244239183e+00
3.724217555569083515e+00
3.677583222868392454e+00
2.696077960757624847e+00
5.661895450332358415e+00
1.990371210512904554e+00
3.597589871384418547e+00
3.531007941773808056e+00
2.563835483928496917e+00
2.561064946048457802e+00
9.846386630747332447e-01
2.682799772341220912e+00
1.793093729586630047e+00
3.796836130743514559e+00
5.941058626515786756e+00
8.422219247447628732e-01
2.428346825520689034e+00
1.376359471696768422e+00
4.129989526389053367e+00
2.980999366256052330e+00
1.289294242461250350e+00
3.116187117750966351e+00
2.555434741439805979e+00
3.123581963774398673e+00
2.466186219171781602e+00
2.044704791788319653e+00
3.347064667694930495e+00
3.392891256540702560e+00
2.334582049496005229e+00
5.080576901553777169e+00
2.037413317520815781e+00
3.225217609859186485e+00
3.227329272195021304e+00
2.465795543994083516e+00
2.485818828154199966e+00
2.451226528209502931e+00
3.764241015500120469e+00
4.081257928224900411e+00
2.222190200215931721e+00
2.403989773969981147e+00
1.478458495104282067e+00
2.687521699675879727e+00
2.172182980308633660e+00
1.986923843656192901e+00
2.741824714512409056e+00
8.887566470311559774e-01
7.785547781489015051e-01
2.376184341609406836e+00
2.947994747430559670e+00
6.072402993114877745e+00
1.091624850806789171e+00
2.794808936785120324e-01
5.633324277309465167e+00
3.282875212888029637e+00
6.564487462028769649e+00
7.484468663863571569e-01
3.928529492806169254e-01
5.099586658296071384e+00
2.334908352562016010e+00
6.503245106655374919e+00
9.274915788652743354e-01
3.196612425265452084e-01
5.334468505233644464e+00
2.223048792767390314e+00
3.223178037616399649e+00
1.222451358624250473e+00
1.589060828946155413e+00
1.717901693763871807e+00
2.834758707259040111e+00
5.520999532224514894e+00
1.295324328596978658e+00
1.401706008002028270e+00
1.527326276257535254e+00
2.159433669638163078e+00
5.610055942047988076e+00
1.306204560355939348e+00
1.540034756305593389e+00
1.688956406192241078e+00
2.043285806547089134e+00
2.796209450157716603e+00
1.130577820173221282e+00
1.010925449693711897e+00
1.639500894351787252e+00
4.700301810029434257e+00
6.000970218252830612e+00
1.300090323236637202e+00
9.953495983928141166e-01
1.848438668970593168e+00
4.994470459980576038e+00
3.145897300438962763e+00
9.665174150394714170e-01
1.028647379716809640e+00
1.453015796644988145e+00
4.423803295447432227e+00
2.018211291075298952e+00
1.222598310595159887e+00
1.303357650582482208e+00
2.056625097812329273e+00
2.815262585501924431e+00
5.683752323002124740e+00
1.352476753265517972e+00
1.162842728962505845e+00
2.568746264706481153e+00
2.410773979550075108e+00
5.749602599078958320e+00
1.360317143920738658e+00
1.292885371138755346e+00
2.446751781978804274e+00
2.303595659300469389e+00
2.757887639620340892e+00
8.794817673697808980e-01
7.192928330094338074e-01
8.594781502319696065e-01
4.709727142850145931e+00
6.186731423169867128e+00
1.069730157475540011e+00
6.848812098606723575e-01
4.558796628347276392e-01
5.057774486137233794e+00
3.163214442221939038e+00
7.374243358062813058e-01
7.784890490530749219e-01
1.312334507586517818e+00
4.298737784960849240e+00
2.255432297202453196e+00
1.840356837326292405e+00
2.193410065662067865e+00
2.668487233440278938e+00
2.487280254518893230e+00
5.028203778821723979e+00
1.819822326768646858e+00
2.265563441817734613e+00
2.536081579810655739e+00
2.568377757885542678e+00
2.595859292966631759e+00
1.936437882653289533e+00
2.129174218248126138e+00
3.000366898093654644e+00
2.416743927216455035e+00
2.001696944917642718e+00
1.174681283152366973e+00
1.734082488004722977e+00
1.424189783727214831e+00
2.036800475487557716e+00
3.609465026471534888e+00
1.359524560903655699e+00
1.382398993381058760e+00
2.899323709465816634e+00
2.762658166172304419e+00
5.606397482776761088e+00
1.461107421982051902e+00
1.148108721678802624e+00
3.292756080914045924e+00
2.506412474296840998e+00
5.731233096258819160e+00
1.495504800048128802e+00
1.335682747420158023e+00
3.161967253980540349e+00
2.372092271905267058e+00
2.698465115819046911e+00
8.301170432161294466e-01
9.576079403813082536e-01
2.415795000689529903e+00
4.155399783745323816e+00
5.980037658903293085e+00
9.142982516566912077e-01
9.916812278666036207e-01
2.208047624562927691e+00
4.391956717560361767e+00
3.032545070275014520e+00
9.993626784509004324e-01
9.648845496443628766e-01
2.703705631341792426e+00
3.764076002680047051e+00
2.303592351054674747e+00
1.902970448408353832e+00
2.256076490731516060e+00
2.938552651100878155e+00
2.568338389610116845e+00
4.978444459443248427e+00
1.874513609233593003e+00
2.344214638121382865e+00
3.040065360888527746e+00
2.671448044729408000e+00
2.567171486337809672e+00
1.987502678385126842e+00
2.132027955645829920e+00
3.174900993965090734e+00
2.425896204733172024e+00
2.038860279968862432e+00
1.377116887072415752e+00
1.965009495395443340e+00
2.747356580514043856e+00
2.171372392866350420e+00
3.231566406584500672e+00
1.975254778760257013e+00
1.871757697290037159e+00
3.400307039669249409e+00
3.408430368854519887e+00
5.196778098287238912e+00
1.994752316818460658e+00
2.006023373549256306e+00
3.307185078812381107e+00
3.307296374324560251e+00
2.497852698712311525e+00
2.365305593241203042e+00
1.775870202204914428e+00
3.743131961815151953e+00
3.975158301701606778e+00
2.458978971098378263e+00
1.497225464761281044e+00
1.651738602337738060e+00
2.861488379633813306e+00
2.389961712197589350e+00
2.731977902772328548e+00
2.739814208817750174e+00
3.092571427699776887e+00
3.710183222690927263e+00
3.892437323922521841e+00
3.667072424432189504e+00
1.595387328519024095e+00
5.915500726257903352e+00
2.285078022997875102e+00
3.339318678807643437e+00
6.811507447637533907e+00
1.496391230626623381e+00
1.139282579840195098e+00
2.168305158876488115e+00
2.929483641379125647e+00
5.868812335083873677e+00
2.244296488075548268e+00
1.658163060356239837e+00
5.756328050692895992e+00
3.295260515813568158e+00
6.424022308785481528e+00
1.725563617837548636e+00
1.178634528870951215e+00
5.170557219948520356e+00
2.124415775930021510e+00
6.353614388579636341e+00
2.040919727886993940e+00
1.480926994734334867e+00
5.459481784519884862e+00
1.985198811797006080e+00
3.242309788347425670e+00
9.717410866149217563e-01
2.029797116210843910e+00
2.404137660577595703e+00
2.878300069167673225e+00
5.981083146045373944e+00
1.867719237002991806e+00
4.904370060759504213e-01
5.898698712774456787e+00
3.330390727371695281e+00
6.643771834951874844e+00
1.282327470134596581e+00
7.752407941718905127e-01
5.084711849982956444e+00
2.332922495994003587e+00
6.495329388819906846e+00
1.607658493333993022e+00
4.959488103051583607e-01
5.462970475846996798e+00
2.197839271452434851e+00
3.248215111349662010e+00
1.947637501123997028e+00
1.922044276670751062e+00
1.902268602921649121e+00
2.781176273025480317e+00
5.400225355326855770e+00
1.653164074303845155e+00
2.499178599769090514e+00
1.729791988539986392e+00
2.173455417319163363e+00
5.470018212504252908e+00
1.744066130457990083e+00
2.315570799653187350e+00
1.891235439089532067e+00
2.041437714759327893e+00
2.712536311992021165e+00
2.207414910585633550e+00
5.343564990879249299e-01
1.772546434593212039e+00
4.754408574566606482e+00
5.974056791921706910e+00
2.504291029721220863e+00
1.719322715543233071e-01
2.019657500606406586e+00
5.253235620994654020e+00
3.197373479752215530e+00
1.941227873199385501e+00
9.936267433997869603e-01
1.552401836521455580e+00
4.342873306161479263e+00
1.974078573874969100e+00
1.021566022450952405e+00
3.083165289632988859e+00
2.495917528230867877e+00
2.811031742124223243e+00
5.917466832317489711e+00
1.733484312925350990e+00
1.966212530812565973e+00
5.127889716953073496e+00
3.180752242122745432e+00
6.330795873328270318e+00
1.053440521183955925e+00
2.537307391981156623e+00
4.428449400845281048e+00
2.401345298024702313e+00
6.284959421282518832e+00
1.387489525723698991e+00
2.271561385767824959e+00
4.699780841895830008e+00
2.246995404854589484e+00
3.097328568496488632e+00
1.951883669451738967e+00
2.632749577747954817e+00
2.053981361880568013e+00
2.731807882632995899e+00
5.302838874534454128e+00
1.715682893990567948e+00
3.114986260100293336e+00
1.746561724436731966e+00
2.250557612386776984e+00
5.446481985623367272e+00
1.861994882192483658e+00
2.922413433938829908e+00
1.978750482718795611e+00
2.072421978111794960e+00
2.668127823587483238e+00
2.235760693399422738e+00
2.242226458798681765e+00
1.883797890507888040e+00
4.185865202575873134e+00
5.714806218246046399e+00
2.498547439168601780e+00
2.274531189481520332e+00
2.160368027018760184e+00
4.570909383653803282e+00
3.060403698598565203e+00
1.903789711048240463e+00
2.354021883166999007e+00
1.593195967958956460e+00
3.811363786803160902e+00
1.965642844444098536e+00
1.717683386115330224e+00
3.146357353525102596e+00
2.831100284178314386e+00
2.658317060007389099e+00
5.453971638122744992e+00
1.698492583808929313e+00
3.700964657807058078e+00
3.687195332727971842e+00
2.638033958505843213e+00
5.575728591158525482e+00
1.817513192371543740e+00
3.545530219388135063e+00
3.505222479780111033e+00
2.477518830826492380e+00
2.534595159261044728e+00
1.483974330652451101e+00
2.528803883061289781e+00
1.588706721881109729e+00
3.882465139898504614e+00
5.874763127085143033e+00
1.819492449499672260e+00
2.226425682564882269e+00
1.101943139371831082e+00
4.288063138782045591e+00
3.010770539039808735e+00
1.225020207274011286e+00
2.987401645457337995e+00
2.387126504538235050e+00
3.186409940704313382e+00
2.359439485842217632e+00
2.747152316205629941e+00
3.168935459945004141e+00
3.292254262781848073e+00
2.855023468350727622e+00
4.790684922149732294e+00
2.778680954329047381e+00
3.217750716479693907e+00
3.082098104160787333e+00
2.955980851242685503e+00
2.451426139947825877e+00
2.747148030029924914e+00
3.622401995554640930e+00
4.000543849284582620e+00
2.699428466071020605e+00
2.170056777466678355e+00
2.421792057231937800e+00
2.932999250724066087e+00
1.914041929722036572e+00
2.432797837581066602e+00
2.745624255830274141e+00
1.252927269088883522e+00
9.084878001027885119e-01
2.286888514734535249e+00
2.942460678591810819e+00
5.986638095959932571e+00
1.937329410772107963e+00
3.788210198220844371e-01
5.664801136686652860e+00
3.281824107409737845e+00
6.504428711553695841e+00
1.450999834590499971e+00
3.603759071384609602e-01
5.157405203642753122e+00
2.257849409353158254e+00
6.460688099360896608e+00
1.729589587028461439e+00
4.096691081480792751e-01
5.379586941264808964e+00
2.133938763304248809e+00
3.233121269658745689e+00
2.375111482658946560e+00
2.015980915631276460e+00
2.238063500706677811e+00
2.770639221984259937e+00
5.221389887316707501e+00
1.905774292581952523e+00
1.826073472373159090e+00
2.016168757858834315e+00
1.920735187714945669e+00
5.323641157230297516e+00
2.146810536722393525e+00
1.962168909659215643e+00
2.169085170518906924e+00
1.801132187296172527e+00
2.736622173153728799e+00
2.446136424448980051e+00
1.403228505397860815e+00
2.107430132756126451e+00
4.446523335965660628e+00
5.735563645053969317e+00
2.685950584324444890e+00
1.366877560208193954e+00
2.303045349615931769e+00
4.756743042860378523e+00
3.095904716213624397e+00
2.276643461710899263e+00
1.398405023079542842e+00
1.928404481159226691e+00
4.219422784161362294e+00
1.803260913561205880e+00
1.656828744727803837e+00
1.532223165588066705e+00
2.034823617645803662e+00
2.791781681987337560e+00
5.528352385782320688e+00
1.445272500396067583e+00
1.348307190869036276e+00
2.534066832084363341e+00
2.298329128428760804e+00
5.615987854206763608e+00
1.579851039542174762e+00
1.508181800637788283e+00
2.404924392997789706e+00
2.176221675799107302e+00
2.733351536365195233e+00
1.823250391472629017e+00
8.821162932150800051e-01
7.572304429937352088e-01
4.688734978227254935e+00
6.081492544846668125e+00
2.120698456722413194e+00
8.436763073441309047e-01
3.321246497041840939e-01
5.057460012960191875e+00
3.160046826255026531e+00
1.609108315862836092e+00
9.331673087127215771e-01
1.197050391606609310e+00
4.298969213287246127e+00
2.138296432017306348e+00
3.074818558921469158e+00
2.898908529404037093e+00
2.847362452004138955e+00
3.391448599473271486e+00
4.728699883697601969e+00
3.005771176435700909e+00
2.874301894123980627e+00
2.750000094034481091e+00
3.354355096749980447e+00
2.478310359607861724e+00
2.987693601363655915e+00
2.763973551110847637e+00
3.061804622162668466e+00
3.219817651031142702e+00
1.638220907918121805e+00
2.840947833728824090e+00
2.361365199943739057e+00
1.890831322906900480e+00
2.746473072824537009e+00
2.757134887950082547e+00
1.658527473100157579e+00
1.631165440242938303e+00
2.789543894139438152e+00
2.732925188127349525e+00
5.442418766629361748e+00
1.506568329416545282e+00
1.348294375953409840e+00
3.205834222734123884e+00
2.387141175369134949e+00
5.600245990202331825e+00
1.677622223374134025e+00
1.551867188021369914e+00
3.055476984669581952e+00
2.228696573140248827e+00
2.683972584403186090e+00
1.840663838386549456e+00
1.164439512203974347e+00
2.283898829276305609e+00
4.121271567934623015e+00
5.846066228047951618e+00
2.084944513729531934e+00
1.195378698618165147e+00
2.072345674924510828e+00
4.380694028854350108e+00
3.018414450406188276e+00
1.500304790586679760e+00
1.157715411827711760e+00
2.564651267949301428e+00
3.758884317452100277e+00
2.160152283610841106e+00
3.215468065539399678e+00
3.052118247169659515e+00
3.790838283896373451e+00
3.582689460684314042e+00
4.728041080508991634e+00
3.124036263843668504e+00
3.009981138961305813e+00
3.761094891284623376e+00
3.529405379812185828e+00
2.474654433573515888e+00
3.066204989107980339e+00
2.842835380354384878e+00
3.541462576289065911e+00
3.330187155047327874e+00
1.567582942118046274e+00
3.081733045687502059e+00
2.640567660460154897e+00
3.448555583822744186e+00
3.055994807933667179e+00
2.744050772745050271e+00
2.520299694424965598e+00
2.232013600530803110e+00
3.308859940649214959e+00
3.413836179209548849e+00
4.948998777478197830e+00
2.625244744192072321e+00
2.355443918968925576e+00
3.205758372263335598e+00
3.294524206419988221e+00
2.449520312089282559e+00
2.524939246763777678e+00
2.095736551729326269e+00
3.679470676750951075e+00
4.001922435005823786e+00
2.294278273561405790e+00
2.029445254946395494e+00
1.991848872215733479e+00
2.735256019158424312e+00
2.338282045617830818e+00
2.724882925884633433e+00
4.636724226217037170e+00
4.126588570887547824e+00
4.886287030411237353e+00
4.350533704920995781e+00
5.025024216132606192e+00
1.306754799399908906e+00
8.738844053253606026e-01
2.268145216252273499e+00
2.960678665473420512e+00
6.008767899294448434e+00
2.235953139561109193e+00
1.571520864992048017e+00
6.259950335675303457e+00
3.395951387052088766e+00
6.685579237365923966e+00
1.640006164116464049e+00
9.900316087577346602e-01
5.421091118963360600e+00
2.180602248985838987e+00
6.505985817587562003e+00
1.969113731801731548e+00
1.241482403879141883e+00
5.863060636731138864e+00
2.043415554446957660e+00
3.319095446011893102e+00
2.253909095785869621e+00
1.114774305370481500e+00
1.990544795856410643e+00
2.889569105912414226e+00
5.502793885641374061e+00
1.755303658252328036e+00
1.286145958822307422e+00
1.696710407613463589e+00
2.012619317685145681e+00
5.520944214675921558e+00
2.013523762070541068e+00
1.234894496983488521e+00
1.785638978919775299e+00
1.891784535495171449e+00
2.835331139057245764e+00
2.560394079123151645e+00
1.477478084747020803e+00
2.081421436534261371e+00
5.269557383305591536e+00
6.071798216825299299e+00
2.884016227168738400e+00
1.735680008609239877e+00
2.343650967078405589e+00
5.897120226654185338e+00
3.315901348406825377e+00
2.350449091651787281e+00
1.311719269749872296e+00
1.904120079744253902e+00
4.938927194951769017e+00
1.800529837317765613e+00
1.623309905300549305e+00
1.174551629153443910e+00
1.836790928485569907e+00
2.847964684072941566e+00
5.653025828679290044e+00
1.403620701385413838e+00
1.394730026685129021e+00
2.534612929615462917e+00
2.326925765644790367e+00
5.653169325455546179e+00
1.456517646559814638e+00
1.358430957385721172e+00
2.327578631214313187e+00
2.212746381278698049e+00
2.761580894588178126e+00
2.038754609052872979e+00
1.200353091945083550e+00
1.735939505334750665e-01
5.302766037171807056e+00
6.294683756027429133e+00
2.438115340388918639e+00
1.604286825224041424e+00
7.065892605867295506e-01
6.135291757446125871e+00
3.365892079339651843e+00
1.745655990455491802e+00
9.447637920466233075e-01
7.737567036587004177e-01
4.742365399573017726e+00
2.095488302875045061e+00
2.293374751061475703e+00
1.743671318098894973e+00
2.355417604521084396e+00
2.549039932884952009e+00
5.013052664399102909e+00
2.411435716832890819e+00
1.650642798349392537e+00
2.081076533605170198e+00
2.555324790606911645e+00
2.674744681876617403e+00
2.369218238251152631e+00
1.904251913902167415e+00
2.811377809205955369e+00
2.525940012329589646e+00
1.888836820370529024e+00
2.807341540555505333e+00
1.543963105894865295e+00
6.851657812717822926e-01
2.499246004386826314e+00
4.662207654159279180e+00
1.529496371063506333e+00
1.332542558832813029e+00
2.756473029024050891e+00
2.775268019724905333e+00
5.553888871586925013e+00
1.494369643260085923e+00
1.543675653579664298e+00
3.267606234598856130e+00
2.428905663935208015e+00
5.615622731662576861e+00
1.588323553336219218e+00
1.523507815394443243e+00
3.089468749446032447e+00
2.283567826022401714e+00
2.694406199376644384e+00
1.896452272457302968e+00
1.022906953435942512e+00
2.070133930866994376e+00
4.578565028582114671e+00
6.007263253785565915e+00
2.277878245021916825e+00
1.301709964466478908e+00
1.862273678032957180e+00
5.114651366568883084e+00
3.172220989970117699e+00
1.593515174076017615e+00
8.939758338059627940e-01
2.438349845942819005e+00
4.036068697207682021e+00
2.145476196295958093e+00
2.407106346379987993e+00
1.811934240830730403e+00
3.077046576615563911e+00
2.676125612879359128e+00
4.940803527570627018e+00
2.516518658051834390e+00
1.710124256530725972e+00
3.126149704152071163e+00
2.701251088339463369e+00
2.651760291999954777e+00
2.437565531782235784e+00
1.967288313141018818e+00
3.011322922751007436e+00
2.579606267855233170e+00
1.899499970257578774e+00
2.962633318876974897e+00
1.529431402528260264e+00
2.744548474921643333e+00
2.700632858069999198e+00
4.134078333132900518e+00
2.292390240937677959e+00
2.048890447265568238e+00
3.396479624104850270e+00
3.457822618019164906e+00
5.107728906232343213e+00
2.347014530108893382e+00
2.018111262577131360e+00
3.256814667389125173e+00
3.262026027917585225e+00
2.491672010203063170e+00
2.431199521518224937e+00
2.669203842226389956e+00
3.892762736603314178e+00
4.317036865465529338e+00
2.461194081220335672e+00
1.902272417939663285e+00
1.275371762734186065e+00
2.518310893907700798e+00
1.816376315001889452e+00
3.355112991021419244e+00
3.442641607798298420e+00
2.613161998024305266e+00
3.720547372704091860e+00
3.569201411429550941e+00
3.636150906126056181e+00
1.927103438815843672e+00
1.110661880426633275e+00
1.467963612907650983e+00
2.880918033029992831e+00
5.611451929607068401e+00
1.453214577389973838e+00
1.240296705180597314e+00
1.350151128246163124e+00
2.161154809185024117e+00
5.652707058832639575e+00
1.691795063082101480e+00
1.222997113744249020e+00
1.458429795447576893e+00
2.049500682053773115e+00
2.830612100374770623e+00
2.169631301395777090e+00
1.241893442259575098e+00
8.431502818390370635e-01
5.100136245826988102e+00
6.149210452992254439e+00
2.441630766987221701e+00
1.452789638174480702e+00
7.561937709789301465e-01
5.556656081193239061e+00
3.256516765784736922e+00
1.954122561280198456e+00
1.070196903332346183e+00
8.949852630018130251e-01
4.774411951053632031e+00
1.991414638621158195e+00
2.834021244147654439e+00
1.837410527569036445e+00
2.649350709576982155e+00
3.054065445769261089e+00
4.929012713237718835e+00
2.945165109737748477e+00
1.732695369049025658e+00
2.610216847409387864e+00
2.995325592663473202e+00
2.658709834197647837e+00
2.614866097868786543e+00
1.874803352600767026e+00
2.560447952978478270e+00
2.951810324307215350e+00
1.535990792713433528e+00
3.137671298415128263e+00
1.605269302309362045e+00
2.021747850658716317e+00
2.901148283856318955e+00
4.031617492079571541e+00
2.132600749741982327e+00
1.726728245446980337e+00
2.048553020511691969e+00
2.542368202440883351e+00
5.137817307436997716e+00
2.144585480974915637e+00
1.683107902556493229e+00
2.099629751376397291e+00
2.362574243822839204e+00
2.647030371724305109e+00
2.207547066732750807e+00
1.867702692955904409e+00
2.025029970229212495e+00
2.948773897085459339e+00
2.048782647130641177e+00
2.346968054879575050e+00
1.209863187714437460e+00
1.436444224860425889e+00
8.923345616950607573e-01
4.225495824202695871e+00
3.866136944378418150e+00
2.658053878047901719e+00
3.571995137012210275e+00
3.545598364786537449e+00
4.276386971714607022e+00
2.230780751479777280e+00
1.806761514224414666e+00
2.115086991406515349e+00
2.903773747418759488e+00
5.082018170273482127e+00
2.259780225505252815e+00
1.766281172600379534e+00
2.192503664361243221e+00
2.894083483997418327e+00
2.615925861174241973e+00
2.256113574997689941e+00
1.935002661625006226e+00
2.033702444717610192e+00
3.205988329961940497e+00
2.097522822186060676e+00
2.361963433868076834e+00
1.142605331051155249e+00
1.731460023416207861e+00
2.553840654851759151e+00
3.698532923734641376e+00
3.900205684136977879e+00
2.578084596949781204e+00
3.698498731489726410e+00
4.511930929448635830e+00
4.418670809155801571e+00
3.330525432160241994e+00
2.660357880688555721e+00
2.890678309369833610e+00
3.490332275968729192e+00
3.941350448755594815e+00
