5.585478141704982136e+00
2.401051449349855371e+00
3.276371199702765580e+00
6.769693077918816471e+00
7.975239225279461275e-01
2.343313886496808163e+00
2.958619872706846454e+00
6.065037815476602923e+00
1.186723380301459629e+00
5.455619767101822504e+00
3.247415197851336810e+00
6.471049376770639405e+00
7.603971753471109318e-01
5.033927109359704666e+00
2.308281930537664284e+00
6.452665002691541751e+00
1.008258639073034146e+00
5.216298634991413330e+00
2.198202634612164363e+00
3.199476845397166702e+00
2.007902065171014439e+00
2.497286520756668349e+00
2.919113213668014239e+00
6.119348680428724485e+00
5.869659011983022756e-01
5.448876836724603656e+00
3.246143157890221342e+00
6.579675618473437737e+00
1.014421011482970814e+00
4.894984284945461006e+00
2.447548000048027639e+00
6.517915030059252324e+00
7.891855142074936103e-01
5.109177114511069817e+00
2.343802114044566398e+00
3.180386775853575099e+00
1.918444461031157289e+00
1.398928783815090782e+00
2.844285619969830758e+00
5.697777503114795472e+00
2.395091635785187467e+00
1.214022472111640383e+00
2.372020347745763313e+00
5.774293420645896013e+00
2.261587651186829362e+00
1.375236714437377827e+00
2.262415572791698359e+00
2.790364179380912635e+00
8.629118800036698067e-01
1.215268828397055190e+00
4.659540162292405974e+00
6.138827197500954291e+00
5.458656722892764046e-01
1.429774530549397182e+00
4.922819076248198478e+00
3.127194958552079296e+00
1.247347792618072049e+00
1.001345287955755170e+00
4.332180551211256336e+00
2.218083532460381146e+00
3.089419558857001480e+00
2.577340864145772681e+00
2.848380840328157859e+00
6.064464395104560701e+00
2.237581552316999733e+00
4.881268209019997251e+00
3.134130620966980363e+00
6.370040143447390335e+00
2.667314820000587616e+00
4.389839233195947266e+00
2.513833422071335200e+00
6.369966114725760242e+00
2.485300310694459114e+00
4.546096811007042326e+00
2.396393375565109896e+00
3.069155606474053943e+00
2.797559925748752452e+00
1.503577178763721323e+00
2.788644418193619412e+00
5.622721693855083913e+00
3.179536126156222053e+00
1.218231285430907862e+00
2.458723092012983891e+00
5.754656077434880501e+00
3.039926009407146967e+00
1.427515842374358357e+00
2.320772484462329199e+00
2.739056647664416033e+00
2.356449489088072280e+00
1.215865688730988436e+00
4.195838278114389475e+00
5.960433673264620147e+00
2.166723199117361442e+00
1.454492695129076196e+00
4.393813138441278632e+00
3.031264384647656129e+00
2.609300583749909919e+00
1.007544461034766359e+00
3.878580060753213044e+00
2.254329278968093320e+00
3.133802229877041601e+00
2.664858922450837664e+00
2.726933697660015365e+00
5.694727143417917858e+00
3.543192273239656576e+00
3.286721779824153256e+00
2.674572013937490667e+00
5.792911817004761765e+00
3.425909796123985718e+00
3.154089050305093789e+00
2.552463378145802597e+00
2.650569951767007382e+00
2.673145510073283493e+00
1.725727150529735354e+00
3.927580292721041477e+00
6.029567822988876280e+00
2.487473862606123021e+00
1.434056516001158910e+00
4.130578227269556812e+00
2.982027667002952853e+00
2.996856437085994695e+00
2.278461709371498500e+00
3.460032836388199140e+00
2.478485390602971794e+00
3.233426096428938745e+00
3.095218342012425072e+00
2.046029925062077037e+00
5.257029006706848584e+00
3.125203298867136770e+00
2.966233068103084403e+00
2.189067226080155137e+00
2.578075983821177974e+00
3.555489213104386703e+00
3.611018194939944692e+00
1.936526902516922943e+00
2.399191399918986445e+00
2.680645581580310743e+00
2.062950984911443353e+00
1.745768965136478501e+00
3.170144292356070537e+00
7.318066830040201864e-01
2.415169242631465263e+00
2.970158637358588649e+00
6.148172081374952747e+00
2.948925886032440213e-01
5.423770385659214988e+00
3.240559703797040836e+00
6.530714587926667924e+00
4.228269630791032796e-01
5.038360390147161638e+00
2.389018017739222621e+00
6.524166451556908441e+00
3.562535488426104568e-01
5.186282176077814832e+00
2.288880252677744753e+00
3.194726870306936917e+00
1.405975509608224483e+00
1.509643989721557888e+00
2.866813893797736323e+00
5.641916346798552695e+00
1.214266866440275150e+00
1.298715153438752878e+00
2.234932369900736404e+00
5.744156070940583447e+00
1.358684527366399664e+00
1.468499607576130073e+00
2.124987982126934849e+00
2.833078882363821993e+00
9.145453119111941476e-01
1.420911672550507321e+00
4.634955418630464230e+00
6.055464518028609966e+00
9.480479190367839815e-01
1.615814898708184844e+00
4.807645180045700961e+00
3.115320651445654843e+00
9.045506613856950651e-01
1.235301028716385474e+00
4.422885902121834079e+00
2.115070452460968475e+00
1.160370023965195729e+00
1.969544774724046876e+00
2.851037142203335595e+00
5.787705652536828893e+00
1.005796567219866544e+00
2.391031997620795213e+00
2.443280439465013831e+00
5.872098051080160808e+00
1.134974596375326383e+00
2.284204465511038507e+00
2.341673689642722600e+00
2.805266538756696182e+00
6.601874526065015791e-01
9.752541825249730900e-01
4.651416727649414717e+00
6.218154995224559833e+00
6.802012295694316313e-01
7.046295934993338506e-01
4.856011469894728982e+00
3.127035409625728679e+00
6.786132937352432615e-01
1.324422887558246886e+00
4.349208382331473111e+00
2.311732930792990803e+00
1.930363064012473373e+00
2.490294065897003861e+00
2.155081322695938439e+00
5.224890457188858583e+00
2.017159164547110972e+00
2.388151150639861608e+00
2.260547968307923039e+00
2.658048831864455952e+00
1.863355809589106515e+00
2.764954673670279472e+00
2.086007270200420205e+00
2.089551455429347726e+00
1.543432734319748034e+00
1.456556148916078541e+00
1.775061063533334815e+00
3.703351426786179790e+00
1.233492344363553483e+00
2.869831159279906618e+00
2.802030270206823825e+00
5.718448774797773915e+00
1.061544759226648038e+00
3.207958945878262469e+00
2.526392913696264397e+00
5.851035056290224468e+00
1.179504720649021676e+00
3.091445398645756626e+00
2.402494781180144034e+00
2.750339995331616993e+00
8.503012082698356844e-01
2.465088606106955016e+00
4.197041008234587700e+00
6.051965211155391877e+00
9.135032806754642687e-01
2.306112839329548247e+00
4.342915151535862606e+00
3.023969496260922707e+00
8.294289179341577389e-01
2.698866340152867860e+00
3.904856277522758656e+00
2.355024357092633913e+00
1.991212262847813053e+00
2.904980664392050382e+00
2.233993874059942986e+00
5.173106703120246230e+00
2.095675910281880494e+00
2.806001117020735069e+00
2.360906084547874428e+00
2.626365486402716609e+00
1.871691048983157302e+00
3.124506605954477489e+00
2.111864514804787429e+00
2.129619969254700429e+00
1.740648227718592622e+00
2.516555550328822388e+00
1.900998995847539730e+00
3.356102865623005638e+00
1.654344748898703088e+00
3.279378448659230116e+00
3.101311215400874399e+00
5.369462084590140627e+00
1.789948283174358723e+00
3.191647678098986418e+00
3.010713416526220154e+00
2.595183141801435056e+00
1.559882203407521262e+00
3.557955768933501517e+00
3.549258868084422147e+00
2.462697119397264434e+00
1.437589237175423307e+00
2.795311266250093407e+00
2.181099360663196762e+00
3.168860146775770659e+00
2.738718332272439326e+00
3.364170309011096816e+00
3.551640575845832704e+00
3.200252012121671985e+00
8.314428475629304094e-01
2.389020586501782617e+00
2.970838927450277112e+00
6.127293632503429954e+00
1.093319409577284462e+00
5.704765027060683558e+00
3.294718178747451987e+00
6.597553459538385567e+00
7.676144541955901568e-01
5.132354038159799181e+00
2.330190627927378966e+00
6.512816089788021401e+00
9.334826466932568678e-01
5.392595867532539167e+00
2.228122908502323529e+00
3.234663876064549637e+00
1.019590594060564515e+00
1.409018929116270469e+00
2.915695422519771984e+00
5.748808883105470890e+00
1.137611126880071710e+00
1.228975476444305714e+00
2.246878335220865441e+00
5.787590525999555702e+00
1.121022294352639337e+00
1.349151510709329926e+00
2.144392140047177708e+00
2.866977687664929775e+00
1.103606911573473015e+00
1.467643255327210738e+00
4.992847521192781635e+00
6.178864306034646425e+00
1.283686117973680041e+00
1.672642711883498778e+00
5.304127510831008863e+00
3.205939308847777003e+00
9.452495617753425838e-01
1.285574200218424723e+00
4.701050261708620503e+00
2.087389357714139582e+00
1.090532068310764657e+00
1.889307299132586992e+00
2.877042143163802468e+00
5.827359678286718747e+00
1.245500825935576872e+00
2.427125776373074473e+00
2.440563064264134940e+00
5.852322358115741530e+00
1.224525703984224778e+00
2.275802537952074545e+00
2.347139783348136000e+00
2.808504531259423675e+00
8.893962108872605077e-01
7.243068755728169217e-01
4.898914287782848653e+00
6.285956256972629497e+00
1.080689516041775988e+00
3.359625097447154762e-01
5.258173381483008946e+00
3.206524549178006112e+00
6.920834783817907399e-01
1.171094352930410309e+00
4.489549729640818221e+00
2.276769177565302282e+00
1.491814737551540704e+00
2.325647610856629743e+00
1.885642545598529951e+00
5.389740908543623199e+00
1.460792004355861762e+00
2.158580761799461012e+00
1.951036998510489839e+00
2.728294541719270772e+00
1.621059053581864307e+00
2.705658035982755560e+00
1.874948717173083423e+00
2.167756768066077644e+00
1.074593862415329282e+00
9.723445629609367424e-01
1.713210080405270785e+00
4.284900141642840943e+00
1.223119506640635734e+00
2.858613452850115255e+00
2.813157523541169436e+00
5.748804293140598709e+00
1.368483456140208832e+00
3.247517129973652938e+00
2.528272763371814502e+00
5.812688286998245246e+00
1.376100185243972929e+00
3.117087793746029067e+00
2.415018585462830547e+00
2.742203634866280826e+00
7.392066891504734949e-01
2.370600665677773833e+00
4.364349765142804927e+00
6.096109753429156619e+00
9.141763523944229641e-01
2.153316185405247385e+00
4.638453535815476592e+00
3.083192062424975344e+00
8.949209151124577488e-01
2.652692936394674295e+00
3.962695430908150573e+00
2.331802156512851720e+00
1.585965495943935766e+00
2.904114595608328742e+00
1.964635775092606451e+00
5.331233103963406883e+00
1.562018830648722600e+00
2.774992414365748061e+00
2.054903806922075749e+00
2.684523050841486125e+00
1.719014420132564114e+00
3.175611090937462411e+00
1.900697600609904780e+00
2.226814222742348637e+00
1.036162720344558918e+00
2.284155164218532263e+00
1.748312744377425787e+00
3.841994907577122031e+00
1.757630520741076507e+00
3.332190690663045185e+00
3.161872181208570165e+00
5.413249792332467614e+00
1.744722205197530629e+00
3.226255261996905599e+00
3.024515138102174205e+00
2.607400530039021280e+00
2.164429903152864654e+00
3.668474918737642643e+00
3.736509492426492329e+00
2.522968451153750458e+00
1.219742993896225869e+00
2.731236927416440086e+00
2.022471597161592971e+00
3.373814666926615136e+00
2.220610985957127692e+00
3.311055916789826359e+00
3.467282948458754621e+00
2.712375982427579491e+00
9.978550170525389840e-01
1.143399586212021646e+00
2.918158220805676439e+00
5.830357269105253870e+00
1.095496287678775049e+00
1.022802156352546676e+00
2.331816463440587572e+00
5.879335810982837529e+00
1.101507105512268936e+00
1.128399348536844871e+00
2.237325753685287300e+00
2.873003535408016784e+00
9.635155165508836328e-01
6.644388930823458272e-01
4.929631425780537590e+00
6.244160450949068242e+00
1.124355981761160139e+00
6.551211595730155324e-01
5.173055964562753850e+00
3.178421166533470288e+00
8.169494812285739149e-01
6.876948773992695996e-01
4.653824480125507534e+00
2.196387530619205553e+00
1.454575654769759696e+00
1.853836944152259747e+00
2.048815087553128134e+00
5.309587354588824581e+00
1.423803813995663914e+00
1.908350251015075827e+00
2.113091474351854515e+00
2.758409730265837911e+00
1.527407586000514073e+00
1.811573253978346232e+00
2.005198750558454091e+00
1.980770983722731637e+00
1.186676144941358757e+00
1.429732789356859213e+00
1.974489150315424268e+00
4.202608159148478073e+00
1.450176545321947286e+00
1.553365546733024516e+00
2.382044494848438720e+00
5.483613296541194337e+00
1.442289108795440145e+00
1.630234937982832477e+00
2.262336651637951945e+00
2.733241512135024198e+00
1.571376635658867427e+00
1.541902529032276092e+00
2.738779648560277113e+00
2.257431911802628921e+00
9.046553548594621352e-01
1.132718306210640291e+00
1.191530805928394443e+00
4.176423099512367010e+00
2.055012300270450343e+00
2.519564974104476107e+00
2.849099512959777147e+00
2.897865122862121723e+00
1.547835004771243916e+00
1.602825068609564196e+00
2.996487839446473345e+00
5.434663341906460055e+00
1.544752170970679517e+00
1.712157438430268686e+00
2.890699463064844377e+00
2.692651329511228653e+00
1.671611864143682569e+00
1.548307281511348776e+00
3.240073719883751924e+00
2.321067840975826968e+00
1.063697251715491232e+00
1.330277617981420635e+00
2.448670585096703434e+00
3.740019466454072017e+00
2.084846912755068615e+00
2.570812575707472458e+00
3.253573957347489998e+00
2.968147755507416719e+00
2.176423426545497364e+00
2.204459532696964263e+00
3.389646947760306617e+00
3.540826268432113011e+00
1.232998990680284068e+00
2.319209315193063503e+00
2.974691883480390597e+00
6.075670527286971101e+00
1.904219554067329456e+00
5.766365217306727686e+00
3.302642830889296111e+00
6.567063280963090222e+00
1.443514684695332617e+00
5.218087230423354761e+00
2.263964470603679668e+00
6.491408190546205326e+00
1.706087481147915641e+00
5.486995168228436803e+00
2.152182705753075354e+00
3.252150152994116805e+00
2.030081109441518095e+00
1.736257917087990821e+00
2.896237310219722971e+00
5.597641880863089447e+00
1.574989170674110595e+00
1.482040302949863220e+00
2.107719487249671619e+00
5.649106291791373913e+00
1.810355948407625704e+00
1.596230329658568481e+00
1.996752729621160682e+00
2.852124249074957874e+00
2.228170786796411562e+00
1.768515472249691411e+00
4.954026215496067032e+00
6.053794296425045296e+00
2.465694010480774523e+00
1.968179479757619532e+00
5.276162713539108040e+00
3.202154489312371677e+00
1.994995113452091573e+00
1.595595949942351099e+00
4.690294047573374314e+00
1.947974598108573430e+00
1.511433711266647606e+00
1.798748792855576539e+00
2.872184241976974750e+00
5.744566927665686329e+00
1.199571102030428049e+00
2.357017617514756580e+00
2.361321430839228519e+00
5.776838776206553838e+00
1.276642748263903115e+00
2.190781368552170871e+00
2.256432314487693436e+00
2.805081519695514558e+00
1.782937211749060280e+00
5.754744101983154669e-01
4.968500010878467599e+00
6.238190196791254749e+00
2.044467426177817515e+00
1.652427538372952254e-01
5.355761101577532379e+00
3.225435216362885882e+00
1.513798587522195760e+00
1.007697501381045413e+00
4.575277015490996746e+00
2.185496064894196344e+00
2.040417506614749410e+00
2.280651794791898279e+00
2.255436232040679556e+00
5.179282378092408656e+00
2.188026017832628956e+00
2.092572448498927429e+00
2.306730055137049984e+00
2.703378483186161585e+00
2.083776893120619089e+00
2.637126327446855267e+00
2.221764828828902694e+00
1.982992987742582258e+00
2.443524866864545064e+00
9.116122963559547543e-01
2.115814203639208468e+00
4.207575086863594827e+00
1.420886217952618269e+00
2.757209516873845079e+00
2.807036314961667944e+00
5.656369414745580748e+00
1.292631712875045080e+00
3.172496589423747793e+00
2.446746676545043631e+00
5.739685434745934067e+00
1.395253542801978996e+00
3.022757781204633343e+00
2.316427107365980564e+00
2.745834634021494747e+00
1.685426596009442335e+00
2.236726554142117518e+00
4.424662697082823115e+00
6.029732417783718823e+00
1.963318133461612547e+00
1.998829139336349980e+00
4.724882562508038397e+00
3.094337845600982462e+00
1.426617679391261051e+00
2.517464444643489063e+00
4.038889151873878980e+00
2.226535751257539442e+00
2.154646123562640181e+00
2.817254747923165326e+00
2.367255799306300812e+00
5.110535957576558097e+00
2.235840790217814344e+00
2.899893232492575468e+00
2.439593639675097680e+00
2.671116788075696746e+00
2.158575280631500615e+00
3.003088390021296572e+00
2.274827294198845440e+00
2.006116919241997643e+00
2.500192349163784744e+00
2.596659977961088828e+00
2.249866760710772073e+00
3.799498946920143450e+00
1.996497904279683100e+00
3.250863312913025549e+00
3.108363935646347276e+00
5.281919173193872830e+00
2.061051608632498588e+00
3.128911462811477140e+00
2.946597919254775544e+00
2.590707604677376263e+00
2.071869026794465274e+00
3.618224310645143049e+00
3.724358380979751360e+00
2.426546329291053183e+00
1.729584419291053221e+00
2.575195554728356484e+00
1.844070683058807392e+00
3.424154915181394809e+00
3.063068748383024342e+00
3.420612244478535846e+00
3.343881847139167807e+00
3.239415826097185036e+00
1.766343288077595330e+00
1.328266742716013082e+00
2.900852597795712029e+00
5.706571458704722488e+00
1.329403103394923846e+00
1.186335367819756570e+00
2.228692737825970216e+00
5.768906164253661650e+00
1.551400643838145355e+00
1.304309909919767918e+00
2.124333653889908913e+00
2.858384629162839641e+00
1.934018475059751552e+00
8.079567302592352007e-01
4.909514245674448496e+00
6.150941526329964937e+00
2.151752140777806854e+00
7.987874634197004164e-01
5.159575156591401424e+00
3.182449512026293004e+00
1.704352002997228110e+00
8.230317448589344886e-01
4.654578244532629583e+00
2.092692382781013105e+00
2.489667024401489126e+00
2.327799315204892139e+00
2.638753328640280671e+00
4.981027035024417238e+00
2.621072332290639739e+00
2.346861261238388341e+00
2.657151792563253512e+00
2.689842303069589047e+00
2.279827902876881751e+00
2.253283636495286402e+00
2.549278349086334661e+00
1.716501601409894384e+00
2.761725953918007459e+00
1.849808285362229965e+00
2.486771516881694399e+00
3.907172127783871129e+00
1.867693521025541203e+00
1.825082917764355273e+00
2.383774192948067139e+00
5.306760999288862024e+00
1.909494056393128858e+00
1.894539608532731068e+00
2.247318188548973694e+00
2.698766883744138312e+00
1.915493142016468253e+00
1.787999659835332933e+00
2.709392936715758538e+00
2.117003865239345028e+00
2.111440923019029636e+00
1.362038244059648351e+00
1.128029953526474172e+00
4.088550572376476566e+00
3.375660982027904655e+00
3.154126549994732187e+00
3.121576430395729407e+00
3.723700350274713688e+00
1.970637335378626176e+00
1.890996422790871989e+00
2.888895429541154414e+00
5.249025792303638305e+00
2.028971340289928094e+00
1.978992929196325079e+00
2.774193750165455885e+00
2.660126311774685615e+00
1.973345334868189527e+00
1.805251289958819783e+00
3.133887086451125015e+00
2.162811900125833464e+00
2.094520679586146628e+00
1.584460465961275544e+00
2.385876190639377281e+00
3.665450575209035833e+00
3.462798290445756155e+00
3.262445228410682407e+00
4.013777596040862150e+00
3.864548678264414061e+00
2.911643674909212276e+00
2.586928159485279988e+00
3.290053553383159635e+00
3.537515674720557168e+00
1.810684884788758664e+00
9.312518559416792518e-01
2.952983971385755968e+00
5.811301054316989401e+00
1.326371155221368836e+00
1.100424800164300221e+00
2.234917056340466335e+00
5.813139508042705295e+00
1.549581517637475203e+00
1.055558730752418795e+00
2.134218571399723263e+00
2.894956892222159794e+00
2.076977192218784296e+00
1.226021020640387205e+00
5.345054412937078503e+00
6.298910440015959011e+00
2.353202079674848957e+00
1.442211937728771431e+00
5.815823948087573747e+00
3.306769403607866309e+00
1.865512587726584570e+00
1.061717662303913956e+00
5.015442015615950488e+00
2.048036055317348669e+00
2.288344735945732733e+00
1.365332041902074023e+00
2.120115327871534561e+00
5.288439982059489175e+00
2.467479032071603573e+00
1.280445813573483749e+00
2.271238923227129280e+00
2.827712005358715697e+00
2.054527416562279996e+00
1.468002204071744643e+00
2.102436211753348605e+00
1.847802848702287948e+00
2.765236119795515091e+00
1.528765416487747331e+00
2.377592185222849874e+00
4.863337814335300102e+00
1.646010898437386460e+00
1.421693213288044433e+00
2.220828977129050141e+00
5.447613084557501928e+00
1.822532483475264087e+00
1.364712843708874912e+00
2.006395503080687259e+00
2.767540581806300803e+00
1.758457249858129900e+00
1.588865204686079835e+00
2.664925671608325164e+00
2.180531288061604567e+00
2.206494523500992955e+00
1.215454138004422591e+00
4.942562887453050280e-01
4.802169934685385222e+00
2.588932255731838605e+00
1.907523795543066170e+00
2.457807245912240202e+00
2.885344946983556813e+00
1.767553965504601310e+00
1.537944439728875068e+00
2.880622865303620106e+00
5.381529346589978502e+00
1.779390904717445210e+00
1.485369805070007487e+00
2.730091429763773281e+00
2.714660302977622397e+00
1.853088945388973174e+00
1.708686825822314459e+00
3.187475188803092774e+00
2.245101624802544826e+00
2.151110296516719700e+00
1.098700531484982035e+00
2.173614438530230952e+00
4.223081003650999143e+00
2.664326788379305810e+00
1.925885544968776175e+00
3.323790671219352788e+00
2.987017867177273356e+00
2.600157799119367841e+00
2.208582199614710362e+00
3.360558327332918704e+00
3.527237699867995957e+00
1.972642989210858788e+00
1.350854717223889168e+00
1.741232383563338759e+00
5.399837412718755836e+00
2.142784539078675721e+00
1.300249912031835153e+00
1.778357401647372216e+00
2.807770494291406127e+00
1.744909025386223389e+00
1.449205565592793787e+00
1.723178831275959055e+00
2.001363038489180735e+00
2.338022298921210052e+00
1.285640276886250488e+00
1.235986454672345358e+00
4.640868149970657441e+00
3.018373775111326207e+00
1.984533346982755520e+00
2.883111505821695175e+00
3.350036619549995098e+00
2.481583366763146614e+00
1.928536888823025208e+00
2.352245586606064531e+00
2.711882966737727774e+00
2.550797357108395946e+00
1.973608055017670893e+00
2.410375232664939915e+00
3.094102540851180194e+00
