M5,49.60834908950751,29.14642165185802,21.245229258634467
M6,21.197381924980675,39.47064725526066,39.331970819758666
M7,52.04931719271105,46.3934749535712,1.557207853717749
M8,4.496405739048028,6.858585061933776,88.64500919901819
M9,88.95628135599897,5.039567254608039,6.004151389392994
M10,8.6549254362746,79.70532574466887,11.639748819056535
M4,16.354553317883585,21.61320684530044,62.032239836815975
M6,20.458055187811706,39.98528943143142,39.55665538075687
M7,50.862323480917446,47.54993225376039,1.587744265322165
M8,4.321422062834749,6.918431088389122,88.76014684877612
M9,88.50962324868628,5.266355982655719,6.224020768657999
M10,8.291533920736931,80.09824979012075,11.610216289142329
M4,15.865790382681041,21.48452436507115,62.64968525224781
M5,47.69816630470189,30.14445948034106,22.15737421495705
M7,50.23636839307152,48.131199986728284,1.6324316202001938
M8,4.161935865323957,6.829356457525863,89.00870767715018
M9,88.16586983808237,5.379884553650224,6.454245608267404
M10,8.076106973269223,80.11990974599807,11.803983280732709
M4,14.61813443853531,22.421277580805942,62.96058798065875
M5,44.99535975898479,32.20629533776755,22.79834490324766
M6,18.29372381416012,41.52134953944797,40.184926646391915
M8,3.8182640970943935,7.098542027370259,89.08319387553534
M9,87.03325504462738,6.014768529343296,6.951976426029322
M10,7.2474357935965354,81.23320216110476,11.519362045298706
M4,16.4664865576114,22.407861281162706,61.12565216122589
M5,48.27601805122187,30.645719914853604,21.078262033924528
M6,20.394729103464027,41.02705657878742,38.57821431774855
M7,50.17500831838367,48.29287207063915,1.5321196109771833
M9,88.48649744360121,5.423067309855622,6.090435246543169
M10,8.118773363549007,80.75567132603341,11.125555310417582
M4,15.431006067963471,22.028461057661048,62.54053287437549
M5,46.664266777205626,31.087112951449797,22.248620271344578
M6,19.31421537305421,40.779135670990776,39.90664895595501
M7,48.93878925843795,49.42954594460628,1.6316647969557678
M8,4.051494767823379,7.009273192165326,88.93923204001129
M10,7.7221893579539636,80.7027772430811,11.575033398964933
M4,15.822407821427001,22.361901035983088,61.815691142589905
M5,47.189421151631564,31.123040823586898,21.68753802478154
M6,19.676109235997544,41.13237236046624,39.191518403536215
M7,49.21274892917825,49.205653720899754,1.5815973499219993
M8,4.1890642731036465,7.173880486129157,88.63705524076721
M9,88.01987668559993,5.6037888854882105,6.376334428911864
M3,9.708466641802755,69.8568877577091,20.43464560048814
M6,21.256660611367117,39.59661489914065,39.14672448949223
M7,52.05460752463349,46.40258804311286,1.5428044322536536
M8,4.5278610673659125,6.907662597318061,88.56447633531602
M9,88.9974194210633,5.042643207921948,5.959937371014753
M10,8.651497500396284,79.78420131099739,11.564301188606322
M3,9.639166267342024,69.61231920624157,20.748514526416415
M5,49.42935117916837,29.11452530738818,21.456123513443448
M7,51.969372968004436,46.452949790541524,1.5776772414540403
M8,4.441334008601765,6.793918849781204,88.76474714161702
M9,88.86992389848868,5.049540265185803,6.080535836325518
M10,8.62006702380625,79.62475751982774,11.755175456366004
M3,8.618574132123088,71.520559658408,19.86086620946891
M5,46.65541487274052,31.635467373859335,21.709117753400143
M6,19.366171962184474,41.59881071039439,39.035017327421144
M8,4.134964909339979,7.280684125690834,88.58435096496918
M9,87.79848820226367,5.756806562482104,6.444705235254227
M10,7.64108397448017,81.19304386116482,11.165872164355008
M3,9.579534745951499,70.68028310694967,19.740182147098835
M5,49.549039097514495,29.8464402174572,20.604520685028305
M6,21.226177432790827,40.52453627684625,38.24928629036293
M7,51.4870388726752,47.014841961783304,1.498119165541496
M9,88.99573540004901,5.1708739922837665,5.833390607667219
M10,8.513297570321473,80.37121734314647,11.115485086532061
M3,9.263641770394347,70.50157657636419,20.23478165324147
M5,48.4753847480066,30.144956302517606,21.379658949475797
M6,20.48852676445831,40.3649834741254,39.146489761416284
M7,50.67582418526897,47.760561346748,1.5636144679830295
M8,4.363628821547256,7.043825561032377,88.59254561742037
M10,8.239815525588888,80.33757276055407,11.422611713857052
M3,9.377904667896962,70.71671506432641,19.905380267776636
M5,48.91415005275684,30.126454395173152,20.95939555207001
M6,20.798392417975112,40.5898752607155,38.61173232130939
M7,50.92972395743191,47.54373628110124,1.52653976146685
M8,4.479441504881709,7.162549214768054,88.35800928035025
M9,88.73412955086903,5.273037678133722,5.99283277099725
M3,9.273964262474868,69.98648129361308,20.739554443912056
M4,16.236104981552316,21.449288825446306,62.31460619300138
M7,50.85730801910095,47.53761550417021,1.60507647672884
M8,4.276265927796279,6.844277500122265,88.87945657208147
M9,88.44376533258406,5.26239190257153,6.293842764844406
M10,8.269212874046667,79.99200177547473,11.738785350478594
M3,8.451102722287347,71.5024485716394,20.04644870607325
M4,15.280851456093691,22.599328787116285,62.11981975679003
M6,19.0170147661249,41.582819654917394,39.400165578957704
M8,4.030502042248152,7.22370789850057,88.74579005925129
M9,87.56522983074139,5.834074472245844,6.600695697012768
M10,7.51239476334559,81.21327274492853,11.274332491725886
M3,9.236872279922142,71.2457708758716,19.51735684420626
M4,16.73114790110133,22.592784184754322,60.67606791414434
M6,20.640553212532907,41.214616619113905,38.14483016835319
M7,50.381316539606395,48.115826775278414,1.5028566851151908
M9,88.64967587435379,5.389852925619795,5.960471200026415
M10,8.190288839156295,80.84393027021682,10.965780890626888
M3,8.965768047436677,70.79949891263652,20.234733039926795
M4,15.982785339398847,22.09980378664919,61.917410873951965
M6,19.91979610829414,40.738601146582305,39.34160274512356
M7,49.75121920319876,48.663171834816325,1.5856089619849172
M8,4.227248663433798,7.082275833335189,88.69047550323101
M10,7.974596716697457,80.61629001037672,11.409113272925822
M3,9.049188703739802,71.17426287373092,19.776548422529274
M4,16.318634289582455,22.471004653317287,61.21036105710025
M6,20.214336886799433,41.148393617110834,38.637269496089736
M7,49.878375497385164,48.58266051195391,1.5389639906609247
M8,4.351289764053665,7.259386856195428,88.3893233797509
M9,88.37237483904043,5.481239311125943,6.146385849833624
M3,8.217165565775872,71.21872069029385,20.564113743930278
M4,14.693012205478192,22.269830816128007,63.037156978393796
M5,45.20715549621013,31.975996586009078,22.816847917780795
M8,3.834712217417615,7.045014592524752,89.12027319005763
M9,87.12317393280658,5.948452056281571,6.928374010911849
M10,7.3192423616066105,81.08930387677037,11.591453761623015
M3,9.103413842175971,70.85455638503274,20.042029772791295
M4,16.28259659561066,22.188745577322504,61.52865782706684
M5,48.0659172236673,30.567813041693583,21.36626973463912
M7,50.1260793160319,48.315610284630495,1.558310399337607
M9,88.3826625770656,5.424713671505059,6.1926237514293385
M10,8.082839608973986,80.61912532653615,11.298035064489866
M3,8.725796186712273,70.58560381729643,20.688599995991297
M4,15.424005948115877,21.834652483454967,62.741341568429156
M5,46.74671004702083,30.88323026456827,22.370059688410905
M7,49.13837777261641,49.21719816294046,1.644424064443129
M8,4.04061770223416,6.932317369874351,89.02706492789149
M10,7.770220954518799,80.5391165552049,11.690662490276296
M3,8.804207828529698,70.89999230374937,20.29579986772093
M4,15.727148852575533,22.138065714998426,62.134785432426035
M5,47.13314707266362,30.96128760268959,21.90556532464679
M7,49.30123381995742,49.09643961221189,1.6023265678306942
M8,4.148794818910221,7.076685695456496,88.77451948563329
M9,87.9768144471294,5.578349973377997,6.4448355794926036
M3,8.077391477228701,73.08781307941803,18.834795443353272
M4,15.199757023896037,24.045820350593758,60.7544226255102
M5,45.27891376631222,33.429968072292986,21.29111816139479
M6,18.595697701231614,43.512980514021244,37.89132178474714
M9,87.30689933479326,6.222159961047689,6.470940704159053
M10,7.116106970253692,82.36909998178665,10.514793047959657
M3,7.903824683212511,72.1451799780083,19.950995338779194
M4,14.43602298260023,23.056437279023715,62.50753973837605
M5,44.35263220250713,33.055499888810985,22.591867908681884
M6,17.960926053754523,42.40805281772438,39.6310211285211
M8,3.789276345849699,7.33514725230968,88.87557640184062
M10,7.005950183847436,81.79476857618597,11.199281239966595
M3,7.889186966987925,72.78753955606382,19.32327347694826
M4,14.680472453573849,23.682474548594854,61.63705299783129
M5,44.51097399317757,33.505071988977996,21.983954017844432
M6,18.09785343839986,43.178355738728875,38.72379082287127
M8,3.891644489773104,7.6080250255988595,88.50033048462804
M9,86.92767402088145,6.305845432290598,6.766480546827948
M3,8.553741632939325,72.4160531810393,19.030205186021377
M4,15.870369760071721,23.52519995529452,60.60443028463375
M5,46.70719267577782,32.31030223376682,20.982505090455362
M6,19.456084153283097,42.66987254129611,37.87404330542079
M7,47.526646105365344,50.88012132893579,1.5932325656988624
M10,7.549559843727049,81.80719075346293,10.643249402810014
M3,8.63284258738356,72.61130554065872,18.755851871957717
M4,16.139525276501583,23.738292043335584,60.12218268016283
M5,47.064053438562375,32.31034177639896,20.625604785038668
M6,19.71340076259705,42.85996899267441,37.42663024472854
M7,48.27474754217066,50.24593716355922,1.4793152942701226
M9,88.07640855660314,5.8399578827123015,6.083633560684557
M3,8.280941279068173,72.33400752644964,19.385051194482187
M4,15.301520258646008,23.34872631590799,61.349753425446
M5,45.793362931343616,32.60800238058564,21.598634688070746
M6,18.866909983425217,42.581223781511525,38.55186623506326
M7,47.531459626905686,50.939955703677946,1.528584669416368
M8,4.070865866284667,7.527436779949408,88.40169735376593
M2,71.57171359421878,14.932436800932367,13.495849604848855
M6,21.56880364312928,39.668842801226404,38.76235355564431
M7,52.38146988562841,46.100675248662576,1.5178548657090118
M8,4.629819045803723,6.97458823294385,88.39559272125243
M9,89.18448376146638,4.986565160297238,5.82895107823638
M10,8.775449629074593,79.79985027890086,11.424700092024551
M2,71.27767425438263,14.955293616431502,13.767032129185866
M5,49.77925965702589,29.060316694499104,21.160423648475007
M7,52.21195497320826,46.2377965911089,1.550248435682839
M8,4.528429896016141,6.862398729784071,88.60917137419979
M9,89.0264191068492,5.009714326592806,5.96386656655799
M10,8.704387759171114,79.67002345802429,11.625588782804599
M2,68.71931620440182,16.756181706340776,14.524502089257403
M5,46.64657057223426,31.65051429011657,21.70291513764917
M6,19.361618772904315,41.616552136133414,39.02182909096228
M8,4.135115371612001,7.285780842340702,88.5791037860473
M9,87.79610290210849,5.759993963224133,6.44390313466738
M10,7.63692367771094,81.20410940480475,11.158966917484307
M2,71.89252980580497,14.993200193461382,13.114270000733649
M5,50.4450479795019,29.291539105236257,20.263412915261842
M6,21.84171868180703,40.164842206681506,37.99343911151146
M7,52.40305443974286,46.12481208397788,1.4721334762792608
M9,89.338879034725,5.006423781196093,5.65469718407891
M10,8.806096552469295,80.09081843154526,11.103085015985442
M2,70.49086102036682,15.627652924900802,13.881486054732376
M5,48.76397306617295,30.086853929288846,21.149173004538202
M6,20.680478008206077,40.44744506833637,38.87207692345755
M7,50.86892554925704,47.58742657706528,1.5436478736776778
M8,4.430610740925807,7.099167994287489,88.47022126478672
M10,8.312500665249397,80.37174854106873,11.315750793681872
M2,71.16686319630195,15.355287150143251,13.477849653554802
M5,49.574729574817134,29.761644081875303,20.663626343307563
M6,21.238379059325496,40.40644313156756,38.35517780910694
M7,51.56942934356874,46.926620066682254,1.503950589749003
M8,4.598338237904774,7.167009111564954,88.23465265053028
M9,89.00096550890152,5.152527818104364,5.846506672994121
M2,70.22697703408112,15.560114677518126,14.212908288400758
M4,16.37043670612441,21.63260568985578,61.99695760401981
M7,50.865692777234116,47.5488559986687,1.5854512240971843
M8,4.327359569696108,6.927404612288235,88.74523581801566
M9,88.51833186135012,5.266545438876146,6.215122699773734
M10,8.29336777168729,80.11137249013804,11.595259738174676
M2,68.1425081850454,16.99703439128581,14.860457423668791
M4,15.22476701436184,22.65005415809994,62.125178827538214
M6,18.932962942427288,41.67204746157469,39.39498959599803
M8,4.015339354249382,7.239286455242841,88.74537419050779
M9,87.50083227788737,5.87971323591491,6.619454486197721
M10,7.473183612594996,81.26907804692375,11.257738340481254
M2,70.92895117358823,15.646982644365774,13.424066182045994
M4,17.072172822171343,22.463950012492827,60.46387716533583
M6,21.049301128207098,40.95955038031635,37.991148491476544
M7,51.0318283227644,47.48147901816893,1.4866926590666694
M9,88.89558490671615,5.267479738204571,5.836935355079277
M10,8.384627101396157,80.65070333496298,10.964669563640854
M2,69.60726483707538,16.12748840891978,14.265246754004842
M4,16.086382562234938,22.23929864553559,61.674318792229464
M6,20.000533351135292,40.90445651122098,39.09501013764373
M7,49.764217784693976,48.66625409339441,1.5695281219116168
M8,4.266503507810626,7.146610407512729,88.58688608467665
M10,7.980473454407098,80.71005132151721,11.309475224075683
M2,70.18952714252902,15.972372140456475,13.838100717014509
M4,16.5388975682745,22.44783802288793,61.013264408837564
M6,20.465566673401547,41.062543454067544,38.4718898725309
M7,50.24319743288248,48.23208939423787,1.5247131728796504
M8,4.4205518914593895,7.268639561728215,88.3108085468124
M9,88.5329127931751,5.411413134521229,6.05567407230367
M2,67.07345605010683,17.366690498866834,15.559853451026338
M4,14.524665911497529,22.4280524606611,63.04728162784138
M5,44.817953833211284,32.295857192329166,22.88618897445955
M8,3.7899900621050486,7.093613897040817,89.11639604085414
M9,86.94336952896798,6.057826972871579,6.998803498160443
M10,7.202583204343444,81.26189498745721,11.535521808199348
M2,70.20355091178837,15.843220508644553,13.953228579567078
M4,16.48770286081397,22.192710626181807,61.319586513004225
M5,48.42213536999686,30.398276389955456,21.179588240047686
M7,50.43941101333748,48.01725977701195,1.5433292096505724
M9,88.52894016439446,5.366317769223659,6.104742066381885
M10,8.189049145320238,80.5681661810148,11.242784673664957
M2,68.53140420693138,16.52626008601221,14.942335707056404
M4,15.342735009181009,22.06717670656719,62.5900882842518
M5,46.487838377486376,31.20245735199887,22.309704270514754
M7,48.75148518549947,49.61245195683916,1.636062857661372
M8,4.025836654080715,7.017494763038834,88.95666858288044
M10,7.674498630017994,80.75584151025396,11.569659859728048
M2,69.06542650229532,16.389848431789623,14.544725065915053
M4,15.73475533956587,22.257590638919456,62.00765402151468
M5,47.08773269101675,31.083220085335498,21.829047223647756
M7,49.18446862377304,49.22112956431539,1.5944018119115668
M8,4.156697886574625,7.124921179397934,88.71838093402745
M9,87.9669254506397,5.6051966873462495,6.427877862014044
M2,67.60553512657904,17.762037539987478,14.63242733343348
M4,15.113137905291843,23.680181625446814,61.20668046926135
M5,45.298034392865354,33.120925366551255,21.58104024058339
M6,18.58428038828397,43.0609710489115,38.35474856280453
M9,87.28462986845324,6.16076357624849,6.554606555298273
M10,7.165572251094792,82.11249679606829,10.721930952836928
M2,66.25515680408374,18.034086752846402,15.710756443069858
M4,14.163835775096087,22.992202033870036,62.843962191033874
M5,43.86921786973258,33.23259648610974,22.898185644157678
M6,17.65753482940716,42.400266969869236,39.94219820072361
M8,3.703303994007678,7.286833175980287,89.00986283001203
M10,6.899831262427934,81.80889696524899,11.291271772323071
M2,66.5502773211727,18.130412268542184,15.319310410285116
M4,14.425411782571695,23.439481238160244,62.13510697926806
M5,44.152112903901084,33.47610623785525,22.371780858243667
M6,17.860935984587023,42.92782888672613,39.21123512868684
M8,3.8022096290778293,7.487542707358168,88.710247663564
M9,86.72318513720549,6.349902899478757,6.926911963315752
M2,69.2104054863362,16.780202808787443,14.009391704876357
M4,16.042424697111656,23.19707864002941,60.760496662858934
M5,47.16487199640751,31.821491617055628,21.01363638653686
M6,19.72779238669986,42.1921849621654,38.08002265113474
M7,48.67892158542003,49.804451915352224,1.5166264992277476
M10,7.711155732181927,81.50683070225642,10.782013565561655
M2,69.92287734014285,16.47904100616871,13.598081653688443
M4,16.55030567994529,23.25575187407474,60.193942445979964
M5,47.99084389498054,31.475119284123608,20.53403682089585
M6,20.27908281138717,42.133494580733256,37.587422607879574
M7,49.40532411104055,49.11660350676259,1.4780723821968635
M9,88.43556904887055,5.601905963863902,5.96252498726555
M2,67.92224543246807,17.368065845080938,14.709688722450988
M4,15.207184567635181,23.178045156879975,61.614770275484844
M5,45.706987056805644,32.50787861386361,21.785134329330745
M6,18.80449269182802,42.372162195691814,38.82334511248017
M7,47.50706647181282,50.94039557518285,1.5525379530043324
M8,4.0335766134049305,7.449989262863351,88.51643412373171
M2,71.33603980445183,14.968952916360914,13.695007279187257
M3,9.763980681783421,69.79785750497192,20.438161813244662
M7,52.216068099734535,46.24733378924331,1.5365981110221583
M8,4.552222944540863,6.89925677887172,88.54852027658742
M9,89.05748098775092,5.011797450801649,5.93072156144743
M10,8.714964308508065,79.72646665136975,11.558569040122194
M2,69.28836227455508,16.56110230547613,14.150535419968786
M3,8.790565575014151,71.63463925792553,19.574795167060316
M6,19.774605116038966,41.71229945284912,38.51309543111191
M8,4.268222534413131,7.379093987172399,88.35268347841448
M9,88.0939837174501,5.662543731893732,6.2434725506561675
M10,7.7880162207403565,81.22341712532683,10.988566653932807
M2,71.6269503566208,15.250542619772753,13.12250702360645
M3,9.756226521002121,70.76065009696278,19.483123382035103
M6,21.624164748995934,40.60580627347635,37.770028977527716
M7,51.906043803513654,46.63021029586415,1.4637459006221931
M9,89.2418207612684,5.091916827843797,5.666262410887803
M10,8.658929903239054,80.37963119105517,10.961438905705776
M2,70.70737740347559,15.597920264827861,13.694702331696549
M3,9.409705821899355,70.72133268756079,19.86896149053986
M6,20.869212211815455,40.59114908596472,38.539638702219825
M7,51.0154518160637,47.46345843551567,1.5210897484206285
M8,4.5013466895792265,7.173310389518509,88.32534292090227
M10,8.365055371793158,80.44437870843429,11.190565919772553
M2,71.17292122091673,15.45451781238318,13.372560966700085
M3,9.57124743522797,70.81939518448247,19.609357380289552
M6,21.2446272752624,40.68735250065582,38.06802022408178
M7,51.40315229213709,47.10983492537465,1.4870127824882644
M8,4.628232993104328,7.26026751016671,88.11149949672895
M9,89.00838191935745,5.19011346273192,5.801504617910633
M2,68.68348595312452,16.67577333327359,14.640740713601893
M3,8.614742356232675,71.327879685173,20.057377958594316
M5,46.63647951993901,31.48255725039605,21.880963229664943
M8,4.105974005269703,7.197789948713654,88.69623604601665
M9,87.78685946114076,5.7208416329790435,6.492298905880192
M10,7.663903993678555,81.04930736140503,11.286788644916413
M2,71.4897311747632,15.108077892129742,13.402190933107065
M3,9.759140184162886,70.28844045564543,19.952419360191683
M5,49.98349101097763,29.392401680400827,20.624107308621543
M7,52.07716676036217,46.419101059800425,1.5037321798374066
M9,89.15135931499275,5.052185711077496,5.796454973929758
M10,8.688406066299663,80.05783120032112,11.253762733379219
M2,70.2978645281464,15.619489303341764,14.08264616851183
M3,9.300050683965681,70.39139225403555,20.30855706199877
M5,48.55749605960246,30.032021130810644,21.4104828095869
M7,50.80748424225315,47.625106018633495,1.5674097391133515
M8,4.366332530525284,7.009736805193981,88.62393066428073
M10,8.278137111731505,80.25293636133894,11.46892652692955
M2,70.82720436747816,15.427555438421443,13.745240194100397
M3,9.488550479081974,70.43545926915927,20.075990251758753
M5,49.179110569186435,29.81570545731029,21.005183973503275
M7,51.31206087290482,47.15442646578092,1.533512661314255
M8,4.497377147653999,7.07840473583367,88.42421811651234
M9,88.82543495684537,5.194959193430515,5.9796058497241145
M2,68.7126396420555,17.352748990998144,13.93461136694635
M3,8.458706878845897,72.82845072673517,18.712842394418928
M5,46.52839222746958,32.70336564140946,20.768242131120957
M6,19.383790367470322,43.14216736371191,37.47404226881776
M9,87.84954025775905,5.96998704097129,6.1804727012696645
M10,7.457840226796465,82.0971102692194,10.445049503984137
M2,68.03784604484669,17.458900134334215,14.503253820819097
M3,8.2715217615951,72.46704493474769,19.261433303657213
M5,45.79893457375145,32.71172432674814,21.489341099500407
M6,18.88055057249029,42.740349977299104,38.3790994502106
M8,4.088682700846761,7.583337082214044,88.3279802169392
M10,7.3146810184426325,81.9015705117177,10.78374846983968
M2,68.20116312584155,17.526873233021064,14.27196364113739
M3,8.295389546126474,72.75847736708239,18.946133086791136
M5,45.97242330440077,32.86784440368115,21.159732291918083
M6,19.010215122740192,43.079569804713465,37.91021507254634
M8,4.157610247445534,7.722124318369434,88.12026543418503
M9,87.5986090804809,6.043752500278717,6.357638419240385
M2,70.38110746311284,16.183067714444192,13.435824822442967
M3,9.163732364331231,71.76773926979035,19.06852836587842
M5,48.53945859903769,31.065746941744532,20.39479445921778
M6,20.624999777909476,41.82905781882117,37.54594240326935
M7,50.01650604630523,48.514145540318665,1.4693484133761032
M10,8.101392950033297,81.21394850667625,10.684658543290453
M2,70.98288185852512,15.904504876782708,13.112613264692174
M3,9.381581399173621,71.69884504723969,18.919573553586687
M5,49.258174461121925,30.713175444918253,20.028650093959822
M6,21.108507588038684,41.700345261629316,37.19114715033199
M7,50.681049979190156,47.878356852438536,1.4405931683713078
M9,88.94539348660818,5.353659015076516,5.700947498315301
M2,69.74937413680645,16.479287987052224,13.771337876141324
M3,8.930335818622515,71.8560148322574,19.21364934912009
M5,47.80334861251001,31.429769159416157,20.766882228073836
M6,20.139168980946184,41.959769656819574,37.901061362234245
M7,49.33270184613608,49.16879476729481,1.498503386569105
M8,4.403969326497474,7.517461231936846,88.07856944156568
M2,68.14300086904385,16.89645529423188,14.960543836724273
M3,8.438520471492835,71.34745633545135,20.21402319305581
M4,15.181944536763972,22.452405388121633,62.36565007511439
M8,3.9932068794682962,7.156975656587813,88.8498174639439
M9,87.5009069749814,5.8351650329016405,6.663927992116955
M10,7.49864317752087,81.11805056535373,11.383306257125398
M2,70.58216857963312,15.70531254565751,13.712518874709371
M3,9.346768052270086,70.8556460856373,19.797585862092618
M4,16.772072425671553,22.258013368233502,60.96991420609494
M7,50.802812319433215,47.677831663983845,1.5193560165829396
M9,88.72017809171477,5.300439326619989,5.97938258166524
M10,8.303927905793094,80.55203158230478,11.144040511902134
M2,69.4620236792926,16.091476651585396,14.446499669122005
M3,8.9466603696831,70.7311080159083,20.322231614408594
M4,15.940810871252129,22.02150682751346,62.03768230123441
M7,49.76937731839555,48.637101223438016,1.5935214581664354
M8,4.210368822860233,7.04765799507044,88.74197318206933
M10,7.977629196292569,80.56013909866044,11.462231705046989
M2,69.90943686377432,15.993239286254438,14.097323849971245
M3,9.097771015605977,70.90119116064487,20.001037823749158
M4,16.292152922000966,22.230341660075034,61.477505417924
M7,50.096168271350635,48.348714965431554,1.5551167632178107
M8,4.3312969105708605,7.160031985319593,88.50867110410955
M9,88.38428270676657,5.431771568415986,6.183945724817445
M2,68.50027248136854,17.51059461208064,13.989132906550818
M3,8.37502267979207,72.97080600033108,18.654171319876852
M4,15.761091811880576,24.02421145010823,60.2146967380112
M6,19.23283930573856,43.32556187005007,37.44159882421136
M9,87.74633579817007,6.036265301360604,6.21739890046933
M10,7.378106797487544,82.2153291792589,10.406564023253551
M2,67.65658935801831,17.586119872823176,14.757290769158516
M3,8.164666404238396,72.39000616096259,19.44532743479901
M4,15.083681055537829,23.369781992868006,61.54653695159417
M6,18.62007132343377,42.66215492276393,38.717773753802305
M8,4.003535926267761,7.516835612884866,88.47962846084738
M10,7.227891848318198,81.87948254921542,10.892625602466381
M2,67.92276036893142,17.66299745036509,14.41424218070349
M3,8.20102331379629,72.79399117032483,19.004985515878886
M4,15.33279761492561,23.784388096242353,60.88281428883204
M6,18.7973401561969,43.14978521865421,38.052874625148895
M8,4.100661381582967,7.708294940969387,88.19104367744765
M9,87.46434828609858,6.098899996347294,6.436751717554122
M2,69.81649285726144,16.631228858607965,13.552278284130598
M3,8.89207090775214,72.2656067258965,18.842322366351354
M4,16.52240024094983,23.470468100693342,60.00713165835684
M6,20.190114697468278,42.41789350678306,37.391991795748666
M7,49.139710654480886,49.392205190730685,1.4680841547884285
M10,7.857604654543547,81.60515896461729,10.537236380839161
M2,70.30593647064933,16.44272049705599,13.251343032294681
M3,9.070509065060286,72.29434186983188,18.635149065107825
M4,16.89025662071468,23.56153207618685,59.54821130309847
M6,20.58257449580721,42.44111911842206,36.976306385770734
M7,49.60016850559328,48.961327172766275,1.438504321640444
M9,88.63254513815414,5.572097917813933,5.795356944031925
M2,69.18412018885998,16.873930756862997,13.941949054277025
M3,8.692418639645856,72.21229049388678,19.095290866467366
M4,16.06383656743863,23.365689282075785,60.57047415048559
M6,19.716301590111932,42.399973426389515,37.88372498349856
M7,48.53802111818857,49.95649368515254,1.5054851966588956
M8,4.313224971706898,7.602402867303045,88.08437216099006
M2,67.559612788296,17.65767260809986,14.782714603604148
M3,8.12815048711472,72.45496911502354,19.416880397861732
M4,15.03590491796092,23.4230704448374,61.54102463720168
M5,45.281617911371406,32.91624144063614,21.802140647992452
M9,87.26631305483961,6.112724795590439,6.620962149569947
M10,7.193557013499308,81.93266060963094,10.873782376869755
M2,66.5244999874529,17.825865886939667,15.649634125607434
M3,7.8643762469453975,71.92636022248284,20.20926353057176
M4,14.285982513750582,22.829677729316984,62.884339756932434
M5,44.177741422576005,32.94551735744987,22.87674121997412
M8,3.733858267097637,7.232619113965276,89.0335226189371
M10,6.987571934992568,81.65233507880535,11.360092986202076
M2,66.71022483587808,17.946893886157522,15.342881277964398
M3,7.88514549124152,72.32706231685549,19.787792191902994
M4,14.475625722511966,23.22681006511704,62.297564212371
M5,44.34615797530865,33.20303061483578,22.450811409855568
M8,3.8086598147639528,7.406555646255754,88.78478453898029
M9,86.81252814950678,6.259185604545165,6.92828624594806
M2,68.98310626276138,16.74912958946156,14.267764147777058
M3,8.672253213771901,71.77608916620544,19.551657620022667
M4,15.82573732822381,22.933691882585066,61.240570789191125
M5,46.915185168165664,31.72804094566088,21.356773886173457
M7,48.611000662624754,49.841650084508515,1.5473492528667308
M10,7.668592863456698,81.35258934416152,10.97881779238179
M2,69.44628017340362,16.602537291445717,13.95118253515066
M3,8.82340385571586,71.85285703885141,19.323739105432722
M4,16.16853063325519,23.053265714232108,60.7782036525127
M5,47.45012812447055,31.567909129069914,20.981962746459534
M7,49.027093045468696,49.45697975303714,1.515927201494165
M9,88.1883974805303,5.664518200542269,6.1470843189274325
M2,67.93236986133952,17.223347089038807,14.84428304962167
M3,8.30626874616593,71.87235540465295,19.821375849181123
M4,15.149394276542633,22.90862056025283,61.941985163204535
M5,45.732849388609964,32.27042381478435,21.996726796605685
M7,47.462351842922004,50.92755279687552,1.6100953602024788
M8,4.003428967637429,7.336458029966671,88.66011300239589
M2,66.83251876926099,18.800714587048578,14.366766643690436
M3,7.726004242412529,74.13973388683404,18.134261870753434
M4,14.925955633301033,25.040185035718455,60.03385933098052
M5,44.32904483076986,34.71050121741084,20.960453951819304
M6,18.089743697676386,44.84159207204835,37.06866423027527
M10,6.777518373735139,83.15271635472484,10.069765271540021
M2,66.99678177275608,18.80918142814827,14.194036799095649
M3,7.765992735885342,74.29081662220001,17.94319064191464
M4,15.064752535902265,25.220673622838603,59.714573841259124
M5,44.49248291626121,34.75486359789945,20.75265348583934
M6,18.200728425140568,45.0372638554094,36.76200771945003
M9,87.0547120235261,6.554722952244679,6.390565024229228
M2,65.96344628236812,18.98881104136561,15.047742676266264
M3,7.518394635435545,73.77323471857588,18.70837064598858
M4,14.315236616330363,24.57956194091625,61.10520144275338
M5,43.41572432725184,34.78388686713578,21.800388805612386
M6,17.498914840379822,44.42898351303701,38.072101646583164
M8,3.8166542539417985,7.941568952999413,88.24177679305879
M2,67.93286890697854,18.231066986695634,13.836064106325825
M3,8.091283624211442,73.94764022996337,17.96107614582519
M4,15.599230304121372,24.9613960619565,59.43937363392212
M5,45.56758613353153,34.01107163334339,20.42134223312508
M6,18.840807447004725,44.57327644364453,36.58591610935075
M7,46.213425209698386,52.33768066680378,1.448894123497837
M1,36.22468893471101,32.85375458078771,30.92155648450128
M6,21.772491845940312,39.76895772659756,38.45855042746213
M7,52.56531038222469,45.9360902778555,1.4985993399198136
M8,4.702938906928872,7.036449077468382,88.26061201560275
M9,89.30692421189795,4.956965489833543,5.736110298268507
M10,8.840276112895031,79.84547608184515,11.314247805259825
M1,35.96629136576793,32.56865995319676,31.465048681035313
M5,50.16570524302788,28.871910648963016,20.962384108009104
M7,52.57386402122387,45.89225812054358,1.5338778582325503
M8,4.602685943095176,6.874644880919909,88.5226691759849
M9,89.1847275994993,4.94349459108764,5.871777809413063
M10,8.828123974663491,79.59468001369267,11.577196011643835
M1,33.02561921512209,35.38074183386747,31.59363895101044
M5,46.79076515363784,31.83710268801253,21.37213215834963
M6,19.476325197719785,41.98793135326618,38.535743449014035
M8,4.20240018910415,7.42445248895306,88.37314732194278
M9,87.88740976371896,5.777895234472289,6.334695001808748
M10,7.628452000439753,81.4145405008167,10.95700749874355
M1,36.6051429395227,33.29369644952488,30.10116061095242
M5,50.73272960264452,29.34254851174143,19.92472188561405
M6,22.049062190455516,40.42146407992065,37.52947372962383
M7,52.515386938643,46.041536071300875,1.4430769900561273
M9,89.46791088640613,4.995322294497532,5.5367668190963375
M10,8.852400395518226,80.22368249413547,10.923917110346295
M1,35.04305110623997,33.819299343984525,31.137649549775503
M5,49.067275350650675,30.105637236313044,20.82708741303628
M6,20.909405409627016,40.642680370181616,38.44791422019137
M7,51.03469079995065,47.45019367518941,1.5151155248599366
M8,4.5186048423261305,7.196235772476279,88.28515938519759
M10,8.373263877666442,80.47278437066554,11.153951751668018
M1,35.86438088131544,33.621109512676895,30.514509606007664
M5,49.93972647332146,29.764298343166512,20.29597518351203
M6,21.51012008421829,40.61924943149899,37.87063048428272
M7,51.75645759115973,46.77219056414033,1.4713518446999387
M8,4.705120607424412,7.277390309020092,88.01748908355549
M9,89.15658951728274,5.13704777380368,5.706362708913581
M1,34.77570814235684,33.34598109463866,31.878310763004492
M4,16.586270741502304,21.66840439475329,61.74532486374441
M7,51.15807013802737,47.27452136352104,1.5674084984515915
M8,4.397549170312436,6.958809003095683,88.64364182659189
M9,88.66626733579167,5.214327052154801,6.119405612053526
M10,8.382281624368035,80.08777059508199,11.529947780549975
M1,32.50018099579681,35.55169334796188,31.94812565624131
M4,15.433548882273529,22.98370727527039,61.58274384245608
M6,19.097389226017377,42.06234576266435,38.840265011318266
M8,4.095662873860766,7.391032457575866,88.51330466856338
M9,87.63462201026177,5.879176866716609,6.486201123021626
M10,7.482198597304874,81.48748764633349,11.030313756361636
M1,35.58966302711689,34.26004186452235,30.15029510836075
M4,17.38625912902783,22.800762644607513,59.81297822636465
M6,21.30634362284392,41.33204287757227,37.36161349958382
M7,51.11354193318479,47.43971578894518,1.4467422778700296
M9,89.05599028923456,5.2636797417020835,5.680329969063359
M10,8.430511247988703,80.85504300814222,10.714445743869078
M1,34.22077364217635,34.411826246804395,31.367400111019265
M4,16.37638401971884,22.520144882268056,61.1034710980131
M6,20.26677390435903,41.19973967312397,38.533486422517
M7,49.91528911049775,48.55272995044207,1.5319809390601762
M8,4.37210857129082,7.284185535591159,88.34370589311801
M10,8.045650650133647,80.87231344301772,11.082035906848631
M1,34.57407955635061,34.73008131796805,30.69583912568134
M4,16.89878090426277,22.76992086213992,60.331298233597316
M6,20.777424413321565,41.41480763070604,37.80776795597239
M7,50.44548907891854,48.073217628418384,1.481293292663075
M8,4.552521538766132,7.431339518006453,88.01613894322742
M9,88.73057178703431,5.398258122442792,5.8711700905229005
M1,31.238844611842808,35.52309914245481,33.23805624570238
M4,14.559200294637902,22.54774137959484,62.89305832576726
M5,44.82483837169823,32.39571030240083,22.779451325900943
M8,3.805546573568762,7.143654227050029,89.0507991993812
M9,86.96544032733301,6.068098654096402,6.966461018570585
M10,7.190506740748118,81.35071589692645,11.458777362325435
M1,34.8704159127949,33.98995489904917,31.139629188155936
M4,16.793905271702744,22.30276813857788,60.903326589719384
M5,48.868320763730885,30.28443736452157,20.847241871747546
M7,50.787615731017425,47.69716844360709,1.5152158253754848
M9,88.72970657046451,5.304625331443688,5.965668098091797
M10,8.301393736739332,80.58451682798389,11.114089435276782
M1,32.930638649567236,34.49680142761925,32.572559922813504
M4,15.515311742709427,22.139795882806666,62.344892374483905
M5,46.75924580738135,31.13748927667494,22.10326491594371
M7,48.955815513661044,49.425894197911084,1.6182902884278718
M8,4.0827232259642265,7.060165236577787,88.85711153745798
M10,7.740132036177377,80.77023668630272,11.489631277519905
M1,33.971412690938415,34.200684681484425,31.827902627577153
M4,16.009617776881377,22.36086510598568,61.629517117132934
M5,47.513906721836975,30.96974875420603,21.516344523956995
M7,49.51199797225441,48.92017204534407,1.5678299824015198
M8,4.247997105060986,7.189037048846443,88.56296584609257
M9,88.16040096759652,5.546776251394403,6.2928227810090815
M1,31.993544146452184,37.101489574132394,30.904966279415426
M4,15.38189026637578,24.293946107975398,60.32416362564882
M5,45.48952716295728,33.524413740795524,20.986059096247196
M6,18.75410602688471,43.770395866729295,37.47549810638599
M9,87.41928384841934,6.221728245647675,6.358987905932985
M10,7.1358463551553,82.51110199004003,10.353051654804673
M1,30.454059836345543,36.72031978341435,32.8256203802401
M4,14.255344429183282,23.395580968890886,62.349074601925835
M5,43.85292525728186,33.58403391327896,22.56304082943918
M6,17.679204270533486,42.905513211365815,39.415282518100696
M8,3.7480206845465394,7.45528556646101,88.79669374899244
M10,6.8424467615129165,82.10545158490933,11.05210165357775
M1,30.875226228004017,37.17376133686806,31.95101243512793
M4,14.62125728493091,23.96235188052927,61.416390834539826
M5,44.27041373408737,33.854425045350666,21.875161220561964
M6,17.973344400080013,43.554919043440975,38.471736556479016
M8,3.885373829280794,7.716636336995083,88.39798983372413
M9,86.82860281711417,6.409021542332348,6.762375640553478
M1,33.77785808981228,35.88943090020035,30.332711009987378
M4,16.416249456615493,23.745445447964826,59.838305095419685
M5,47.5271670110683,32.09178858438738,20.38104440454432
M6,20.01931662474904,42.79817147270705,37.182511902543915
M7,48.6941541518576,49.84570567467164,1.460140173470755
M10,7.738946850637453,81.84512753073285,10.4159256186297
M1,34.97354574791459,35.330164525119685,29.69628972696573
M4,17.039025946259283,23.74417472421397,59.216799329526744
M5,48.571648324535346,31.57619080607753,19.852160869387124
M6,20.707935687522,42.63218344447732,36.659880868000684
M7,49.65246741102371,48.92862265360155,1.4189099353747423
M9,88.716323254351,5.567770902878699,5.7159058427703044
M1,32.48813406725774,36.29923243612069,31.212633496621578
M4,15.570521078472371,23.694793413524796,60.73468550800284
M5,46.11173126445302,32.73263907346963,21.155629662077352
M6,19.088072487528493,42.96327751491026,37.94864999756125
M7,47.57509502101096,50.9286330265233,1.4962719524657402
M8,4.171767869656131,7.693133933131735,88.13509819721213
M1,35.92375969499618,32.73547587337705,31.340764431626774
M3,9.84603047083686,69.82154423201371,20.332425297149427
M7,52.425893715145975,46.05098995318709,1.5231163316669338
M8,4.610345985362322,6.930100763510974,88.45955325112669
M9,89.1681637123678,4.974937294018313,5.856898993613886
M10,8.785983217128695,79.7194735940177,11.494543188853612
M1,33.56391019257082,35.54054260118795,30.89554720624122
M3,8.762644004286864,72.1604847482116,19.07687124750153
M6,19.85737593703,42.33002276089446,37.81260130207554
M8,4.350535927438635,7.601064903886697,88.04839916867466
M9,88.16435580115694,5.726626911804713,6.109017287038343
M10,7.740088745927357,81.58192840879532,10.677982845277327
M1,36.12542476546115,33.95911885986891,29.915456374669944
M3,9.733007290556841,71.197657896045,19.069334813398157
M6,21.70367340220582,41.10059599832428,37.1957305994699
M7,51.706156705911695,46.863154816417975,1.43068847767033
M9,89.27975223819111,5.152620405510984,5.567627356297908
M10,8.61272603809897,80.68361150783609,10.70366245406494
M1,35.15446561370456,34.106686327026786,30.738848059268655
M3,9.416297115259429,71.10105895657681,19.482643928163768
M6,20.987266697913903,41.03153397331317,37.98119932877294
M7,50.918137599440904,47.594609459240225,1.4872529413188715
M8,4.580927120541855,7.334949043942956,88.08412383551519
M10,8.351261812231902,80.69893106494555,10.949807122822548
M1,35.667563531603335,34.11179156892267,30.220644899473996
M3,9.571522226622294,71.23974961466634,19.18872815871137
M6,21.366843477095856,41.16713934920594,37.466017173698205
M7,51.27125561078744,47.27727556134972,1.4514688278628398
M8,4.714506811757419,7.441437472654037,87.84405571558855
M9,89.08587124663136,5.236486235182174,5.677642518186469
M1,32.9550794642377,35.07738412338558,31.967536412376724
M3,8.641604714477584,71.53282217177245,19.825573113749968
M5,46.737070255454285,31.612169606528326,21.65076013801739
M8,4.152060031783615,7.292449037874281,88.5554909303421
M9,87.83604644522096,5.744093967640667,6.419859587138375
M10,7.659483787500173,81.19539841896157,11.145117793538247
M1,36.12488497728314,33.21644262962439,30.658672393092473
M3,9.832390598297454,70.41212861571107,19.75548078599148
M5,50.24188115799194,29.39023260753571,20.367886234472348
M7,52.21356156368252,46.305068330500404,1.4813701058170778
M9,89.25899339362387,5.036442266033334,5.704564340342798
M10,8.744393303752902,80.12220688662406,11.133399809623043
M1,34.79835956387102,33.600129551526614,31.60151088460237
M3,9.374720274037474,70.47313263556597,20.152147090396554
M5,48.83414701176482,29.976140207882526,21.189712780352654
M7,50.99045635317623,47.46121778035256,1.5483258664712096
M8,4.430282871173131,7.0625485635528795,88.50716856527399
M10,8.346005887008861,80.28703488417274,11.366959228818402
M1,35.42986256241205,33.50468990715339,31.065447530434568
M3,9.576731128067328,70.54000819200189,19.883260679930785
M5,49.48513184734721,29.77437155146331,20.740496601189477
M7,51.5205524077521,46.96877691621151,1.5106706760363906
M8,4.57611994070273,7.145375542504075,88.2785045167932
M9,88.9642776628819,5.160128575461886,5.875593761656216
M1,32.80840022757087,37.40252891296746,29.789070859461667
M3,8.324965963892993,73.80009959783703,17.874934438269975
M5,46.3372871116676,33.57180240041893,20.09091048791347
M6,19.330571374285377,44.3623676469829,36.307060978731734
M9,87.85359025526894,6.1418403515857625,6.004569393145297
M10,7.294460274360309,82.7794594431367,9.926080282502994
M1,32.19846186710292,37.133831452555974,30.667706680341105
M3,8.179707790551054,73.39020895781772,18.43008325163123
M5,45.694805278105505,33.503191501283204,20.80200322061129
M6,18.900800129634405,43.86407972478055,37.23512014558504
M8,4.193402470335625,7.98160804237417,87.8249894872902
M10,7.175846509275479,82.55278187665347,10.271371614071057
M1,32.38894899492895,37.338163508579854,30.272887496491194
M3,8.209656085026722,73.63604315348357,18.154300761489708
M5,45.88993763713056,33.625547213037684,20.484515149831758
M6,19.035258132702307,44.16367054572904,36.80107132156865
M8,4.263741062597427,8.111461468058558,87.624797469344
M9,87.63500056017811,6.202296579953657,6.162702859868229
M1,34.51893385937702,35.791477964009594,29.689588176613377
M3,9.006686932439695,72.66354861672252,18.329764450837786
M5,48.32044654314502,31.835123944917616,19.844429511937367
M6,20.548835362099368,42.88848694968981,36.56267768821082
M7,49.31514291770262,49.26837122709992,1.4164858551974575
M10,7.927830536481642,81.84829787485378,10.22387158866458
M1,35.17040397135137,35.49171473390157,29.33788129474707
M3,9.241199383183673,72.51055920401045,18.248241412805882
M5,49.08113462759135,31.39830159271892,19.520563779689734
M6,21.055957416519107,42.6668388156504,36.27720376783049
M7,50.06535753570112,48.54254336106759,1.3920991032312955
M9,88.93395613812639,5.492301144668951,5.5737427172046585
M1,33.9543550544116,35.974344469149955,30.071300476438452
M3,8.813446826231853,72.70438576306327,18.482167410704875
M5,47.70034669729995,32.12103895236163,20.17861435033842
M6,20.146893052802017,42.94943995295961,36.90366699423838
M7,48.77289887506731,49.784707640662575,1.442393484270113
M8,4.500526615290772,7.867023039892368,87.63245034481686
M1,32.41473154049731,35.237260311458996,32.34800814804369
M3,8.44740315092111,71.57541191293731,19.977184936141583
M4,15.307352554014907,22.66643114389967,62.026216302085416
M8,4.041788414098942,7.25275622806469,88.70545535783637
M9,87.56409371875627,5.856791411072169,6.579114870171563
M10,7.507365113893261,81.26139336973235,11.231241516374396
M1,35.11671719308471,34.08939063851521,30.793892168400077
M3,9.407187214289099,71.07306145044025,19.519751335270655
M4,16.99589292082152,22.478847156085166,60.525259923093316
M7,50.9022072418908,47.60671803210114,1.4910747260080583
M9,88.84437027305478,5.2902910873050635,5.865338639640158
M10,8.34502559896022,80.68236214407689,10.97261225696289
M1,33.96782730246106,34.11741266268621,31.914760034852726
M3,9.025755649691725,70.86093936108509,20.113304989223195
M4,16.12998627799784,22.172933600260205,61.69708012174195
M7,49.90440883661068,48.52524831068219,1.5703428527071353
M8,4.277104254555559,7.123633836018458,88.59926190942599
M10,8.019505753172343,80.64261476905399,11.337879477773669
M1,34.27101032724045,34.40829616423352,31.320693508526034
M3,9.171553712015273,71.09484466822019,19.733601619764542
M4,16.5295532995361,22.43136422892428,61.039082471539615
M7,50.24654761444132,48.22714221589478,1.5263101696639012
M8,4.416733828701687,7.2611641899500885,88.32210198134823
M9,88.52835848987827,5.410274874869706,6.061366635252022
M1,32.814795870593585,37.693739692713145,29.49146443669327
M3,8.30375311113542,74.06794498200352,17.628301906861054
M4,16.097758098146237,25.176563134770493,58.72567876708327
M6,19.33530814266439,44.716835838971264,35.94785601836435
M9,87.8630971280192,6.192235152310428,5.944667719670366
M10,7.256042157445284,82.97053662353191,9.773421219022808
M1,32.08179822588622,37.25051706352046,30.66768471059332
M3,8.134099469443687,73.47268379154355,18.39321673901277
M4,15.474985192150829,24.470009605969782,60.055005201879396
M6,18.819341714647813,43.9714109949964,37.2092472903558
M8,4.177752423794179,8.005932398794267,87.81631517741155
M10,7.134267361135347,82.61893044363487,10.24680219522979
M1,32.35760526150834,37.51521371915512,30.12718101933654
M3,8.184069581615043,73.79434579575131,18.02158462263364
M4,15.728494228432167,24.827792929101793,59.44371284246604
M6,19.012517306302662,44.369527578729844,36.61795511496749
M8,4.276221582266154,8.181587752167415,87.54219066556642
M9,87.62512403381733,6.232680031954255,6.1421959342284165
M1,34.08867616864439,36.590188481762425,29.32113534959319
M3,8.785943434839286,73.33903776402288,17.87501880113784
M4,16.793288726053667,24.553067332592672,58.65364394135365
M6,20.244354788780157,43.736615861906294,36.01902934931355
M7,48.47821814885831,50.12946651629624,1.3923153348454491
M10,7.708156084780362,82.35357491964946,9.938268995570184
M1,34.67895630921112,36.323313808235135,28.99772988255375
M3,8.987232309337617,73.23272249820832,17.780045192454068
M4,17.18025021198861,24.501392053614143,58.31835773439725
M6,20.666564753629793,43.58171230522798,35.75172294114223
M7,49.08764383109651,49.54166984395638,1.3706863249471155
M9,88.72616663082579,5.693472031672702,5.580361337501511
M1,33.597263561397504,36.59407161577705,29.808664822825442
M3,8.640431289405779,73.21907826462848,18.14049044596574
M4,16.431828313428177,24.376598219594968,59.19157346697685
M6,19.89238692653493,43.60256286748195,36.505050205983125
M7,47.63450700832234,50.872398566722204,1.4930944249554585
M8,4.4838813960923085,8.056970965970443,87.45914763793724
M1,31.791269434569802,36.76395049479256,31.44478007063764
M3,8.09542025375073,72.9372061863675,18.967373559881764
M4,15.17366396345984,23.897201532358437,60.92913450418172
M5,45.303086834559245,33.2967088991501,21.400204266290658
M9,87.30546953590465,6.19402809475199,6.500502369343361
M10,7.140060950908555,82.26329751358782,10.596641535503636
M1,30.66364306287665,36.351264636168764,32.98509230095459
M3,7.830079425226703,72.23779117501209,19.93212939976121
M4,14.32388546033292,23.124403398119863,62.551711141547216
M5,44.109876295688565,33.22993992756365,22.660183776747786
M8,3.7577248874288434,7.352798070095329,88.88947704247582
M10,6.928442375590095,81.88087782276254,11.190679801647363
M1,30.896559891677786,36.805599326962636,32.29784078135958
M3,7.840568523721272,72.74840952877625,19.411021947502476
M4,14.562588175023553,23.62867860614409,61.80873321883236
M5,44.31860055431188,33.553849823587825,22.127549622100297
M8,3.8527229238146448,7.575794118100717,88.57148295808464
M9,86.82025738800016,6.346434578251578,6.833308033748264
M1,33.32171937771703,35.62549339494307,31.0527872273399
M3,8.681070039834038,72.18497420006703,19.133955760098928
M4,16.027907464928646,23.335304622794524,60.63678791227683
M5,47.069852943133014,31.981442262378234,20.94870479448875
M7,48.512997073448375,49.97726919848554,1.509733728066088
M10,7.669111736141051,81.61978849998981,10.711099763869143
M1,33.89910724188818,35.53448107885357,30.56641167925826
M3,8.844523115714388,72.25776261023182,18.897714274053783
M4,16.42642081782557,23.445865881206927,60.1277133009675
M5,47.69088079378384,31.772199256515922,20.536919949700238
M7,49.01836398416861,49.50568517597724,1.4759508398541499
M9,88.32518790429364,5.680217960238602,5.994594135467755
M1,32.208581582785186,35.97854192661704,31.812876490597773
M3,8.30178758601752,72.26543629438909,19.432776119593385
M4,15.315048687754182,23.287445606765715,61.3975057054801
M5,45.84679242615666,32.531618858012756,21.621588715830583
M7,47.5197788951646,50.93359873901469,1.5466223658207099
M8,4.072317656656953,7.503747378822284,88.42393496452077
M1,31.10331442917313,40.563086863276084,28.33359870755079
M3,7.51880425741768,76.28344913180813,16.19774661077419
M4,15.44635257032661,27.439103139051632,57.11454429062176
M5,44.16433447682358,36.61900037651987,19.216665146656545
M6,18.161043481003325,47.647484912280426,34.19147160671624
M10,6.512226802733598,84.5943600558951,8.893413141371312
M1,31.371332139517563,39.96076319947469,28.667904661007746
M3,7.652108307147558,75.8080432913663,16.53984840148614
M4,15.51810976470421,26.913699418270237,57.56819081702555
M5,44.52157794615678,36.0463285063436,19.43209354749962
M6,18.329673952252314,47.01311557545055,34.657210472297145
M9,87.17458951789402,6.8239695940442155,6.001440888061764
M1,30.54100208881682,39.83236351696561,29.626634394217568
M3,7.4446444547744575,75.48022092925723,17.07513461596831
M4,14.89214059446646,26.45633522505738,58.651524180476166
M5,43.63731191835631,36.15412306234246,20.208565019301233
M6,17.754348760869252,46.6164100426365,35.62924119649425
M8,4.085815110462805,8.790081455565234,87.12410343397197
M1,31.783645344512934,39.82787723776403,28.38847741772304
M3,7.775952267665741,75.78876660745912,16.435281124875132
M4,15.787583776174056,26.94014116651637,57.27227505730957
M5,44.976717981426084,35.82664591861131,19.196636099962603
M6,18.609533161190402,46.98081421051412,34.40965262829548
M7,44.694144741476556,53.97076611003305,1.3350891484903968
M1,36.582155572636324,32.53336082571333,30.884483601650345
M2,72.13645098869698,14.649768746107169,13.213780265195853
M7,53.04197384882247,45.468074700205506,1.489951450972022
M8,4.755712625271997,6.976534763119849,88.26775261160816
M9,89.43424081776975,4.880860591266886,5.684898590963366
M10,8.992066805585484,79.6264805869439,11.38145260747062
M1,33.83528469507488,35.19977456355296,30.964940741372168
M2,69.62963838959867,16.54209477380344,13.82826683659789
M6,20.044784457762237,42.00065347792494,37.954562064312825
M8,4.378537840708795,7.516235351138749,88.10522680815247
M9,88.28380326132196,5.634044086274651,6.082152652403385
M10,7.856738321529574,81.36642610324775,10.776835575222677
M1,37.461540851693265,33.058324352201915,29.48013479610482
M2,72.85647466038454,14.696425624395705,12.44709971521976
M6,22.685135055234607,40.354365841224165,36.960499103541224
M7,53.26133789622826,45.337156821160114,1.4015052826116232
M9,89.80998873928247,4.867690283730994,5.322320976986532
M10,9.100738470418761,80.13493374358072,10.764327786000521
M1,35.84495109196683,33.71806366200803,30.436985246025138
M2,71.46847541031649,15.360663202465231,13.170861387218283
M6,21.48956822290582,40.74171612210409,37.768715654990096
M7,51.67413285031963,46.859807438073084,1.4660597116072864
M8,4.712042396346471,7.313561169714123,87.9743964339394
M10,8.588356023936214,80.47362291751865,10.938021058545132
M1,36.82048058173717,33.36705478536613,29.8124646328967
M2,72.31322088945701,14.978537652003201,12.708241458539785
M6,22.219119035258846,40.555964174737696,37.22491679000346
M7,52.61507014295824,45.961359799557634,1.4235700574841275
M8,4.92545873896833,7.367161406437611,87.70737985459405
M9,89.55790239445822,4.982135468358039,5.459962137183736
M1,32.970981764385485,35.07569911343277,31.953319122181746
M2,68.8169902422124,16.714216650756143,14.468793107031459
M5,46.75505896063397,31.606309704997454,21.63863133436858
M8,4.155676516784919,7.294712741629409,88.54961074158567
M9,87.84405096007914,5.741329302701675,6.414619737219181
M10,7.663490938962316,81.19541100737199,11.1410980536657
M1,37.578834859599,32.383807548490246,30.037357591910755
M2,72.9757283563041,14.365495650686467,12.65877599300943
M5,51.81888292070125,28.399343450122064,19.781773629176687
M7,53.85599432074113,44.70812107160659,1.4358846076522767
M9,89.84603802001737,4.752151297421103,5.401810682561522
M10,9.268919097570668,79.60792476822095,11.123156134208372
M1,35.295686340705274,33.44957303346623,31.254740625828497
M2,70.97809784692822,15.373252885025568,13.64864926804621
M5,49.360700065585775,29.751742103148143,20.887557831266083
M7,51.46511379434313,47.01112191248206,1.523764293174807
M8,4.536756928048827,7.097526008172786,88.36571706377838
M10,8.496120436798702,80.2207137950221,11.283165768179188
M1,36.5207894372937,32.93140041167596,30.54781015103034
M2,72.07467992205056,14.843712061988201,13.081608015961235
M5,50.68024217404137,29.06221639567322,20.25754143028541
M7,52.709789145602194,45.81687211913626,1.4733387352615495
M8,4.789951286861598,7.125292727000506,88.0847559861379
M9,89.42027365568985,4.948114219994089,5.631612124316057
M1,33.425221088954366,36.33953835637697,30.235240554668657
M2,69.23141907555603,17.182765752787272,13.585815171656694
M5,47.10709975742188,32.544562603715036,20.348337638863086
M6,19.770425996462713,43.24446848286785,36.98510552066944
M9,88.12250214289281,5.878171150895394,5.999326706211793
M10,7.589264231680659,82.12244911810475,10.288286650214587
M1,32.352845746568285,36.43041765674508,31.216736596686644
M2,68.19778109354722,17.52173150985302,14.28048739659976
M5,45.97173616714589,32.856872686087264,21.171391146766844
M6,19.007720804996914,43.06419890139344,37.92808029360964
M8,4.155566359830198,7.716153876858045,88.12827976331175
M10,7.317006109722148,82.08313275006289,10.59986114021497
M1,32.72440474747314,36.515365221270734,30.760230031256135
M2,68.54896851884749,17.468567176473588,13.982464304678924
M5,46.32408209634472,32.875093731814445,20.800824171840837
M6,19.26669310272204,43.26892098829004,37.464385908987914
M8,4.253586964435165,7.832733755039789,87.91367928052506
M9,87.76848341927827,6.0198492671366,6.2116673135851315
M1,36.16088361990136,34.29348641808753,29.545629962011105
M2,71.73328229065137,15.544272889910872,12.722444819437754
M5,50.164826649883814,30.253298225268015,19.58187512484817
M6,21.73625522131778,41.51343452500434,36.75031025367788
M7,51.50035050653203,47.09362189530414,1.4060275981638313
M10,8.561931866372243,80.93641670270603,10.501651430921726
M1,38.1753442995908,33.14136772267139,28.683287977737812
M2,73.45373030121094,14.568133274464978,11.978136424324083
M5,52.32888969922974,28.888107257336546,18.783003043433713
M6,23.23776430148244,40.63309979551855,36.12913590299901
M7,53.701602173800474,44.94962859156141,1.3487692346381195
M9,90.09834910769149,4.803195789914485,5.098455102394025
M1,34.87016204500379,35.06410070280942,30.0657372521868
M2,70.91621777414873,15.976015236042173,13.107766989809093
M5,49.1644868138825,30.83201350199913,20.003499684118374
M6,21.05608648449142,41.82447594546279,37.1194375700458
M7,50.538871042830884,48.023652002994055,1.437476954175061
M8,4.682089986509397,7.6214723002430445,87.69643771324756
M1,32.30466157179081,35.31833740665118,32.377001021558016
M2,68.15684488745734,17.015207463967535,14.827947648575126
M4,15.244479661792342,22.69879921227604,62.05672112593162
M8,4.023660681541726,7.260401762207156,88.71593755625112
M9,87.50964771295338,5.885336637760926,6.605015649285693
M10,7.469882504114228,81.3037917216527,11.226325774233075
M1,35.99142777661721,33.59833190414986,30.41024031923294
M2,71.59698662446345,15.271009075952792,13.132004299583754
M4,17.535132577947415,22.30071799060876,60.16414943144382
M7,51.863846189114724,46.67195245022044,1.4642013606648376
M9,89.22593167876381,5.101484800765398,5.672583520470788
M10,8.646012871749564,80.39670304192732,10.957284086323114
M1,34.08424506239474,34.219286609856844,31.696468327748413
M2,69.91914920894476,15.992123985934164,14.088726805121077
M4,16.299904958918294,22.252077928359704,61.448017112722006
M7,50.08449874103798,48.36221113384061,1.553290125121407
M8,4.3347596510586595,7.169466635310778,88.49577371363056
M10,8.071140167420223,80.6696385699946,11.259221262585172
M1,35.0176942149196,33.99908142356425,30.98322436151615
M2,70.72267692482129,15.687874435312878,13.589448639865836
M4,16.903323786529477,22.360156100268746,60.73652011320177
M7,50.89092599267317,47.60480627401346,1.5042677333133696
M8,4.533326939433685,7.263891860623251,88.20278119994306
M9,88.79786019477955,5.287127809923104,5.915011995297351
M1,33.24454511008517,36.60413842032255,30.15131646959228
M2,69.05523679419144,17.356935938774395,13.58782726703416
M4,16.18146461555223,24.25281672970757,59.5657186547402
M6,19.64176269652384,43.51516022251574,36.84307708096042
M9,88.04267199205363,5.946370714991145,6.0109572929552275
M10,7.508352449722868,82.28612431004278,10.205523240234356
M1,31.965725868002693,36.520889929962024,31.513384202035283
M2,67.80705652745165,17.6894020121313,14.50354146041705
M4,15.248118612082791,23.725247764107465,61.026633623809744
M6,18.727075147798757,43.080416270717,38.19250858148424
M8,4.071211185449642,7.6763668997248855,88.25242191482548
M10,7.213850114155606,82.11467074342129,10.67147914242311
M1,32.446264055538016,36.69515774668548,30.858578197776495
M2,68.2760732576049,17.634135264627286,14.089791477767807
M4,15.621876185606405,24.060831846100957,60.317291968292636
M6,19.0696456212836,43.4093880803026,37.5209662984138
M8,4.205319016192185,7.849256612877454,87.94542437093035
M9,87.63091716717003,6.091869342496167,6.277213490333807
M1,35.114550262748274,35.38450249841772,29.500947238834
M2,71.01340180396508,16.14042558826198,12.846172607772939
M4,17.42137034420969,23.616004659962982,58.962624995827326
M6,21.147906003892306,42.37936285646636,36.47273113964134
M7,50.33443783676057,48.264549205710196,1.4010129575292325
M10,8.220364018085778,81.50031429805955,10.279321683854675
M1,36.6526579406753,34.5714339275798,28.775908131744906
M2,72.14818789172006,15.54895190836289,12.302860199917054
M4,18.2695292589873,23.47798331502289,58.252487425989806
M6,22.09931596124442,41.99178105339606,35.90890298535951
M7,51.659928321112105,46.98484984304533,1.3552218358425634
M9,89.52168224590537,5.185038825594345,5.293278928500287
M1,34.83420073374948,35.19606002129584,29.969739244954674
M2,70.23905930665711,16.494657005338514,13.266283688004375
M4,16.853044129875006,23.60759500278034,59.539360867344655
M6,20.530497684247862,42.51056479863332,36.95893751711882
M7,49.49684157761934,49.06468094584778,1.4384774765328743
M8,4.58011271513047,7.775774368025398,87.64411291684414
M1,31.715655697352467,36.506039459469946,31.77830484317758
M2,67.55453711860594,17.758616907090655,14.68684597430341
M4,15.070724479985287,23.624755512235822,61.30452000777889
M5,45.24837703043925,33.099251974128016,21.652370995432733
M9,87.2765864690049,6.145240432451623,6.57817309854348
M10,7.1601667631638595,82.08023339546453,10.75959984137161
M1,30.117920608152673,36.48434170410966,33.39773768773767
M2,65.90986711598039,18.232875113696775,15.857257770322835
M4,13.983261478477138,23.069623165904005,62.94711535561886
M5,43.487462122298545,33.482373469398276,23.03016440830318
M8,3.6514569507889476,7.302526377156717,89.04601667205435
M10,6.791875119065265,81.91951750208155,11.288607378853186
M1,30.429905650113422,36.787416558105825,32.78267779178075
M2,66.23248307827518,18.285538284768933,15.481978636955887
M4,14.24387136474999,23.454527582628092,62.30160105262192
M5,43.80379203649369,33.6576127357408,22.538595227765512
M8,3.7469661972547548,7.477919506033899,88.77511429671135
M9,86.55196379772921,6.4261847724696235,7.021851429801162
M1,33.88750619190293,35.11666541431864,30.99582839377843
M2,69.68032194273913,16.48957287826792,13.830105178992952
M4,16.327302678760418,23.04198963122053,60.63070769001905
M5,47.7369003982674,31.41670763466298,20.846391967069618
M7,49.285876800171295,49.208694886107914,1.5054283137207918
M10,7.881972677104255,81.31229094290141,10.805736379994329
M1,35.37006753044127,34.444350567457064,30.18558190210166
M2,71.0453791123461,15.79332886562498,13.161292022028922
M4,17.265412561154502,22.90301176020235,59.83157567864315
M5,49.33578625924072,30.55190114705224,20.11231259370704
M7,50.8475063596285,47.70332592123705,1.4491677191344507
M9,88.96501856890184,5.319548626565467,5.715432804532693
M1,32.052931365190084,35.912717305975995,32.034351328833914
M2,67.9001167539471,17.37482058991072,14.725062656142178
M4,15.19265131085806,23.170261850035402,61.637086839106544
M5,45.6845490559802,32.512168560012704,21.803282384007098
M7,47.50660100453044,50.94186718596102,1.551531809508539
M8,4.0286563859195725,7.4455816820200695,88.52576193206036
M1,31.287064491332668,38.26053455002253,30.4524009586448
M2,67.10229634654675,18.73095771418575,14.1667459392675
M4,15.118175760073044,25.1650412893118,59.716782950615155
M5,44.613983395843235,34.64934256200657,20.7366740421502
M6,18.271477982761873,44.95278586071572,36.77573615652241
M10,6.831867221879111,83.19537405227906,9.972758725841828
M1,31.687519980625748,38.22334719623453,30.08913282313972
M2,67.49897660955665,18.592983606268355,13.908039784174996
M4,15.391306063660672,25.27997444921662,59.32871948712271
M5,45.044769374866405,34.530809198305526,20.42442142682807
M6,18.54218023624507,45.03226328071399,36.425556483040936
M9,87.30831238131864,6.446962437733875,6.244725180947482
M1,29.7042571733962,38.35308538905916,31.94265743754464
M2,65.43820255913505,19.293031035540274,15.268766405324676
M4,14.035780702321608,24.684440621995435,61.27977867568296
M5,42.841129358246086,35.15620027756418,22.002670364189733
M6,17.163408580909117,44.63981887674578,38.1967725423451
M8,3.7341697346549503,7.958687871554333,88.30714239379071
M1,34.305862623778864,36.66229655767899,29.031840818542143
M2,70.04993594920134,17.089494280797005,12.860569770001653
M4,16.978489973752225,24.69984085311479,58.321669173132975
M5,48.007257218423256,32.59532914349595,19.397413638080792
M6,20.402048846669217,43.88484139553204,35.71310975779874
M7,48.595191606252484,50.031641020942615,1.3731673728049003
M1,33.61701900491189,34.95849477594022,31.424486219147887
M2,69.43688833412956,16.484774268428136,14.0783373974423
M3,8.849574577299109,71.58301538870565,19.567410033995245
M8,4.29740549185397,7.374411199854115,88.32818330829193
M9,88.16999111378783,5.625277894023399,6.204730992188771
M10,7.8412033465480215,81.17315483100144,10.985641822450532
M1,36.77784240333792,33.0864374056086,30.13572019105348
M2,72.28051902557716,14.861393935412332,12.858087039010504
M3,10.05456508542527,70.44254414827626,19.502890766298478
M7,52.76779729697651,45.78662751460168,1.445575188421806
M9,89.53138200432971,4.951095129515215,5.517522866155071
M10,8.929239027424977,80.08644498735384,10.984315985221173
M1,35.41636447113608,33.57565721522696,31.00797831363696
M2,71.08917075252948,15.393687651099967,13.51714159637055
M3,9.569391003988828,70.60583026189461,19.824778734116563
M7,51.48144156951618,47.012422871384906,1.5061355590989152
M8,4.584297320141108,7.170442430253267,88.24526024960562
M10,8.50842796921814,80.3236219053285,11.167950125453373
M1,36.15032679393553,33.36583082229552,30.483842383768952
M2,71.74387390398465,15.118799189416944,13.137326906598407
M3,9.824536624184033,70.57261679096771,19.60284658484825
M7,52.14191203597467,46.38891352960811,1.4691744344172193
M8,4.748066823621899,7.229302314517927,88.02263086186018
M9,89.27415193483266,5.0635903599206955,5.662257705246645
M1,33.75427177715981,36.82711224725573,29.418615975584473
M2,69.53508477401165,17.318030360021396,13.146884865966953
M3,8.662306198310572,73.48371420163319,17.853979600056235
M6,20.00552100462636,43.92984831728038,36.06463067809326
M9,88.29888158501664,5.908953904714349,5.792164510269006
M10,7.595769700764782,82.48206632097249,9.92216397826273
M1,33.086962780519926,36.77764496261096,30.135392256869117
M2,68.9037742908864,17.47734603490968,13.618879674203917
M3,8.471356849827497,73.27146510685454,18.257178043317964
M6,19.529585387861342,43.681717245634665,36.78869736650399
M8,4.374805894240767,8.023400735362866,87.60179337039636
M10,7.446627510304185,82.38900459538543,10.164367894310388
M1,33.38072637691019,36.82792101110947,29.791352611980344
M2,69.18690177710015,17.419747884864254,13.3933503380356
M3,8.553960769253266,73.3900050286546,18.056034202092135
M6,19.737745833482254,43.82631483005371,36.43593933646404
M8,4.456218164495707,8.110984138980376,87.43279769652392
M9,88.12319121180191,5.956894713250302,5.919914074947789
M1,35.244337541838156,35.511034722087985,29.244627736073866
M2,71.23633227668455,16.084422740416656,12.679244982898794
M3,9.401576263668995,72.35531882862493,18.24310490770607
M6,21.328339899066282,42.479769762328694,36.19189033860503
M7,50.50005505595088,48.11717231522479,1.382772628824327
M10,8.275397164537729,81.54204451315056,10.182558322311706
M1,36.49798138014358,34.71678098505099,28.785237634805434
M2,72.01599503452594,15.64855527712468,12.335449688349376
M3,9.736236298247894,72.08992538826377,18.173838313488346
M6,21.984932099938927,42.128262474347856,35.88680542571321
M7,51.452121089504196,47.19197459506244,1.3559043154333636
M9,89.46077266656809,5.225325593046884,5.313901740385026
M1,35.09805051393773,35.41299472406625,29.488954761996027
M2,70.81191046530299,16.289631756953515,12.898457777743499
M3,9.236651130812046,72.41682743784291,18.34652143134504
M6,20.98577721841232,42.568837748804825,36.44538503278285
M7,50.03199010095362,48.565633577553506,1.4023763214928735
M8,4.7382513456618,7.868184587573682,87.39356406676453
M1,33.103164018137825,36.10985797617825,30.786978005683935
M2,68.92077405425358,17.169056054811687,13.910169890934728
M3,8.545741900848771,72.6277208437674,18.826537255383826
M5,46.78561865758196,32.44130807046805,20.77307327194999
M9,87.94172374799138,5.900231095523622,6.158045156485003
M10,7.545824742536793,81.93662945561454,10.51754580184867
M1,32.226230030646335,36.09526915462549,31.678500814728174
M2,68.07174234883195,17.40982709030285,14.518430560865202
M3,8.29008189030636,72.39311973636299,19.316798373330656
M5,45.843134869146326,32.63457797331336,21.522287157540312
M8,4.087669555121942,7.556291413018635,88.35603903185941
M10,7.3345650289609745,81.84699778883217,10.81843718220685
M1,32.453045887553145,36.28110967718812,31.265844435258735
M2,68.30607479102815,17.42189670693779,14.272028502034058
M3,8.34028732955526,72.62427140601123,19.035441264433516
M5,46.097078183870195,32.70686102321412,21.196060792915688
M8,4.163390037036454,7.675238934263329,88.16137102870022
M9,87.64221459526593,6.002412805891753,6.355372598842321
M1,35.38308132657758,34.31121946616267,30.30569920725975
M2,71.0509962956175,15.739670978996424,13.209332725386082
M3,9.458469538485115,71.37391312855078,19.1676173329641
M5,49.36264440153467,30.440381420251118,20.19697417821421
M7,50.94707436661349,47.59554250346187,1.4573831299246365
M10,8.372156880807683,80.87237635846736,10.755466760724957
M1,36.57773950066541,33.68986551915432,29.732394980180274
M2,72.10052709211821,15.170432727025268,12.729040180856519
M3,9.911269626638335,71.02927919814448,19.05945117521719
M5,50.658868122139076,29.66971031571175,19.671421562149174
M7,52.216562958257875,46.365167920051945,1.4182691216901802
M9,89.46515929006242,5.058898521817024,5.475942188120559
M1,34.50938440299902,34.72838914248366,30.762226454517325
M2,70.25644998250624,16.1454956783182,13.598054339175562
M3,9.145966008273504,71.57316081087824,19.28087318084826
M5,48.42390760583472,30.96424366932698,20.6118487248383
M7,50.0273698378079,48.483719574976305,1.4889105872157913
M8,4.493299707318084,7.4587018333377495,88.04799845934416
M1,32.11557298521838,39.05676889346617,28.82765812131545
M2,67.92377973577653,18.85239810069299,13.223822163530475
M3,7.963145133271447,75.16283931378642,16.874015552942126
M5,45.441170437077744,35.08910256661122,19.46972699631104
M6,18.848793044289216,46.15011094604252,35.001096009668274
M10,6.907202346479716,83.77710087925563,9.315696774264651
M1,32.46559034468682,38.71829717736189,28.816112477951293
M2,68.28149737747601,18.576846227408343,13.141656395115643
M3,8.094313645916115,74.93867012069398,16.9670162333899
M5,45.85206467065033,34.723632553641586,19.424302775708085
M6,19.09813839118444,45.84487610739557,35.056985501419994
M9,87.72814879983403,6.4133113013512455,5.8585398988147235
M1,31.722226259580285,38.84029833934729,29.437475401072426
M2,67.54042730570933,18.868287447511943,13.591285246778728
M3,7.868531320268399,74.8709182043767,17.260550475354904
M5,45.0352577945645,35.01773267609326,19.94700952934224
M6,18.577223348242352,45.77015660992582,35.652620041831824
M8,4.270981042377385,8.623493433135115,87.1055255244875
M1,34.192201688821015,37.294798742695896,28.51299956848309
M2,69.93469300185821,17.413685213832952,12.65162178430884
M3,8.741236659165972,74.03746023430219,17.221303106531835
M5,47.81674462445087,33.14248956539934,19.040765810149793
M6,20.321544310428127,44.629236455590295,35.04921923398158
M7,47.74585635296795,50.864448572616105,1.3896950744159469
M1,32.81263279188779,36.348212123444625,30.83915508466758
M2,68.63812800465338,17.36379484495161,13.998077150395009
M3,8.435618419605941,72.78828952106126,18.776092059332797
M4,15.812905825862293,23.854062070798218,60.33303210333949
M9,87.80230321739312,5.982595024493303,6.21510175811358
M10,7.442512989826691,82.07405514794453,10.48343186222877
M1,31.770562155435144,36.17992242780076,32.049515416764095
M2,67.60545479996811,17.591731057921656,14.802814142110229
M3,8.154416043857307,72.35406473635346,19.491519219789225
M4,15.046738972706345,23.331430168224717,61.621830859068936
M8,3.9903155756737156,7.49802144960128,88.511662974725
M10,7.220691870281952,81.85857202372732,10.920736105990727
M1,32.0896684235749,36.42520578848944,31.485125787935665
M2,67.92466283345847,17.61376974783681,14.461567418704721
M3,8.216166684224786,72.68231337668996,19.10151993908525
M4,15.316679228797025,23.67625232638787,61.007068444815104
M8,4.090611503866299,7.662479693131246,88.24690880300246
M9,87.46645391652358,6.077222865884533,6.4563232175918905
M1,34.68502553163716,34.97281419980085,30.342160268561983
M2,70.28859419812612,16.306131168774584,13.405274633099296
M3,9.088758840252185,71.97827847486289,18.932962684884927
M4,16.801791147236045,23.243546730950325,59.95466212181363
M7,49.79908596209537,48.73924617554136,1.4616678623632708
M10,8.043500765840077,81.35745683049515,10.599042403664768
M1,34.95075144123124,35.1481495495248,29.901099009243964
M2,71.03100539536251,15.962496737678503,13.006497866958984
M3,9.386526423172775,71.8727432013021,18.740730375525132
M4,17.33105404545156,23.25102993634296,59.417916018205474
M7,50.60688350290198,47.96725812089312,1.4258583762049
M9,88.97396341472556,5.373202280630529,5.652834304643911
M1,33.702559304302135,35.37043522676497,30.927005468932904
M2,69.50255548525372,16.65677889288513,13.840665621861149
M3,8.824067758709862,72.02421730471598,19.151714936574166
M4,16.248565050369496,23.220755355683075,60.53067959394743
M7,48.976870302334504,49.52231689760652,1.5008128000589736
M8,4.365335468311804,7.559324076219179,88.07534045546902
M1,32.55106252724165,39.29652877850283,28.152408694255527
M2,68.33571878870745,18.83767953922806,12.826601672064488
M3,8.049909292525742,75.49641477831578,16.45367592915848
M4,16.24127117835565,26.708478840243092,57.050249981401265
M6,19.15111406555702,46.56028595076882,34.28859998367415
M10,6.984920971822106,83.95741894547065,9.057660082707244
M1,32.91301103213617,38.83663541673429,28.250353551129542
M2,68.69924739423011,18.507753546414705,12.792999059355182
M3,8.19766877037673,75.17121269599322,16.631118533630044
M4,16.416530987338586,26.378682348845963,57.20478666381545
M6,19.404637957145617,46.11899704671166,34.47636499614273
M9,87.95509116294761,6.3637005808312255,5.681208256221164
M1,32.12625147685045,38.94567600371181,28.928072519437734
M2,67.93891993669878,18.793998442460122,13.267081620841097
M3,7.978810184266531,75.06185862058331,16.959331195150156
M4,15.853422669052037,26.181739626130977,57.964837704816986
M6,18.85754628820142,46.01818495420737,35.12426875759121
M8,4.38805944927387,8.771143280164361,86.84079727056177
M1,34.35627136199877,37.7607631269971,27.882965511004123
M2,70.08449788865109,17.577358747880837,12.338143363468077
M3,8.731701682071954,74.5270683409841,16.74122997694394
M4,17.264553976109376,25.846107787201813,56.889338236688815
M6,20.443292107420977,45.23111040722855,34.32559748535048
M7,47.815567111468724,50.868255465275055,1.316177423256221
M1,30.92874461114109,37.94666249580943,31.124592893049474
M2,66.72645940305979,18.702067089362107,14.571473507578101
M3,7.73595834547369,73.84639475891493,18.417646895611384
M4,14.800219853243988,24.731641663082968,60.468138483673044
M5,44.253062089778275,34.48482204784102,21.262115862380703
M10,6.7901406465852565,82.96417576428908,10.245683589125662
M1,31.1325945914161,38.0707750056193,30.79663040296459
M2,66.94300539865985,18.69081619449398,14.36617840684617
M3,7.7742973971372145,74.01873281645662,18.206969786406162
M4,14.969128752245954,24.924874113818944,60.105997133935105
M5,44.45846701511759,34.543737978858495,20.997795006023914
M9,87.0021202601455,6.520679452833067,6.47720028702143
M1,29.802063626584292,37.99326605993024,32.20467031348546
M2,65.5478407037345,19.08219529808078,15.369963998184726
M3,7.417583523602212,73.6102440735528,18.972172402844976
M4,14.036932920105066,24.37562261622466,61.587444463670266
M5,42.98447780838195,34.83009741550957,22.185424776108476
M8,3.7216330831083746,7.832269538179985,88.44609737871164
M1,32.53922640076089,37.15481864674419,30.305954952494915
M2,68.36588305511121,17.820716017142622,13.813400927746166
M3,8.267163045977165,73.50061510075666,18.232221853266168
M4,15.784611944325897,24.54003307680947,59.67535497886463
M5,46.071214746014526,33.436018375612974,20.4927668783725
M7,46.916778179952026,51.62397861160614,1.4592432084418334
M1,31.291876387938967,41.528237070472116,27.179886541588914
M2,67.04266738462069,20.32274548181823,12.634587133561084
M3,7.475166554567112,77.16989329652064,15.354940148912249
M4,15.790235021350972,28.53809268381902,55.67167229483002
M5,44.27764441839478,37.35272176445315,18.36963381715207
M6,18.281660454543502,48.863266182763624,32.85507336269288
