5.584084392818586956e-02
9.864456978819108324e-02
7.079314097364555747e-02
1.989871278507779617e-01
4.133486644464201554e-02
1.069363522608282185e-01
5.696709247510910179e-02
1.717662008489962422e-01
5.311740734124680008e-02
1.362680664318291768e-01
7.713672154429447592e-02
2.348270962203884427e-01
3.960890735726698558e-02
1.102919560512685693e-01
6.071576348107132759e-02
2.198590071400790824e-01
1.830362128968936741e-01
8.409828888686458892e-02
1.124679384300976553e-01
6.655943598019667395e-02
1.781661747578541788e-01
1.400293100799972768e-01
1.060058832737987705e-01
9.806371793519391700e-02
1.927287233894823815e-01
1.950566812985854992e-01
1.472027971300363391e-01
1.713359568596467541e-01
1.536831529778165117e-01
1.311319992734854833e-01
9.518423774370897428e-02
1.171179356530560323e-01
1.874246174879501681e-01
4.991837222756583675e-02
1.175362070100124112e-01
5.644901966063320398e-02
1.751293732556256366e-01
5.361563254251809629e-02
9.741490842133983252e-02
6.498458742298836299e-02
1.738140597793007280e-01
9.797330681406266062e-02
7.178868584948976117e-02
1.113837660329403539e-01
1.359959975525318610e-01
4.900052204301669212e-02
5.742545556794927120e-02
7.695173003630666198e-02
6.647013757641498377e-02
1.013456431666951291e-01
2.867063468193344414e-02
2.127952095809742539e-01
7.139079910028890696e-02
1.399440292008562181e-01
3.787294127686330336e-02
2.200286779889520927e-01
8.322501135624410518e-02
1.801988868163373614e-01
1.021061051244469414e-01
2.584272514203406201e-01
3.475368501346035033e-02
1.451088206265399860e-01
6.116295356005975459e-02
2.562769895320092250e-01
9.558494383518544024e-02
7.642461829416780095e-02
1.431808266587704555e-02
1.973443063509557338e-01
1.186753042706805983e-01
1.233057678611627628e-01
1.911642863884779539e-02
1.835528946986581256e-01
1.277464487524974102e-01
1.777972741444358296e-01
1.023298762528162542e-01
2.250672323845086809e-01
7.635749198470787036e-02
1.304213367086198005e-01
2.474848253341058180e-02
2.082815447855904112e-01
7.760279401807680666e-02
7.279535189958964703e-02
7.528035181943647236e-02
1.704456470907925181e-01
3.876241162749684971e-02
6.488847105101723522e-02
4.266111484593104047e-02
1.569105414633185647e-01
5.299358335184369689e-02
1.181626455426908751e-01
4.490767415499280490e-02
2.030932947760437091e-01
4.642836584605199157e-02
1.169480205177876875e-01
6.773960558055455716e-02
2.490506313149126461e-01
1.509822068550234486e-01
9.678776383522248727e-02
1.192864678207458257e-01
7.416349169458590074e-02
1.804148351572592013e-01
1.384461833440945033e-01
1.253123790344171373e-01
9.350508140892033193e-02
1.811326119381283795e-01
1.613592545631602204e-01
1.446450986526466864e-01
1.554206581289110101e-01
1.729288393771081234e-01
1.161159221038443323e-01
3.639879869346263064e-02
1.080746105837730453e-01
1.860818083228124864e-01
2.611499702101078776e-02
1.128079705962442558e-01
4.258423876480203762e-02
1.743054103728609305e-01
7.467006914080716318e-02
9.283105849041636826e-02
7.833050618167018697e-02
1.516819644908547482e-01
1.157203065691935345e-01
6.221774720626168514e-02
1.054836475924018774e-01
1.392406319706716300e-01
4.152275362840925077e-02
5.601847984957995796e-02
1.075187383727763540e-01
4.691489692370941905e-02
1.083714128309936214e-01
4.051963806448995176e-02
2.267566819344624673e-01
5.026392790207968864e-02
1.217225670576192603e-01
4.109963721730341968e-02
2.048398233471860064e-01
1.067753721297060587e-01
1.775148758149063810e-01
8.920857090832369496e-02
2.433977333040044655e-01
3.231698558805261995e-02
1.430472484552711143e-01
5.705347635813078772e-02
2.507586424472789122e-01
8.605451791125524885e-02
7.399237794975362104e-02
1.623806060551811342e-02
1.917308481867268655e-01
8.777869310467120711e-02
1.131998185082901676e-01
4.553818366901458969e-02
1.873634573952336624e-01
1.286675186267921822e-01
1.766702801595136652e-01
7.762653100067233580e-02
2.153659604292806895e-01
8.911460839159397740e-02
1.208875926891693070e-01
2.675541642214832386e-02
2.120699043033747178e-01
1.216207620256489347e-01
2.810603530102003325e-02
9.226020761191737474e-02
1.319090659719621417e-01
1.156030203448726729e-01
3.199470585735374184e-02
4.030651972867360655e-02
1.351985730699724053e-01
7.229785255439638569e-02
8.732628553658927650e-02
1.811852352117392095e-02
1.630423891323546648e-01
9.790735491865765194e-02
6.277956889141203534e-02
3.700463087006199830e-02
1.698648291763651119e-01
2.179647068491240014e-01
1.434025935635097893e-01
1.658410306252014188e-01
3.910881143423181744e-02
2.324119356194942476e-01
1.726526923655427870e-01
1.374490457122403142e-01
8.689588715094996585e-02
2.296099634183245974e-01
1.619246991467785390e-01
1.301800273229550831e-01
1.362095287436813906e-01
2.130061633006294919e-01
1.466865154068744959e-01
1.522600087371736854e-01
8.334159221027172271e-02
2.409343035304682412e-01
9.664852106605727189e-02
1.533276349664630112e-01
2.768735477948632354e-02
2.245986923498872190e-01
1.219104253326791371e-01
1.693200411208412859e-01
2.300911800146219696e-02
2.103104641439567934e-01
1.470193952675680482e-01
1.379576464137120262e-01
6.779932686429369915e-02
2.082244569290011560e-01
9.446848326852427813e-02
1.315946070550743086e-01
5.006705754240381445e-02
1.127750706475548204e-01
5.608468325884994471e-02
3.477626974310688013e-02
1.677202228515037863e-01
9.830741831898374972e-02
9.256427664941262179e-02
2.638597589664751220e-02
1.749295996816416510e-01
1.172296834210750927e-01
1.506263954580170095e-01
7.909031317500324343e-02
2.025020971312365969e-01
9.363045513160613009e-02
9.941858391398376849e-02
2.141110297617065256e-02
1.972720808223858979e-01
1.651721695919917687e-01
4.200277834204322464e-02
6.720148115896376617e-02
1.406596291206713423e-01
1.678387960737341145e-01
1.095185180059141394e-01
5.996312241359699063e-02
1.244706557611462011e-01
1.792826711808606643e-01
1.477888262157127930e-01
1.197156239521266485e-01
1.744680693958755302e-01
1.422363572929347397e-01
9.163319141056801287e-02
5.450872347290772191e-02
1.524317237149183935e-01
7.148832667531693219e-02
6.650684756069391579e-02
6.052727130811894063e-02
1.997892792555897579e-01
4.927591586535272350e-02
8.844404717416447237e-02
5.391545928740779786e-02
1.953489498112853107e-01
5.673350591131367388e-02
1.388576462308312720e-01
6.680794931622542621e-02
2.267397147032286786e-01
2.972825673728597684e-02
1.351687177613889734e-01
7.606677686321672294e-02
2.349616889525409369e-01
1.740052321161053572e-01
1.095841991060331616e-01
9.990061048355730611e-02
9.472044871922047360e-02
1.713252128924945550e-01
1.345201550051269568e-01
8.839973179174236140e-02
1.168632531237581568e-01
1.970429304175582153e-01
1.826641144772324643e-01
1.595856654562257115e-01
1.741182160612457785e-01
1.429159950483996355e-01
1.393913582864229339e-01
8.206694663761450459e-02
1.370266955775072404e-01
1.698419132694598821e-01
3.840285835453374069e-02
9.363231091381267468e-02
9.232782347950581336e-02
1.511758926125657820e-01
8.931295044207675227e-02
8.976458389705653518e-02
9.191547101625877070e-02
1.614807727115506186e-01
1.432762076106760540e-01
1.071956894148057143e-01
1.367710873357025070e-01
1.419178428210054466e-01
7.798047276488256907e-02
7.821987064430942216e-02
1.291143612305375721e-01
3.499073399946028839e-02
1.176964554917628580e-01
4.495430434231777184e-02
2.169735242429258193e-01
5.189047957469468397e-02
1.454302609809438873e-01
4.949055700446170630e-02
2.575368339519932270e-01
9.929717893144926477e-02
1.996511131709177989e-01
1.075032576657935918e-01
2.800956798406046833e-01
4.529692748553323933e-02
1.570427779067453400e-01
6.676322470217585514e-02
2.673266443723754104e-01
7.592718427125103031e-02
8.978544910168301252e-02
9.687893792431819320e-03
2.107345187552545074e-01
1.078056721714589078e-01
1.251294711344320132e-01
2.465094920132084380e-02
2.046590516507979518e-01
9.582967394346182666e-02
1.903632964519999526e-01
1.044353076860836949e-01
2.379240075773763896e-01
7.255357517680413593e-02
1.322133468074079554e-01
4.414069345942424338e-02
2.266250566204562056e-01
9.525364919595051549e-02
3.334680937981324839e-02
7.798911471090194669e-02
1.376444448149804767e-01
7.196057046810908076e-02
4.596027179803612028e-02
2.448961562908440193e-02
1.204262361580359514e-01
7.084810706395124058e-02
1.010202315316827415e-01
3.728707257770422917e-02
1.526641430493052565e-01
5.219506362149865797e-02
8.645629290554866786e-02
4.859466460705937074e-02
1.517599247072091428e-01
1.574246315934430540e-01
1.194544441492469272e-01
1.196910186384158303e-01
4.544479244298269688e-02
1.981792866174575396e-01
1.561808601212914538e-01
1.405232614740402342e-01
7.848015277249091592e-02
2.096760728819812014e-01
1.902363403703096756e-01
1.673931005510290171e-01
1.520649066486819134e-01
1.639793615698681983e-01
1.399301633235460751e-01
9.684908886186270605e-02
8.755974287639935183e-02
1.751544936565331834e-01
7.134049498882327756e-02
1.309341115084442786e-01
2.845794816456465384e-02
1.633886990304117270e-01
9.692403037052169101e-02
1.084341687041583541e-01
4.172383487999669488e-02
1.678196869782949130e-01
7.950768642822923782e-02
9.802531748826140423e-02
9.084745712621296321e-02
1.574289057486771004e-01
4.590348858987836067e-02
7.158023579134659142e-02
4.304330275412890372e-02
5.701411532197743492e-02
9.055000142790491091e-02
1.423316523482956453e-02
1.644685320351325086e-01
6.081850785983287933e-02
1.183348280668513469e-01
3.977181593816928040e-02
1.857923657605152490e-01
9.854888020295207718e-02
1.741930286993706167e-01
8.560101679849249634e-02
2.174711477579751862e-01
3.389166141943354693e-02
1.275831436153527509e-01
4.141642320584960207e-02
2.093857678388122701e-01
8.553345047879508389e-02
5.944747380394239944e-02
1.819640962766453859e-02
1.502596676901688522e-01
9.186389758167670672e-02
1.191736708614725693e-01
5.026695879114118082e-02
1.528180173900762218e-01
1.332812642596783170e-01
1.775678124025062143e-01
1.093921008480508716e-01
1.965557281044993110e-01
1.028536169752041624e-01
1.147294712771980280e-01
4.238177526765125186e-02
1.727349915162640637e-01
