3.649769169519987422e-01
3.458182703247910106e-01
3.948232000225312399e-01
2.330035098736152055e-01
4.278077720486722635e-01
3.197374508505053670e-01
3.405594241963134094e-01
3.931636437882710111e-01
2.071605005460962490e-01
4.025088898723925279e-01
3.166526528779081140e-01
3.216831135855480195e-01
3.767534554007126446e-01
2.136123899066769694e-01
3.970348139898640660e-01
3.284919291099184790e-01
3.142011891977706806e-01
3.645247409662937810e-01
2.272266116083517806e-01
3.991475505615683095e-01
2.358952721175355816e-01
2.230576258973523684e-01
2.870818797148740331e-01
1.188489518186467281e-01
3.065629373571209237e-01
2.239423245162462939e-01
2.229184153518699585e-01
2.718346596447406283e-01
1.168767065154713430e-01
3.011201433179649389e-01
1.976711412324924921e-01
2.153530798632690979e-01
2.661364748428573512e-01
1.405765361107957634e-01
2.835938775828771297e-01
2.220399394366559531e-01
2.303037215045041219e-01
2.803275533007412723e-01
1.240944097967733167e-01
3.129412682739017848e-01
2.904777472699938690e-01
2.916951988833346165e-01
3.302333313294769646e-01
1.737120332117775279e-01
3.234857262307802017e-01
2.707068643658129270e-01
2.810005501973476538e-01
3.340160758425613219e-01
1.597650921801165025e-01
3.583696464448025143e-01
2.547591076072752703e-01
2.635124493169749837e-01
3.213762130508132642e-01
1.676081999951436474e-01
3.377259097257553910e-01
2.899277305925740400e-01
2.910306522040707611e-01
3.426345876038786598e-01
1.709355800059213504e-01
3.441116035400399453e-01
2.964426670151421028e-01
2.929344425953945841e-01
3.455163156340332886e-01
1.849329019757636194e-01
3.832214627512263716e-01
2.910430156678072144e-01
2.912816969417250657e-01
3.471316635978023424e-01
1.718780182251423150e-01
3.699694069735249280e-01
2.721324537626242934e-01
2.776309937190630794e-01
3.343550406891829807e-01
1.819168769811486674e-01
3.517258346175018424e-01
3.039404764623839794e-01
3.032694016338591814e-01
3.555093358069552067e-01
1.841055898829793702e-01
3.639636201039042063e-01
2.917758492568068296e-01
2.672457964457677915e-01
3.278580662741334417e-01
1.795003294794905169e-01
3.650808690907423326e-01
2.761668760860587768e-01
2.773426353855945603e-01
3.370883638854645925e-01
1.710485552570484569e-01
3.607607250162908064e-01
2.652162341443567439e-01
2.744633985574874147e-01
3.295097903892013069e-01
1.835789161599252206e-01
3.439085396460142552e-01
2.877989806061362899e-01
2.921579948188610665e-01
3.434321431334130814e-01
1.797523660666290046e-01
3.384842570176808119e-01
2.707461857199837674e-01
2.522254482484834748e-01
2.917230525710250433e-01
1.558675352092266098e-01
3.754505496134273312e-01
2.678390606493090687e-01
2.738672123579407591e-01
3.055912017901681876e-01
1.368604988157825220e-01
3.382693874251998523e-01
2.403892699873603211e-01
2.465221903826224914e-01
3.046458630335099893e-01
1.321819282461802747e-01
3.329157640741203239e-01
2.790071294278774205e-01
2.751604310446013058e-01
3.243749599418475626e-01
1.514145791702954658e-01
3.602828580360462052e-01
1.868793827051181966e-01
1.746034895164314815e-01
2.153477157562647681e-01
1.027019760375789091e-02
2.679982690425805614e-01
1.455562433732532912e-01
1.177770183398140075e-01
2.090617489648267935e-01
4.018908407000531396e-02
2.139917438704157238e-01
1.192912868434678891e-01
1.236452027235590972e-01
1.944889228726967012e-01
8.993324079465475629e-02
2.160150928948595117e-01
1.587679184773885255e-01
1.333346317193919162e-01
2.207983978089623767e-01
4.284216394577633480e-02
2.375103474518163449e-01
2.435599877971813820e-01
2.328041438654464002e-01
2.545826193633924373e-01
9.085375600653586292e-02
2.899679774231824214e-01
2.011475161367219933e-01
1.950124619443202867e-01
2.602113590735150583e-01
6.747401042666313631e-02
2.929462388316195209e-01
1.755602849810786181e-01
1.819201550087696517e-01
2.457381926845330355e-01
8.725250423261274313e-02
2.676610299799413450e-01
2.133266730970950209e-01
2.167918062567520121e-01
2.487838011700246599e-01
7.173076133389302833e-02
3.007349201773781844e-01
2.245628882082770783e-01
2.421258831259474054e-01
2.788936274583000419e-01
9.252591519680751497e-02
2.941091952226979056e-01
2.170737019231288867e-01
2.076245505857497176e-01
2.757302519040462641e-01
9.136985843204627200e-02
3.015335024856294899e-01
1.929071437212461215e-01
1.919885323844586211e-01
2.595066531053195624e-01
1.044352185073519901e-01
2.841538893237571806e-01
2.247933409787738479e-01
2.322188223167506727e-01
2.870743928877704243e-01
1.043836120645836585e-01
3.127682564206475946e-01
2.399671774664811907e-01
2.196288476559384584e-01
2.800299795688555582e-01
8.042713704753913506e-02
2.756031510632006021e-01
2.000241669790807642e-01
2.100818018038534962e-01
2.674502132434536938e-01
8.873308461695202098e-02
2.984198186948771592e-01
1.792972880766253718e-01
1.942944242740397565e-01
2.513250756388623608e-01
1.050532386722534961e-01
2.750923058812442812e-01
2.231614108973983823e-01
2.194396761367704285e-01
2.796279176407081568e-01
4.782713305251921898e-02
3.009112276126277297e-01
1.101345088684397983e-01
1.041002397259808560e-01
1.631618835591530647e-01
6.707649018584671552e-02
2.018014000731717661e-01
7.737087467269536389e-02
7.429080196736641273e-02
1.203284739641758555e-01
8.473636398465798913e-02
1.731171497401332859e-01
4.672120264432552683e-02
5.983275627494890475e-02
1.329177100674381051e-01
1.634073016180015159e-01
1.515808824365197649e-01
8.571650527655738649e-02
7.093309731519129024e-02
1.375650261713426692e-01
7.383868952380509554e-02
1.857454738461557231e-01
5.887401172422651596e-02
3.766779091157383685e-02
4.203369071247104599e-02
1.789639422444266326e-01
8.837753874010549626e-02
5.701927526707634836e-02
6.053533117805924568e-02
4.676840847274824076e-02
2.067032054759337933e-01
4.322853702812206461e-02
1.120827721812009542e-01
1.390062731896123116e-01
1.033051222240541772e-01
2.428225036945777238e-01
6.513095202375242254e-02
4.984817914068928602e-02
4.609652154338211155e-02
3.908381604116949876e-02
1.907907734429045155e-01
6.430327945437984416e-02
8.103271375199681825e-02
3.518738955405019408e-02
9.822746858925089641e-02
1.154471001471411712e-01
1.502737287946128153e-01
3.940593234952989576e-02
8.024853229060083595e-03
7.727193135716467487e-02
1.556040032781236260e-01
1.127726968716735723e-01
5.160649735205989630e-02
8.409371088261761995e-02
8.758295101368039626e-02
1.983089622943203234e-01
8.257304885226603164e-02
4.159030595950565651e-02
1.796224929245580915e-02
9.031632224358197847e-02
1.410154206254324860e-01
1.138925528027919104e-01
8.053687144897185568e-02
4.465148044721831133e-02
1.146706016515486037e-01
1.109765252943356872e-01
1.555829712935996589e-01
3.251474923535344758e-02
2.923355527242599283e-02
9.098406497763641965e-02
1.430480629282937788e-01
1.290235242501805157e-01
4.617250522311980299e-02
6.670132964258117247e-02
1.053013914855923799e-01
1.998507235443380825e-01
1.046509795530423809e-01
4.342531377052732955e-02
4.119817806002266242e-02
1.047331399276821978e-01
1.224268109454459824e-01
1.277416236117690507e-01
3.996257674846028646e-02
5.433889160314838568e-02
1.056512918052567862e-01
1.181995939708877230e-01
1.439848343393234364e-01
7.721067921592348303e-03
2.876519714915204071e-02
8.217541874153561077e-02
1.591207583991070540e-01
1.151792180438991064e-01
6.288607442471685904e-02
9.404985454315174798e-02
9.845629924358603735e-02
1.971966609363610679e-01
9.503617620442152136e-02
2.879033701414581564e-02
3.463015098665171015e-02
1.005131369345953068e-01
1.294395245468373812e-01
1.179822651535487044e-01
1.352874075101902218e-01
1.209901863429078267e-01
1.891149084364910082e-01
5.635501787952738179e-02
2.132072855401164480e-01
1.184341106690965512e-01
1.206665015678608788e-01
1.960693437110382353e-01
1.036528599952741964e-01
2.100203936411797478e-01
1.197309689003138028e-01
1.398353333724746683e-01
2.033966660976733454e-01
1.586581517527207996e-01
2.145569062701741803e-01
1.057175091999213029e-01
1.378864647774181718e-01
1.711033071449612475e-01
9.217956159250352555e-02
1.969161575747470638e-01
1.948130051312122607e-02
1.372798175527335449e-02
8.703564589724532841e-02
1.504928945873374446e-01
1.179104592088553310e-01
3.861212981850892234e-02
6.172140639420080344e-02
7.499511836362923733e-02
2.177141769860579668e-01
9.216942768509474304e-02
8.920703703099257253e-02
1.181221980793482618e-01
1.403437814068090317e-01
2.585963275113030146e-01
1.117769663966696886e-01
2.201420926279230514e-02
4.829119860168693684e-02
8.921603690829157940e-02
1.894702236364289860e-01
1.024908151348510044e-01
7.721402194257126483e-02
7.121332980183558981e-02
1.377147841179659493e-01
1.078774974210665316e-01
1.716106218218759472e-01
3.860695787186644440e-02
6.394236613474831021e-02
1.324915490436262000e-01
1.587323046869798804e-01
1.458400295228044208e-01
5.249454645267606634e-02
1.099388156591656340e-01
1.562631974768008136e-01
1.907137894898744412e-01
1.395574661361540514e-01
5.139178004645086895e-02
6.821633520333074407e-02
1.364781612060386728e-01
1.245828953946522266e-01
1.649823764282684346e-01
9.266440415210172588e-02
9.143043975597477113e-02
1.431526516382715941e-01
7.875478015847671431e-02
1.822166274632296690e-01
6.521359867460581328e-02
8.740996754558236215e-02
1.475617357102733673e-01
1.490717026947668000e-01
1.767444051546718520e-01
1.001008934027970421e-01
1.260424759360860292e-01
1.708007823226128929e-01
1.885740065895367967e-01
1.785754816217949847e-01
8.508420018222728753e-02
9.231859402101075252e-02
1.598261424400911346e-01
1.118945550070824940e-01
1.588261052452243360e-01
7.692273798240584215e-02
8.017010392740708813e-02
1.621503767354453007e-01
9.913185490624318308e-02
1.680846256887169599e-01
4.342019276464655769e-02
7.177203382389468755e-02
1.126977017885187615e-01
1.628497065296812540e-01
1.649736465542824271e-01
9.276405175202259712e-02
1.299943387748257462e-01
1.796809776254977287e-01
1.935678700606261737e-01
1.772959599228901284e-01
6.760770185185362158e-02
9.209778894449512088e-02
1.427031421807032352e-01
1.385292662251061957e-01
1.700084054614911799e-01
1.421846738026692203e-01
1.532122182902737328e-01
2.113647991260466097e-01
1.022128682032156649e-01
2.414962967178210240e-01
1.563123073025058651e-01
1.732775748220157508e-01
2.516295866345898413e-01
1.264293772549230088e-01
2.553756329283785043e-01
1.718887363890775621e-01
1.959096518088320193e-01
2.542608326195509028e-01
1.786249307673855313e-01
2.640522107122082462e-01
1.797276161529796634e-01
1.968415521315471928e-01
2.448609721728875477e-01
1.232162682748465521e-01
2.679548253566109151e-01
4.229829263810752638e-02
5.317093718107407385e-02
1.172433663217892219e-01
1.487976581029923362e-01
1.485842947469717956e-01
4.530800320381322271e-02
9.510158002406227107e-02
1.470943200522973615e-01
1.650219248920052895e-01
1.297011226650671145e-01
1.121038009335294239e-01
1.473682590173238660e-01
1.713076280655297101e-01
2.240139406649223064e-01
1.679510209905235585e-01
5.565533621889370841e-02
8.335429254762863338e-02
1.267121600772863066e-01
1.475453174630978470e-01
1.442003123597603576e-01
1.068878100802449771e-01
1.141120133795140573e-01
1.748645278414024673e-01
7.576578049658219682e-02
1.914121905640562560e-01
8.419725941659271518e-02
9.307555059586750112e-02
1.464997953006290654e-01
1.561194307574947093e-01
1.775913863614470567e-01
1.241863098450195907e-01
1.540533086146011199e-01
1.927845399297667961e-01
1.873457584233630957e-01
2.063524599806974835e-01
8.455846039248351986e-02
1.139935618553971214e-01
1.559335413689974525e-01
1.364690391986521645e-01
1.998630310522902243e-01
1.228477819559621598e-01
1.325150016173536061e-01
1.770373957512728080e-01
8.297057081218045527e-02
2.038425844721732383e-01
1.035050233210308979e-01
1.358551700847031307e-01
2.063173915812592518e-01
1.279462722995809987e-01
2.013801628915076469e-01
1.401701899632621373e-01
1.680358265787554595e-01
2.133482557527750789e-01
1.904767692797470491e-01
2.259391080468082513e-01
1.125552848192653554e-01
1.454301024514652874e-01
2.053659896853428368e-01
1.394477556052119704e-01
2.347253585113707186e-01
1.145587183584465402e-01
1.257956556874190723e-01
1.816247876121084570e-01
1.066228688634305588e-01
1.961409956355801842e-01
9.321587190663031819e-02
7.777864763664847636e-02
1.876608582298244510e-01
1.453367556905575675e-01
2.040520491261449132e-01
1.399969025104756126e-01
1.742113041569439413e-01
2.223252309457616205e-01
1.983144958652694467e-01
2.206100728774549879e-01
1.115085587488568591e-01
1.299959058639357512e-01
2.145188176359185961e-01
1.489856110296203240e-01
2.088430848876481616e-01
