3.244502943656132898e-01
2.543173307180217058e-01
1.613891645885356385e-01
2.232146792602782426e-01
3.407422168344712565e-01
1.888830951108652623e-01
2.407066668433468504e-01
1.481769971550973009e-01
2.017881164091718527e-01
3.266755326258976022e-01
1.754598801269026120e-01
2.320162459569817814e-01
1.383657087932169127e-01
1.936877766250991728e-01
3.216987379819038484e-01
2.154529591711752123e-01
2.649931153952324592e-01
1.709630676397301541e-01
2.285330786130200798e-01
3.558699556652580864e-01
7.979287288370559561e-02
1.148557979962412379e-01
3.244703738646297769e-02
8.101243736811991614e-02
2.142534816260285579e-01
8.322154389090628823e-02
1.032246026645443487e-01
6.872047619980733990e-02
7.325610369181395631e-02
2.091492623924524619e-01
5.507634649068404720e-02
1.149987431951808026e-01
1.142551252739163747e-01
9.190524246567258193e-02
2.157609533335540231e-01
9.891312365974992693e-02
1.202510995913415454e-01
5.597333846541513447e-02
8.775066703324424511e-02
2.258929433547727239e-01
1.337464727571175682e-01
1.554094654223212302e-01
5.502160535980947509e-02
1.203867317348810834e-01
2.552552194392444518e-01
1.052714784793269548e-01
1.398268155910358246e-01
6.032816467759034157e-02
1.036037734351490935e-01
2.464282779850987815e-01
8.066257128423069689e-02
1.350323240448373097e-01
8.835509562108555259e-02
1.014822985394919358e-01
2.639982337921603084e-01
1.378247914361028781e-01
1.604064566360381139e-01
6.724844993078692157e-02
1.222185472012131402e-01
2.779493197086626011e-01
1.510524678397889287e-01
1.840885378433893271e-01
7.696582528883343099e-02
1.515809615587230264e-01
2.798139517246067132e-01
1.283511017251523501e-01
1.692874253010660524e-01
8.432222862195597191e-02
1.282313789478282118e-01
2.727293975518773617e-01
1.177569303536817463e-01
1.655973516649096311e-01
1.099809110278020807e-01
1.324433504949304452e-01
2.707047985893456521e-01
1.488924618038631464e-01
1.895747858452432599e-01
9.212895597994145980e-02
1.513977966806830666e-01
2.937057550762372515e-01
1.729704164845223269e-01
1.814425575837807503e-01
7.140929792287567524e-02
1.452396282848542608e-01
2.910705161048988687e-01
1.174133693236559806e-01
1.624204229955823753e-01
8.076675918969955514e-02
1.300830176653999248e-01
2.709992922657723513e-01
1.052789383257083516e-01
1.582658902058221573e-01
1.078924761378228098e-01
1.289395607883984662e-01
2.715293876001788065e-01
1.390729394746074987e-01
1.816552206362262445e-01
8.586400252619971751e-02
1.496239732072047190e-01
2.892428198439431219e-01
1.883964979327207023e-01
2.063708072999139442e-01
1.181308764831448532e-01
1.809510733266843363e-01
3.170995719792198408e-01
1.642908651617597526e-01
1.833789687255015788e-01
9.644655354235109890e-02
1.537624772067598122e-01
2.813325909275715131e-01
1.254786294786975898e-01
1.723193740816138519e-01
9.760557392577980107e-02
1.410203674653546513e-01
2.741976382191517736e-01
1.856233319764835354e-01
2.114023550191086176e-01
1.248352888321999643e-01
1.817469854829960874e-01
3.382042297430806754e-01
6.435031447580268071e-02
7.224083321751821607e-02
2.903745609273727241e-02
4.517940280932004893e-02
1.688772602628682840e-01
3.260947006615017019e-02
5.862252484985551459e-02
7.060511604090613513e-02
5.059669651536491397e-02
2.429676315086220229e-01
2.426800313972845083e-02
7.703332864278475411e-02
1.157247435271390040e-01
6.706815759957580891e-02
1.748203299336139049e-01
5.782803536664321564e-02
7.904591319902229407e-02
4.496405423479030161e-02
7.170781653332469752e-02
2.235348495837694294e-01
1.145219651662929550e-01
1.237984284453138989e-01
3.306612720449039061e-02
9.276028064502633841e-02
2.146015292466412205e-01
8.012126902530784800e-02
9.765858438421716470e-02
3.660594515176474051e-02
6.685351065107873747e-02
2.046061248812138800e-01
4.113821037789335000e-02
8.816925203256673060e-02
7.624364632141063247e-02
6.265287511703770962e-02
1.938819992735493214e-01
1.109831269192698977e-01
1.275706500557055312e-01
2.897823932568982866e-02
1.249307419555038962e-01
2.369469010601294723e-01
1.213484233762529285e-01
1.462714261188902964e-01
4.315416053398344470e-02
1.148978007244261385e-01
2.450090781176216814e-01
1.278514281437636846e-01
1.245199649202790998e-01
5.248906194889544491e-02
9.313604980345592532e-02
2.360908444587062893e-01
6.893583641845400789e-02
1.250370615022673437e-01
8.386033250323307597e-02
9.651702288579901146e-02
2.240594908930748919e-01
1.369708630866173227e-01
1.480376460991431331e-01
5.215002447187228746e-02
1.143635646693814123e-01
2.487178717237749359e-01
1.144418256688817803e-01
1.373424744830654132e-01
4.028473184147315228e-02
1.149504528469341147e-01
2.458104724517049533e-01
1.219106998279991388e-01
1.207566363321354447e-01
5.206574169646409345e-02
9.086120497409874708e-02
2.358496683001451433e-01
6.362650042654015292e-02
1.284102923443868061e-01
8.590114515502325632e-02
8.840444783182131727e-02
2.223604944834352837e-01
1.274680573143227025e-01
1.418468087824834578e-01
4.764389365921496700e-02
1.121870855205974876e-01
2.479388000537902093e-01
1.498703858051871063e-01
1.506372387691831682e-01
5.690794082888958605e-02
1.283841455053737202e-01
2.287143835551599391e-01
1.084211869242045490e-01
1.147160182578726706e-01
1.027206000365897716e-02
8.579026779765458466e-02
2.037310687791535069e-01
6.213616253436406861e-02
8.721705550810675278e-02
3.735934897796413384e-02
6.432528638440629387e-02
2.163244182844688834e-01
1.374405046449641843e-01
1.425610462843275861e-01
4.237391639126893844e-02
1.190413244904117707e-01
2.341190409296274588e-01
9.130105116929194964e-02
3.366025090414201393e-02
1.008085127319137131e-01
5.047725206869887321e-02
9.506909479763205051e-02
6.678428652401705024e-02
2.225395314974500799e-02
1.178752460220665876e-01
4.938947626139544855e-02
8.724546061160073918e-02
8.764435353519258246e-03
6.289299891411619103e-02
1.618918395864570314e-01
8.195734661112825947e-02
1.057157791213187426e-01
6.190420383699129364e-02
7.725660027052365202e-03
9.625261903945817044e-02
2.505631246251093999e-02
1.022878492742792106e-01
1.045922692134141213e-01
7.355216083773194469e-02
6.429294942043170535e-02
6.543942344648238929e-02
1.601384599454291902e-01
6.627566176001328802e-02
3.202403509817189353e-02
7.475653450097034802e-02
1.788339713103775583e-02
1.189565404544565969e-01
3.554825546122351854e-02
7.505817257693134237e-02
1.100729888506441351e-01
2.210559781083037967e-02
1.237670592387574847e-01
8.046857308705819556e-02
5.723366162033378945e-02
5.219729237541041733e-02
4.462280910326617278e-02
1.425277952952919425e-01
9.246445150808710323e-02
8.400255824654631609e-02
3.819421475682607120e-02
5.906640216904639196e-02
1.633207656045473632e-01
5.680216727296664991e-02
5.080851558711046295e-02
6.150164930053091117e-02
2.008512650698566701e-02
1.489875525714932092e-01
2.406317786633392283e-02
5.223131588339610665e-02
1.016520881404572724e-01
2.812435325270932346e-02
1.520800438973081425e-01
8.293142409149695249e-02
7.846390081367998759e-02
3.222509162934370647e-02
5.076189754248332936e-02
1.714625950798392695e-01
8.941887210882286385e-02
7.518593676770318757e-02
3.655833429909399052e-02
6.395061458675323218e-02
1.763021707142822525e-01
6.021016510130731275e-02
4.376003058954416880e-02
6.526465905459787054e-02
2.017736408330325290e-02
1.461742698276107255e-01
1.886738548557378992e-02
8.333214240001597661e-02
1.097181002255376431e-01
3.224042172057184352e-02
1.467857905645470196e-01
7.191752047120665570e-02
7.033901042460495578e-02
4.229088394993760908e-02
5.220401408971827445e-02
1.752155410383966772e-01
1.651334337343627889e-01
1.814181950814933997e-01
8.360468149890394607e-02
1.563433564755314087e-01
2.701304017245104161e-01
1.314349427189438480e-01
1.505593376981789744e-01
6.390791755062583124e-02
1.238570701787461703e-01
2.774406910745635946e-01
9.325211500984795232e-02
1.348361991884363675e-01
7.592909798542410438e-02
1.049595243387584503e-01
2.494037805691072807e-01
1.623969179731421519e-01
1.843900126818300289e-01
8.780885184193275295e-02
1.555467292709975802e-01
2.794419671509258407e-01
5.261235960646654108e-02
4.278964970760913700e-02
5.708210893748764947e-02
2.149233047449417011e-02
1.395432398233485694e-01
1.745643370218339860e-02
4.861886202096335485e-02
9.169407289245115611e-02
2.317043726058950689e-02
1.449250794842789070e-01
4.170020477113181578e-02
7.172008068934267178e-02
1.371056265164666277e-01
6.995080629364866520e-02
1.496400699535358203e-01
3.444520893811652690e-02
5.519017568146673131e-02
5.948668473370925802e-02
2.428361517693620325e-02
1.563247441444228780e-01
9.728335341164971728e-02
9.499933350202818816e-02
1.402508191046041713e-02
6.858820748765118158e-02
1.797675234437617064e-01
5.515954038945184573e-02
7.988128153542006782e-02
4.258947386492997755e-02
3.705718235265650223e-02
1.771688501725576514e-01
1.305531570695306169e-02
6.702041442668887905e-02
9.014202577489781321e-02
4.447378736344687056e-02
1.672793692734553805e-01
8.011922374947795522e-02
1.022888704855047376e-01
1.546843627117390312e-02
6.356157482630457600e-02
1.919845980893427895e-01
1.115207687992052360e-01
1.183879585959355107e-01
1.406855074624722805e-02
8.512660728977008984e-02
2.136298548931286068e-01
7.135251085883689837e-02
1.128075578605841206e-01
5.133589243730438123e-02
9.588075952714614214e-02
2.626562562823258618e-01
4.175819214181390737e-02
9.601082043937574084e-02
9.020109468098801153e-02
7.112449013788890717e-02
1.958698845244189746e-01
9.417676283448536689e-02
1.453038161696216801e-01
3.415723849739406293e-02
8.677228235004345869e-02
2.251559502294598059e-01
9.287605428954089082e-02
1.107877734184701951e-01
1.096017379901018975e-02
8.625014975429244612e-02
2.113785015638385001e-01
6.103423538578749141e-02
9.831134002041162778e-02
5.014547593854552787e-02
8.543138595139605773e-02
2.695031172938424091e-01
3.334730834140500755e-02
9.109562914147682766e-02
9.704533173462215334e-02
7.067709133396760102e-02
1.949894506219530255e-01
8.283271168583272726e-02
1.201996187845011249e-01
3.240823043998578012e-02
9.228734343182444511e-02
2.263150313448244744e-01
1.621430835806662030e-01
1.789201060357474005e-01
9.730620230242167934e-02
1.519533697323768862e-01
2.586043732554688113e-01
1.268285612500772985e-01
1.616069985008064258e-01
7.328184071053230053e-02
1.293844200117988674e-01
2.349525054168132010e-01
1.051968438594492322e-01
1.487199716992715914e-01
8.419390971285937997e-02
1.156974700488061364e-01
2.315887423609285234e-01
1.547744161567806975e-01
1.876021646388773556e-01
9.782646381416607029e-02
1.564920590841518133e-01
2.667934895305228427e-01
4.979205950824058119e-02
3.716845628689798703e-02
5.444678517139581175e-02
1.455314615042954847e-02
1.331158998114548853e-01
2.126278986769294943e-02
3.740293923745096477e-02
9.604556509086345506e-02
2.721133753031060309e-02
1.800592893763484637e-01
3.994828920974212438e-02
7.400490681153738814e-02
1.373018674960256591e-01
7.230612238786082724e-02
1.493824993113867794e-01
3.079621646582830080e-02
4.902680088422409904e-02
6.695382806643651596e-02
5.036719599813573034e-02
1.782348019199055666e-01
8.882460905255280814e-02
8.778398576209497928e-02
1.314428005238797020e-02
6.757155929361177704e-02
1.665663444935031878e-01
5.467862510802381365e-02
7.869801002454362981e-02
4.575392319852832068e-02
4.282601365584655373e-02
1.721108505854029580e-01
1.251672583325265375e-02
6.852564592672170940e-02
8.957179270488191403e-02
4.526653759444296959e-02
1.629246972467939258e-01
7.871236754314527018e-02
1.002750950545821945e-01
2.105063604580988124e-02
7.048523070935851231e-02
2.043058101307227981e-01
9.231313703844766516e-02
1.362528396491960725e-01
1.354123890692922848e-02
7.903455947344172061e-02
2.067163533835467137e-01
6.627594575691551915e-02
9.303330229156825393e-02
5.586166275259411146e-02
6.867683099696024474e-02
1.897780216692054600e-01
6.471748807911205381e-02
9.596580275313938702e-02
9.997612539255193442e-02
9.581189137903782516e-02
1.910963666947179396e-01
1.124623748556583119e-01
1.380680632987724421e-01
3.847247255494828932e-02
7.960520468911856662e-02
2.129682107325258922e-01
8.518397795629208125e-02
1.080418940070906331e-01
1.437427564301334455e-02
7.937092788323252268e-02
2.014522331425684376e-01
7.713660538568285763e-02
9.370089232319134265e-02
5.656346781275167768e-02
6.002845998043015996e-02
1.888567012456512650e-01
3.191180398889427450e-02
9.009575491533232394e-02
1.020054338970043661e-01
8.061584862261030049e-02
1.896232663306425259e-01
8.771773525390610948e-02
1.311382590927159253e-01
3.444606484133714425e-02
7.787600264459591803e-02
2.075266867426278916e-01
