2.248179213169831381e-01
1.705713508827380875e-01
1.287196513143490928e-01
1.226934618644181935e-01
9.415706205557944353e-02
1.235334506014263006e-01
1.226257486664848600e-01
1.082140165978975471e-01
9.985978192217080662e-02
5.802309033971748270e-02
8.615745889437868843e-02
8.279835730866690058e-02
1.283091798148336682e-01
1.319935689216803210e-01
7.902186711172308475e-02
1.400709981514886293e-01
1.435388821034984386e-01
1.358647321713971901e-01
1.424948217290811503e-01
7.704658567181815743e-02
5.326969602609323701e-02
6.933537055553702644e-02
4.295508240839789743e-02
3.182684384278156725e-02
1.978086108050373590e-02
2.241924848707439744e-02
3.237319432966062616e-02
2.144127521396320055e-02
2.183060277984727460e-02
3.610073150365447191e-03
1.833425871891440628e-02
1.708591153575966110e-02
4.651602181484613269e-02
5.380209233247996992e-02
4.180557729145772256e-02
3.523852462598097562e-02
4.771779466692400995e-02
2.563106687060495020e-02
2.742771170812927442e-02
1.159237989394771087e-02
1.063640384433154895e-01
1.153279762954976806e-01
6.685240985409923731e-02
5.860419471083552767e-02
3.739386422017991485e-02
7.051292737122999421e-02
6.538502164350240564e-02
3.278103107702683150e-02
3.208779646452034062e-02
2.840652784932853891e-02
3.478386627074780274e-02
3.867309628468820065e-02
6.972623267886111920e-02
6.795774763947279307e-02
3.758730692877002705e-02
9.633503175127254570e-02
8.516975405687911282e-02
4.573856963572792839e-02
3.956773439944388793e-02
3.213855730370755032e-02
1.004050590920568392e-01
1.027646082226181951e-01
7.126698973559497663e-02
6.473081767989405377e-02
4.075398593032280442e-02
6.458083811648122896e-02
6.333599130289217782e-02
5.974036088945056111e-02
7.170989302723862480e-02
3.303025775163333233e-02
6.557855884230992527e-02
3.197665998667236636e-02
8.927756075384082890e-02
1.026606122400720716e-01
9.099629304226081183e-02
8.166507190454325160e-02
7.946602391458172654e-02
6.744141890136751138e-02
6.789081299587547413e-02
3.960470765193119247e-02
9.014212107922585371e-02
9.419307293471766707e-02
5.955745963827620976e-02
5.079289960714698793e-02
4.208043523331826685e-02
5.502470153280349802e-02
6.746505205494036927e-02
6.118100605184698809e-02
7.064930183757478499e-02
3.043568780235354071e-02
1.038802941403347141e-01
3.446119061738577710e-02
9.404653038837008927e-02
1.211955982637890478e-01
1.265271731178519155e-01
7.195344886980922783e-02
8.338078844642834997e-02
5.483565170006638595e-02
6.006999270384064116e-02
3.745520870708412414e-02
1.505654138615054316e-01
1.610666316934930842e-01
1.227790410612625144e-01
1.110108725777620292e-01
8.466312943159270965e-02
1.290720650486216758e-01
1.243795169906697640e-01
7.198219206650388613e-02
6.648996393841132002e-02
5.297811305846777952e-02
7.255870656328840262e-02
7.306159664849228019e-02
3.302787807428295835e-02
5.064609799866993251e-02
2.578397706054018357e-02
1.463109758694905171e-01
1.534211534770191232e-01
8.871000585600391508e-02
8.570148127804261273e-02
6.433309098458869779e-02
6.725095558749027980e-02
9.101191918676998505e-02
2.988087118389137764e-02
2.110380400296731421e-02
1.391725430351168843e-02
4.094592974343683189e-02
4.893888883138235169e-02
1.621907375870471416e-02
1.129675584065665921e-02
1.430386258221323474e-02
1.368549095406298814e-02
2.641915093715704876e-02
2.373642075942846569e-02
3.001067586206436488e-02
1.032862183836799758e-01
3.464346331471251234e-02
5.225755165345362385e-02
1.615788025780937748e-02
1.962392659978666812e-02
1.811888001889043129e-02
1.035848740935856327e-01
1.155504612108400470e-01
6.976959181767032614e-02
4.947422517601097330e-02
4.960889354890194586e-02
6.936259686861387386e-02
6.898179824085196032e-02
1.861133414737715583e-02
1.351780370064478189e-02
9.830046978057163307e-03
2.408883419550517449e-02
3.291190481800375378e-02
1.494441724459364372e-02
1.622147724804421515e-02
4.212872561822956531e-03
7.504919576965499162e-02
8.993695469307544377e-02
3.564129392113726813e-02
2.922789655430257233e-02
2.687166740305089660e-02
1.052713306465063586e-01
9.985584186689826225e-02
5.538152986451282817e-02
5.376591053108597390e-02
2.662516352418166019e-02
5.793883945236254912e-02
5.765916524051604986e-02
3.450512056910961384e-02
3.091158702440002098e-02
2.762818827051519849e-02
3.097625318791048799e-02
7.812281495030081076e-03
3.623676750418596687e-02
5.223328000764351081e-02
2.148461243386593986e-02
7.559021723519519786e-02
7.555848808280847539e-02
4.327054906362150927e-02
3.423420126923196888e-02
1.490679337649983803e-02
9.835826697419119968e-02
9.739173489599917133e-02
4.989196754013089374e-02
4.083747890322060592e-02
1.615637583928695303e-02
5.948229031533128902e-02
5.919508534551288365e-02
3.285566635428369131e-02
2.817977287777964635e-02
1.959431544786125953e-02
2.773785668985112932e-02
5.213921614383519587e-03
3.218631257149132813e-02
4.750959696349991296e-02
2.376066868344289471e-02
6.784998473231702854e-02
6.582642992784565328e-02
3.666508128022371443e-02
3.496340752205738533e-02
3.047937959385687429e-02
1.234168850996561623e-01
1.563785231356034366e-01
9.802430402444584079e-02
8.933313319627136928e-02
8.192051210252888904e-02
1.149485792180799937e-01
1.200557954500499208e-01
5.933140136120419739e-02
5.367903242499595662e-02
3.192808993422093650e-02
3.616527693481939865e-02
7.093876412029624656e-02
1.364098186464230734e-02
2.416150281068728256e-02
1.692567983973507217e-02
1.143681933952264002e-01
1.059920068527116788e-01
5.621649301110826641e-02
4.877108086133989662e-02
6.609034270372782238e-02
1.122996449611326220e-01
1.178295639255453192e-01
5.489681909906975882e-02
6.284994593191499390e-02
6.458139276771698856e-02
7.631413691993700621e-02
1.015521534574699847e-01
3.158680621596367255e-02
3.046551506415970043e-02
6.256836911564883641e-02
3.792064129431101105e-02
5.862112810824471332e-02
5.509574313584648941e-02
5.859919198766028875e-02
1.006097749392729362e-01
7.397260659364637836e-02
9.615991973017537497e-02
3.801095569883441994e-02
3.252105815493161467e-02
5.463012516684241648e-02
1.183761219663434366e-01
1.339715751185663606e-01
6.638175286330888492e-02
5.497839300665601642e-02
6.967889288695801320e-02
8.558218316376312029e-02
9.946337141331115794e-02
3.462075594148668334e-02
2.636467827179775347e-02
4.413607847680117713e-02
3.856505957960110198e-02
5.799856667350805628e-02
1.693357543791460668e-02
1.873840195748120371e-02
4.218465860981895910e-02
8.848945332513344364e-02
1.103358957508150801e-01
3.441274205016454230e-02
2.610216089694417096e-02
4.369638189073746931e-02
1.028130732694894911e-01
1.059887346221873583e-01
3.935657857772943691e-02
3.022496537555117643e-02
4.104563717464014549e-02
5.620054008448029104e-02
6.891133469079584184e-02
2.245917002471290586e-03
2.812334578647135430e-02
4.781034409176353195e-02
3.708578946309877555e-02
3.279334512307700844e-02
1.103555749654728906e-02
1.720316990078269229e-02
4.841089765131664779e-02
6.966528934756639757e-02
7.994380961845461153e-02
9.624037198337332885e-03
5.353374223069450218e-03
1.553361415053499187e-02
8.886339555199500306e-02
1.064568813267192104e-01
3.315013065950137700e-02
2.796294739436400861e-02
4.085154457541685658e-02
5.538442630508007281e-02
6.873225626686216283e-02
3.406279639438154067e-02
2.839835425419668172e-02
2.361110686154292704e-02
4.259242874116253574e-02
4.306521576383534611e-02
1.818351447451661482e-02
4.371633527238011352e-02
6.667791486854769689e-02
5.949657605000626542e-02
7.948867003072884740e-02
5.374340286647666561e-03
2.968873408737501222e-03
4.446247512194414359e-02
1.271698125985795402e-01
1.416704065066085871e-01
7.777594938828859272e-02
8.184179531622119697e-02
6.671270486098884733e-02
8.419302275413420578e-02
9.583281840689485132e-02
3.878148489506334090e-02
3.778856427297591636e-02
1.083790414318135283e-02
2.580147505731901839e-02
4.854681189147613124e-02
2.239619501234600338e-02
2.392778041421307622e-02
7.596920422800334735e-03
9.532549810977504479e-02
1.139311138505010174e-01
5.622769849307845264e-02
5.292597276747075530e-02
2.679081851261633923e-02
6.326378834827912911e-02
8.729900985811030190e-02
1.684478707386112897e-02
3.339664963342792864e-02
3.636859067395049189e-02
3.608323774080799545e-02
5.494903339016900951e-02
1.755212817287976970e-02
1.443164769928481639e-02
3.814174912336681933e-02
2.096168824287540991e-02
2.774859149729735561e-02
1.014557532361813064e-01
5.216059940274996032e-02
7.391578563612724584e-02
3.760010162850113691e-02
6.133712045889824077e-02
2.022781100672552471e-02
1.418904471441560095e-02
2.426595964649282816e-02
9.756499028066537016e-02
1.184896049928554490e-01
3.114903106595072468e-02
4.367978551879923843e-02
2.958423036695204469e-02
7.004354671371314234e-02
6.476438982622798046e-02
2.818299479721334943e-03
2.396241861349783855e-02
3.296329955649018179e-02
3.123704435018810968e-02
1.948015294113769960e-02
9.752025526878874834e-03
1.573747494455051202e-02
4.812173070245476941e-02
8.450580430317637670e-02
8.659732011295588616e-02
3.127033542376470021e-02
6.771708444569554328e-03
3.373612775322994140e-02
8.534451388586995757e-02
1.002487323587421125e-01
2.286942529958460243e-02
2.176791048524762129e-02
8.804597223593687780e-03
4.959392539315295168e-02
6.005931742004221030e-02
2.302191764938910090e-02
1.972304502577863772e-02
1.305440600039018892e-02
1.707174862408561769e-02
2.581432681258314862e-02
1.803779698898101691e-02
2.980240531937997095e-02
3.412989776333400643e-02
5.984945151382119882e-02
8.448197529124898408e-02
1.124448595809724935e-02
3.337699320341445952e-02
1.773212616480233580e-02
5.806753451613523576e-02
1.010726468388887661e-01
1.337622048957282095e-02
5.446111846939858531e-03
3.339015469171196116e-03
5.643710408041530818e-02
3.346536740814921862e-02
1.658561792528568529e-02
1.297824648993516072e-02
1.239637430626120383e-02
1.366687344430875424e-02
2.523823736300775944e-02
2.072400034447225217e-02
3.204510709554845432e-02
4.406997427363826270e-02
5.052640999480988160e-02
7.992941536467899899e-02
1.134878707541146607e-02
2.719292794744109648e-02
1.493737109067367480e-02
1.166818280456097118e-01
1.217486289922545678e-01
7.806544840310872257e-02
7.319871034665502429e-02
4.973559287408088614e-02
7.861400778126738376e-02
9.598265463482974491e-02
4.725757784944186607e-02
4.586522448930008961e-02
1.117964432984587531e-02
2.894935580228359673e-02
3.717626199901073736e-02
2.812303289443078905e-02
3.827569577769697473e-02
1.461170025724521822e-02
9.718860054142436367e-02
1.010940003007752969e-01
6.057203126482272465e-02
4.987744489317394447e-02
2.844690471977564736e-02
5.147455742600557521e-02
6.697880416886108079e-02
3.159742142129838560e-02
2.310123736995669391e-02
2.379869514698607774e-02
2.495206722555195350e-02
3.499932637196881413e-02
1.277663278401512496e-02
1.565187425260781973e-02
3.998073795150301757e-02
1.761120414543736190e-02
2.319397222206594916e-02
4.604070508886554114e-02
5.232672748409367136e-02
7.429430094587188838e-02
2.518187824103567535e-02
4.069336677453921913e-02
1.357177932545737889e-02
8.111549641407060293e-03
2.039128853250193191e-02
9.355967321874344989e-02
9.060441405591672381e-02
4.561374381583502974e-02
3.925756752932853949e-02
2.089604060927909360e-02
5.486925366998113285e-02
6.349989116465859507e-02
1.943300824754744596e-02
1.767476638194480712e-02
2.003782414258989050e-02
2.218278130057534797e-02
6.629913732769373257e-03
7.337536801338684182e-03
1.900860273126421529e-02
5.702612542307881199e-02
4.393674074904733301e-02
8.480904353774038062e-02
2.632636905507471353e-03
1.493057385257297483e-02
2.447368106745243313e-02
7.793797549019360060e-02
8.002141680610617980e-02
2.108823722086613714e-02
2.002001115025517711e-02
7.962125853674804909e-03
4.383904837464203119e-02
4.090088741976762726e-02
2.501777797702860878e-02
1.747290503972930356e-02
6.242226935727752252e-03
1.578596577785177854e-02
1.934847777451160697e-02
2.865760083047238713e-02
3.733117942515394583e-02
3.849529989486791259e-02
4.191736900377426162e-02
6.428370704967691085e-02
2.744132570081266737e-02
2.543607359691676256e-02
1.575244606553652046e-02
7.042918147122133321e-02
8.813527230090395514e-02
1.391330475035770266e-02
6.694897541670263331e-03
3.059927515936260861e-02
3.398894521167784150e-02
4.564290302747115585e-02
1.521710608133643172e-02
1.133096900641747395e-02
5.886370320529034882e-03
9.601584491825345888e-03
1.511341035024868495e-02
3.076453530760747332e-02
4.488897470695227265e-02
4.482817708812684293e-02
4.856995562470621530e-02
4.365238840303999057e-02
2.652899206337333213e-02
2.277219119523074542e-02
1.082299438843402177e-02
