1.180335926216219411e-01
1.966641383409232502e-01
1.477870275097667441e-01
4.982000295731882356e-02
7.437502263857317941e-02
5.373293536747191651e-02
1.167387400256947178e-01
7.062115813356587002e-02
3.334756365172160397e-02
3.237190852120869211e-02
2.276862796998385327e-02
5.187433943379223672e-02
2.727736113025995904e-02
6.105921874868346089e-02
3.245315466798563697e-02
7.682163462994452685e-02
1.342216720394671103e-01
8.621604295730204981e-02
1.500922183368587001e-02
6.033759138337715239e-02
1.368682491872492690e-01
1.184181405910429280e-01
9.258632274959774366e-02
1.397011943894903852e-01
1.363272305952078212e-01
1.395454081905887211e-01
1.218548157468589688e-01
9.706925277130004637e-02
1.586900711385648421e-01
1.443822658671960191e-01
1.551702049278862183e-01
1.142322057823221132e-01
1.136551115172401843e-01
1.853857627979101363e-01
1.656154930342890741e-01
1.245130857565157068e-01
6.146736580881983353e-02
7.909694362780843313e-02
1.398739038342850516e-01
1.267646679835688628e-01
8.363098859496964632e-02
1.388961094237232963e-01
6.307138136403828144e-02
9.670126287199640180e-02
1.088979460871630778e-01
9.711533339015339383e-02
6.726413689421972819e-02
4.737435263815863162e-02
1.052528060169574398e-01
1.012579359058487366e-01
1.053916725209508437e-01
7.027833095470034652e-02
6.235504733827952617e-02
1.320902377278446449e-01
1.121505706295024690e-01
9.331788615501142303e-02
8.026636193169572886e-02
3.652005013929358890e-02
9.057344979386139361e-02
8.542056106381079594e-02
2.067808738874968646e-02
1.138518816356583058e-01
4.747082284493404220e-02
5.896188596289101552e-02
6.506629504296558564e-02
5.900250092377948286e-02
3.908209609368793608e-02
1.512494501449014421e-02
8.227894270167024349e-02
6.805100055178259222e-02
8.246785826520738882e-02
3.622075076360461998e-02
5.112114795973630305e-02
1.214341895996594312e-01
9.718642204539992835e-02
4.806555541033990381e-02
6.565374896837822272e-02
2.869052619655521053e-02
6.084139477482498198e-02
4.873392909758296476e-02
4.481959265626808686e-02
9.482833991223495185e-02
3.594129882055471098e-02
7.058805876129005397e-02
6.688843130640721724e-02
6.797056826881540947e-02
5.405598727890163074e-02
2.814254722659133290e-02
9.277791831726769911e-02
7.055346901051352815e-02
8.924369030828002702e-02
4.584728683086072148e-02
5.749447362630333985e-02
1.298269687427917596e-01
1.016863621754771491e-01
5.472041577874619395e-02
5.064687715269804158e-02
7.852128090390236848e-03
7.276353188856503340e-02
5.307406349536886170e-02
1.329960964054724970e-01
2.059886416378355900e-01
1.257631266837533346e-01
7.831929522117123121e-02
1.132616556642432187e-01
8.717825640972247381e-02
1.390326262701261362e-01
6.795366512549266824e-02
7.660069206160845245e-02
6.707185324020156769e-02
6.405304387298088598e-02
5.774720216259979916e-02
3.222749486873194985e-02
8.286026647836376713e-02
6.922327507080694442e-02
8.913399666567972668e-02
1.506358985332265088e-01
9.056979829792012604e-02
5.329724431421681285e-02
5.393253042061906671e-02
1.810713615567565715e-01
1.607437530761595956e-01
1.448448020637427558e-01
1.793944110908785305e-01
1.776724983681886028e-01
1.716494168937815479e-01
9.421650508178716632e-02
1.398319112958048838e-01
1.927905920137205076e-01
1.845690461380518621e-01
1.873713864327448131e-01
1.500576693939409678e-01
1.491628498618775278e-01
2.032137749662573378e-01
1.969967404974202752e-01
1.589944089926221271e-01
9.820799362000562360e-02
1.252629555314140053e-01
1.744632369401517002e-01
1.635755587576563641e-01
1.491447757065342272e-01
1.738199632021357743e-01
7.565433570015839271e-02
1.392273799420330749e-01
7.232039598692675819e-02
1.391515523749397021e-01
1.091875491650440289e-01
1.090440169025192751e-01
1.411035186337066261e-01
1.445605456184169413e-01
1.422566319218638575e-01
1.155867669902674033e-01
1.064185018478647216e-01
1.629714044950003049e-01
1.465801407013341828e-01
1.023785707552590934e-01
1.240007821316258113e-01
6.042382952282266545e-02
1.302570512423037175e-01
1.306975085702648809e-01
6.704335250904984445e-02
1.192380308703310243e-01
4.539873791003178061e-02
9.401608938099947910e-02
1.077798887509656134e-01
9.761993344174334231e-02
5.728417602187359930e-02
6.614695416438443054e-02
1.115527350217016822e-01
1.066396555667438878e-01
1.084816072343714882e-01
7.405208735615462223e-02
7.093506485797489158e-02
1.410656440826005276e-01
1.216185931491738925e-01
7.676418017623558299e-02
6.366747595802654813e-02
3.623274197044556305e-02
9.249695938908565618e-02
8.953236250169455124e-02
4.852984444629568350e-02
1.192286422132525087e-01
4.740771847025449653e-02
1.092296393395869730e-01
1.094116596910819500e-01
9.975105424425545486e-02
4.718692373768660492e-02
7.250921680428282223e-02
1.237763504585467772e-01
1.064705912470136906e-01
1.156528294756232200e-01
8.096664698288846829e-02
8.091730839002031495e-02
1.535753797348679839e-01
1.265116286381974819e-01
9.289652701892019138e-02
6.139910564059995746e-02
5.659856157941418886e-02
1.046234837296612097e-01
9.350569105900263800e-02
1.893986422822222515e-01
2.300885389255393765e-01
1.500646205955093737e-01
1.381636092938488825e-01
1.833390031451596347e-01
1.579012567767493491e-01
1.735929724931258855e-01
6.829674631197139856e-02
1.619549322671987868e-01
1.523995695377439452e-01
1.439618763637686427e-01
6.190138947751268328e-02
1.074948949570555118e-01
1.603759805133235794e-01
1.512640280260337811e-01
1.468831725807761279e-01
1.632946203550697528e-01
9.025468681181211816e-02
1.451175691199722562e-01
1.410706673066477179e-01
2.570404232315690041e-01
2.413488164106057376e-01
2.023119740099529884e-01
2.567103096558664976e-01
2.634189099763312725e-01
2.552569949935514781e-01
2.388097528480706278e-01
2.224293455338924308e-01
2.705473228557309651e-01
2.605544865196815496e-01
2.556431568329613491e-01
2.287989847761742468e-01
2.253623661681179724e-01
2.841008603689458289e-01
2.707643366023896325e-01
2.423737368148869975e-01
2.237714096257652219e-01
2.074655791437190755e-01
2.524720771204487235e-01
2.480004704330318333e-01
2.327576135386107692e-01
2.294041340039063293e-01
1.845418513464739674e-01
2.266239972039922057e-01
2.310600473501174257e-01
2.113605054398252081e-01
2.035032991219175857e-01
1.939811771521038619e-01
2.266125447947890392e-01
2.280488696272201798e-01
2.196683830486273470e-01
1.944897827066116025e-01
1.862387023410860543e-01
2.357593366642023458e-01
2.255818245611609929e-01
2.006298220627719675e-01
1.920298625918116231e-01
1.698806722216039122e-01
2.111273701038583195e-01
2.112706080749443549e-01
1.897832204170628034e-01
1.577277893115521246e-01
8.434788455430423937e-02
1.815383472338907012e-01
1.905667668773093071e-01
1.794293372272894316e-01
1.355744235970194334e-01
1.481589034174418673e-01
1.887954237899708287e-01
1.875252340765946879e-01
1.818630040693847427e-01
1.529964449861105080e-01
1.461431438505472469e-01
2.042655022718136981e-01
1.928654648260533788e-01
1.547992856738314993e-01
1.448555538939804432e-01
1.340824577224501990e-01
1.704038831632706530e-01
1.703177702826868256e-01
1.923063376855666529e-01
1.577797947528062350e-01
1.150415742331272334e-01
1.926239681270358606e-01
1.900448226487210512e-01
1.831964438608041645e-01
1.061657395766331946e-01
1.546446315688524142e-01
1.994104416368475685e-01
1.905880470548626804e-01
1.881649687808926164e-01
1.612884020033862886e-01
1.541224568676818063e-01
2.167405332282519304e-01
1.968895769899124681e-01
1.571821611004007024e-01
1.192788016402625134e-01
1.425364701437010495e-01
1.838581588263554778e-01
1.752469758004497336e-01
1.449691731613694523e-01
1.976071682840992161e-01
1.238721805723902031e-01
1.005366264538229831e-01
1.396518132121347122e-01
1.113474067702461684e-01
1.400803847791874668e-01
6.201321437114049734e-02
9.044650806353958516e-02
1.193789389464330608e-01
7.692895689081342969e-02
6.187642147699672773e-02
6.313642226672937230e-02
1.188607991065876168e-01
9.728489293121346526e-02
6.402083451902848554e-02
1.483155348380460203e-01
6.127809339432795099e-02
9.382320147860613579e-02
9.115202738448910380e-02
2.050040495391157458e-01
2.018745984557843154e-01
1.768970451792203913e-01
2.139469458665363422e-01
2.158451225735704693e-01
2.046364570651718895e-01
1.888824973010384822e-01
1.753048980202596974e-01
2.250518740512861826e-01
2.203093965875648208e-01
2.167142433147520864e-01
1.822214157427280712e-01
5.109703743383824798e-02
2.456562076204427958e-01
2.316869730276859551e-01
1.933715625093520574e-01
1.793750596029182187e-01
1.609419269435983235e-01
2.061935355345603238e-01
2.034691872876159546e-01
1.834894898888427828e-01
1.618593463758716544e-01
1.151594213685869089e-01
1.755201354258938695e-01
1.834538788928750663e-01
1.666912854166415214e-01
1.372326179631356835e-01
1.420957291598675398e-01
1.791337280822389022e-01
1.789973539347323728e-01
1.712510423882208921e-01
1.452831293250115841e-01
1.405658944159527690e-01
1.865404323530832353e-01
1.809991540415054612e-01
1.454441930663655236e-01
1.416699863019543204e-01
1.298438612537234083e-01
1.636305497581513058e-01
1.636582069995530520e-01
1.260173135218213836e-01
1.508018926860975606e-01
7.470100410375034305e-02
1.330769496496314597e-01
1.414034137848110551e-01
1.219130894555004591e-01
4.741784096904947537e-02
9.868974922004046524e-02
1.444735657902071480e-01
1.429407218355273901e-01
1.373952573465288540e-01
1.055358208212142795e-01
1.016129001165018420e-01
1.683267481893659656e-01
1.544528515450886985e-01
1.159298041220683251e-01
7.280014806243938208e-02
8.123289254568603901e-02
1.254518043104666525e-01
1.251456965440621572e-01
1.410166777084674028e-01
1.370569410336507643e-01
1.177195518966537985e-01
1.447726924801908954e-01
1.434245491522581628e-01
1.324604213572247169e-01
1.093485529379793347e-01
1.075130836742043822e-01
1.562129732260212622e-01
1.458111903248789365e-01
1.441730304351663827e-01
1.122964204464252935e-01
1.140968628867705670e-01
1.793876829844411602e-01
1.590274299738003438e-01
1.210307821962183783e-01
4.891474909869770321e-02
9.582718435164917781e-02
1.398744393195621993e-01
1.303242941436088542e-01
1.516395551162834920e-01
1.891182725115841956e-01
1.027425548201156558e-01
1.249692979728350833e-01
8.649489105891816632e-02
1.031703926645565483e-01
1.201346636400801859e-01
7.973981300051352639e-02
1.118631131754424801e-01
1.252099227374959822e-01
1.035497489075043881e-01
7.984682204670445760e-02
6.455148781599405472e-02
1.209267430435121415e-01
1.132647096493674399e-01
4.940721149810274604e-02
1.304247011142373180e-01
7.074867390954529822e-02
1.026847280131625156e-01
1.157931655830580081e-01
2.185946754580422868e-01
1.927571732267675253e-01
1.849212118862597065e-01
2.228246804277043691e-01
2.236575433628956167e-01
2.140837300015809852e-01
1.921377240839853839e-01
1.821627081964918016e-01
2.334363729583033009e-01
2.285368133377435051e-01
2.231710872977973048e-01
1.849901081274167025e-01
1.907541583656030826e-01
2.531327393351533450e-01
1.042753827426100843e-01
2.013526427411116426e-01
1.598829134873405444e-01
1.667161886917648550e-01
2.165366657981104559e-01
2.110542791184821521e-01
1.653784159774213947e-01
1.949039388656975125e-01
9.072205025918697596e-02
1.856816646559740214e-01
1.942929248659327202e-01
1.801943716648371774e-01
1.180840532863074305e-01
1.474403346187413977e-01
1.898130271989270645e-01
1.884127285351147596e-01
1.822092431759525233e-01
1.498550271737422446e-01
1.488739335866032798e-01
2.009717356175795555e-01
1.906342711196163109e-01
1.665000538872403457e-01
1.131517868915212638e-01
1.298047814208469763e-01
1.738018664424827719e-01
1.721147415611842257e-01
1.276777943202363208e-01
1.432832280609754871e-01
1.181943540795290237e-01
1.442003354819011429e-01
1.528833172283810271e-01
1.340498729311871418e-01
1.079251880433201860e-01
1.071240097779650458e-01
1.547207855399332366e-01
1.533865130164998869e-01
1.495390156035670826e-01
1.070460957830983162e-01
1.137042258471359646e-01
1.780751759030131665e-01
1.620049118295329160e-01
1.280368968122042872e-01
4.777726720712859032e-02
9.113501654915279193e-02
1.366840344606167490e-01
1.349543729885642196e-01
1.462192066517100930e-01
1.305337265313487594e-01
1.172540603794280795e-01
1.565567733418625762e-01
1.536474437259527648e-01
1.432839828454983977e-01
1.208740839131532130e-01
1.148068188542101103e-01
1.670382759902175884e-01
1.547193290567388246e-01
1.564211397746555765e-01
1.170731896839051212e-01
1.215867511287697794e-01
1.907281924605832568e-01
1.685094540193824431e-01
1.348073853274407707e-01
9.327345834374498046e-02
1.044231137673427984e-01
1.499875852634772744e-01
1.397639762005218889e-01
