1.281206162447389829e+01
1.315816740118995298e+01
1.304365936374782642e+01
1.308875519638693774e+01
1.322947838200849624e+01
1.287156124231757737e+01
1.312408731307067455e+01
1.300537090224854708e+01
1.306926520530549141e+01
1.319959802717537656e+01
1.283156087741068063e+01
1.308479218254285037e+01
1.297281886095020376e+01
1.304001826552172005e+01
1.315909222179129934e+01
1.285065882050409414e+01
1.313212880779975933e+01
1.300185213459168487e+01
1.306167659984079954e+01
1.319348899760375460e+01
1.300019983497589848e+01
1.325997026273728174e+01
1.313063310546592355e+01
1.318258328924146561e+01
1.331701031949810066e+01
1.298099797809052092e+01
1.320697026757618708e+01
1.309692684857957623e+01
1.315478040648111602e+01
1.327215859789618158e+01
1.292483060065673506e+01
1.316994772469620933e+01
1.305991752397639161e+01
1.311352407601046721e+01
1.323831842025775529e+01
1.297668316000117805e+01
1.323480866104873854e+01
1.310097542439818774e+01
1.315300335321687797e+01
1.327162267312291632e+01
1.296941853264022271e+01
1.327065357816874247e+01
1.310427882331128657e+01
1.315662784513109607e+01
1.332298953043944856e+01
1.292846632924984895e+01
1.321049757837097260e+01
1.310537929217683306e+01
1.313578926236698940e+01
1.328243775353390355e+01
1.293911290361610256e+01
1.318823883785471018e+01
1.306394980426231101e+01
1.307820331851132778e+01
1.323732356387323073e+01
1.300470195000077211e+01
1.324655992204917965e+01
1.307668441946942117e+01
1.312952438327625515e+01
1.329839524674482654e+01
1.287377805166181410e+01
1.314346511361070036e+01
1.299862238127275660e+01
1.306792808963740349e+01
1.320302191622189447e+01
1.280656397186386819e+01
1.309206246583171485e+01
1.296970260127914010e+01
1.306116516804713079e+01
1.316975528698991837e+01
1.281059610639302981e+01
1.308600513633111184e+01
1.292527179569749762e+01
1.302259416816088056e+01
1.313027704943596241e+01
1.280199173723606521e+01
1.312290356692452598e+01
1.295560210968661252e+01
1.303671012661528650e+01
1.317575293781540147e+01
1.286754781835861117e+01
1.316089040603409899e+01
1.296756789671162835e+01
1.307105650604149361e+01
1.321660805664588700e+01
1.280890587188976681e+01
1.312439961835525715e+01
1.293469104561513561e+01
1.305356755044379469e+01
1.318397745182094383e+01
1.275968575098328728e+01
1.309363150708170487e+01
1.290222982671466845e+01
1.301269453658496822e+01
1.313011736692013720e+01
1.286415607293504593e+01
1.313821595717263868e+01
1.291019779079905661e+01
1.305340169092862013e+01
1.318853930213758829e+01
1.296989594730581885e+01
1.318177197147937996e+01
1.308868247627717984e+01
1.315370792071056094e+01
1.322803191135405676e+01
1.289949361634199576e+01
1.315062717671578341e+01
1.303997947948837677e+01
1.312161103779382820e+01
1.322953441964668642e+01
1.285080123846658751e+01
1.309090362900412252e+01
1.301615452756304414e+01
1.309052780717722797e+01
1.318298685437269491e+01
1.289642914363308890e+01
1.316081080681380833e+01
1.306149281129508566e+01
1.312837385905423915e+01
1.320643373054159930e+01
1.305855993658830094e+01
1.324432397791090388e+01
1.315633146083141192e+01
1.324382030437910629e+01
1.330057118697169649e+01
1.298701130852517593e+01
1.321348744816316767e+01
1.312053849629540814e+01
1.320696214982871020e+01
1.327330572749157156e+01
1.296747305886253088e+01
1.320437143916054623e+01
1.307265526216018259e+01
1.317106401528908854e+01
1.324684792525062171e+01
1.302678932457537719e+01
1.324851184592984055e+01
1.311468200659898287e+01
1.319837850026405413e+01
1.328810061382742980e+01
1.304919477013392282e+01
1.326317172324375626e+01
1.315825956831971588e+01
1.323748707786171686e+01
1.335162944191804613e+01
1.301215752558221794e+01
1.324277627870118401e+01
1.312616663981939702e+01
1.320449815448928454e+01
1.331087779750705558e+01
1.296013754857323796e+01
1.318018738447856464e+01
1.308496768465347770e+01
1.314907300949964508e+01
1.327337984527332715e+01
1.303530611712113796e+01
1.326116727858901356e+01
1.312240626446254055e+01
1.320754282217276376e+01
1.331384502636171696e+01
1.290199788224754940e+01
1.315740536443121655e+01
1.301899552897103973e+01
1.312333619383474570e+01
1.322001400847365460e+01
1.283121347681028013e+01
1.313004382517929614e+01
1.297631907973288534e+01
1.309012639523095345e+01
1.318295801640270781e+01
1.281643248564448534e+01
1.309727456645828347e+01
1.294058291087248236e+01
1.305508596153233825e+01
1.314729732906166326e+01
1.287438727687895046e+01
1.311811694471428602e+01
1.299389655894075979e+01
1.309508754791403184e+01
1.319325712921577853e+01
1.288954030054443400e+01
1.316625754725631836e+01
1.302807495700427509e+01
1.312629095344162167e+01
1.323129547017203045e+01
1.287603792966799077e+01
1.312849321610955755e+01
1.299954625861802882e+01
1.308898994352949430e+01
1.319803482427412078e+01
1.281562016354209987e+01
1.309953018994842289e+01
1.297048610380132949e+01
1.304482618384926340e+01
1.315292852203267060e+01
1.288529670372493996e+01
1.314754507275324080e+01
1.300677649592268281e+01
1.309463677525101488e+01
1.320893839551989046e+01
1.307485051944236254e+01
1.325695983105160813e+01
1.318664208086513057e+01
1.324105575062913864e+01
1.335444620711911945e+01
1.303598165909305173e+01
1.321761884592380554e+01
1.314376331857660674e+01
1.320588152566273266e+01
1.332319785916156363e+01
1.299544128287168121e+01
1.320052944331135159e+01
1.311360371652281742e+01
1.317690120977888846e+01
1.328281718222081942e+01
1.303884479447811451e+01
1.323693315759187783e+01
1.313754055144741884e+01
1.321378411074739745e+01
1.332552293971936486e+01
1.316451064416321337e+01
1.337493304019877627e+01
1.326460335554974890e+01
1.334134720704302524e+01
1.343615907103116669e+01
1.312158290695455420e+01
1.334174203203038189e+01
1.323241273989819788e+01
1.330902700720843157e+01
1.340199137876605029e+01
1.308973115162746659e+01
1.328997014084059458e+01
1.319295514964204230e+01
1.327323590712819978e+01
1.336327379831728734e+01
1.313684321327221127e+01
1.335135957784174998e+01
1.323779227056822982e+01
1.331147284864518987e+01
1.341018615318660601e+01
1.316148089106558317e+01
1.338013958278585847e+01
1.326476643111891285e+01
1.334336997033602934e+01
1.343861721635283679e+01
1.312974800443789825e+01
1.334291706023370416e+01
1.323482904992277298e+01
1.331101882437828721e+01
1.340396653676981309e+01
1.309224385932601109e+01
1.330464218850162084e+01
1.319506057502258400e+01
1.327204327590460942e+01
1.336490740607023575e+01
1.313982833205285594e+01
1.335347189417692171e+01
1.324059444517373585e+01
1.331604316877948868e+01
1.341300004951492042e+01
1.302115949140748974e+01
1.325764418340176753e+01
1.313554287272128285e+01
1.322597326815957075e+01
1.331453694871075122e+01
1.298816315365419527e+01
1.321077462535824587e+01
1.310474873576840871e+01
1.319531553983829930e+01
1.328135855747037830e+01
1.295072247883256189e+01
1.319861459418169503e+01
1.304839265958863059e+01
1.315809789241985683e+01
1.323862119148997607e+01
1.299648052859122771e+01
1.322863533627732657e+01
1.310980393373628061e+01
1.319867749692683745e+01
1.328674162053379249e+01
1.300812520649023618e+01
1.326166483604779778e+01
1.313424285049963380e+01
1.322241984270920412e+01
1.331792478673520108e+01
1.297920909911826648e+01
1.322864000441732735e+01
1.310331939416466263e+01
1.319480330965003390e+01
1.328454473475311737e+01
1.294468329951838292e+01
1.319586989576968605e+01
1.307087839272832674e+01
1.316009162737496929e+01
1.325195888000519417e+01
1.299020792186450457e+01
1.323998725487382266e+01
1.310875278286443191e+01
1.319451360461354383e+01
1.329266162687968844e+01
1.304208273726688105e+01
1.322179061731897498e+01
1.310833116233766127e+01
1.322075967674592611e+01
1.332332890766764066e+01
1.299164401120660628e+01
1.320984352229683267e+01
1.308709028873627922e+01
1.319323546655584245e+01
1.327787618401952585e+01
1.295159616544273007e+01
1.317210529524066231e+01
1.309793441120686275e+01
1.315661544137705796e+01
1.325223586361681072e+01
1.300646595047225951e+01
1.320641795343784608e+01
1.313641376623252377e+01
1.317503564626720092e+01
1.328299195312068903e+01
1.312637747534875210e+01
1.329202436787259600e+01
1.323807293796546425e+01
1.330475278563189079e+01
1.340300173935857231e+01
1.308100170309967503e+01
1.329317680442858141e+01
1.320654590525408523e+01
1.327346157844262464e+01
1.336678971137481753e+01
1.304883346698923141e+01
1.324354484534094567e+01
1.315024900832895760e+01
1.323457412066895245e+01
1.332679903633060370e+01
1.309789143322939076e+01
1.328599296435729471e+01
1.321291706579655667e+01
1.327384985647055871e+01
1.337652415951409779e+01
1.311928786005640823e+01
1.333313683280486828e+01
1.324050818498622029e+01
1.330645858917104363e+01
1.340257991483531441e+01
1.309106804692311243e+01
1.328508741344642807e+01
1.320754035125091619e+01
1.327315808316753554e+01
1.336985069385248082e+01
1.305198558893027361e+01
1.325175561037600147e+01
1.315222304449788382e+01
1.323675958892282800e+01
1.333203240086397479e+01
1.310244687781205819e+01
1.330980102169000645e+01
1.321540255605314584e+01
1.327714577700166387e+01
1.337938322000563574e+01
1.299912606347807476e+01
1.322221443695366716e+01
1.311048553528550187e+01
1.318253235519708433e+01
1.328686624382842396e+01
1.295594402772403164e+01
1.317860584171214455e+01
1.308034692836856472e+01
1.315144141490622154e+01
1.325373919535904044e+01
1.289969665193440207e+01
1.315075843376445341e+01
1.303771590334302033e+01
1.311926823596180647e+01
1.320070276777108020e+01
1.296347458803543162e+01
1.318894950441880098e+01
1.308285041463848231e+01
1.315830436734740694e+01
1.326123022384493666e+01
1.297645233322684888e+01
1.322848239219189459e+01
1.311507434669620764e+01
1.319138559251646114e+01
1.328856633577696478e+01
1.294532901757987986e+01
1.317812197066680824e+01
1.308543905024306397e+01
1.316132235906534653e+01
1.325796065240200328e+01
1.291426667517625759e+01
1.315773628011205787e+01
1.304103275007018325e+01
1.312757331946724726e+01
1.322109895909211019e+01
1.296191500370133198e+01
1.319594882381167800e+01
1.309410990136434449e+01
1.316825861006671161e+01
1.326789328713667082e+01
1.314382643469218515e+01
1.329725923763212414e+01
1.323673036973673511e+01
1.328193518272612650e+01
1.337304246599530799e+01
1.308766758578648925e+01
1.328177981203459090e+01
1.320903952356410649e+01
1.325446178386791907e+01
1.335308198724151296e+01
1.305809180587787388e+01
1.324166092416183638e+01
1.316866475019434901e+01
1.323049191770119215e+01
1.328822926143394234e+01
1.310960854520122609e+01
1.328964842921675249e+01
1.316301702742260282e+01
1.326849839805827891e+01
1.336276820454112801e+01
1.321469286922160435e+01
1.333357287398244040e+01
1.330084283142975821e+01
1.336745104232842429e+01
1.345495871178067482e+01
1.317523754959892734e+01
1.334798473657448525e+01
1.326751575967460184e+01
1.333510110713998742e+01
1.341770595798803534e+01
1.313700891984291275e+01
1.329317238407738877e+01
1.321382932085873207e+01
1.329716117376869811e+01
1.338342481322133715e+01
1.318755865811779238e+01
1.331943942536490688e+01
1.327431294025206121e+01
1.334124878932629876e+01
1.343006669436426037e+01
1.321304769330748563e+01
1.337447564723026971e+01
1.330364896081076687e+01
1.337162975057527348e+01
1.346015748501234910e+01
1.318048523871897437e+01
1.335506371670485137e+01
1.327186364073337010e+01
1.333869723259608264e+01
1.342576366845804436e+01
1.314062956702257701e+01
1.330291352105060909e+01
1.321616294775111555e+01
1.330221253742563370e+01
1.338865911017766663e+01
1.319197420974670010e+01
1.335842079987617126e+01
1.328004489169392244e+01
1.334085448998211199e+01
1.343361384699607797e+01
1.309140891147899666e+01
1.326970110522928081e+01
1.317242677035189580e+01
1.324844381162310647e+01
1.334450516736585257e+01
1.305000214307232653e+01
1.325411597956080278e+01
1.313988052683419916e+01
1.321577511598144561e+01
1.330966025760177018e+01
1.299960833210328914e+01
1.321497087688647198e+01
1.309854372906044873e+01
1.318890290174464219e+01
1.324611486422431561e+01
1.306380111654561027e+01
1.327407928650566049e+01
1.313629963003299217e+01
1.322256727052446124e+01
1.331703911645470484e+01
1.306897326480768307e+01
1.326859540840224660e+01
1.317924917981186184e+01
1.325755535784374217e+01
1.334560955963205231e+01
1.303739175741929479e+01
1.322181801668236822e+01
1.314697381574685409e+01
1.322519686552969098e+01
1.331260244682199279e+01
1.300585154386787501e+01
1.321412531907470189e+01
1.310212162212262932e+01
1.319134548541200758e+01
1.327811958244521406e+01
1.305102469749818006e+01
1.323484899353458388e+01
1.315767417408429552e+01
1.323004844206192310e+01
1.332221312859294216e+01
