1.566521160995225692e+01
9.684553767082489273e+00
1.679235970326547900e+01
1.270790665420959442e+01
1.504196530088781358e+01
1.161890267601326521e+01
9.486176057706041220e+00
1.653773806768905175e+01
1.275091022777140282e+01
1.445762954390883692e+01
1.611803786971992380e+01
1.374650857479056398e+01
1.962258990427736194e+01
1.654721712370370312e+01
1.870962589182011726e+01
1.093617238191973051e+01
7.862943429402036166e+00
1.444309028405288942e+01
1.176722724192066316e+01
1.414291661968439229e+01
2.773477525005840150e+01
2.335791804679528028e+01
2.988292866704017214e+01
2.655356004101750500e+01
2.898003983291255636e+01
2.520884824820382519e+01
2.271987493143738135e+01
2.864156740978959093e+01
2.552547995062742814e+01
2.786023891977696465e+01
2.903459961398890243e+01
2.621722003017067948e+01
3.137145194118198077e+01
2.830192873151001365e+01
3.080167343937578295e+01
2.504895940544927413e+01
2.202830036054696095e+01
2.818523925789814655e+01
2.541725831091027743e+01
2.749147317231806653e+01
2.185259742838539054e+01
1.896848527327404099e+01
2.364480279141115915e+01
2.155663204976162461e+01
2.329539338839528995e+01
2.166941371076018541e+01
1.843506839503296391e+01
2.403642895324745510e+01
2.132107655658608181e+01
2.334998331107801661e+01
2.357827208266257557e+01
2.069748080820786740e+01
2.630828256180376457e+01
2.431318244177234433e+01
2.594976308170408430e+01
2.074561121519006690e+01
1.760004701232127289e+01
2.294781193534444341e+01
2.017234164042777422e+01
2.187556898277468775e+01
2.089030621540358013e+01
1.808457816362842507e+01
2.281363717988512363e+01
2.047274027323513224e+01
2.271737835695820706e+01
2.130815557220245893e+01
1.766463419985752736e+01
2.339923356022638501e+01
2.045308807819968422e+01
2.259690336279459899e+01
2.391353950020067742e+01
2.169167613434867903e+01
2.587594015495766797e+01
2.371406165524788534e+01
2.547258822454865168e+01
1.961495860395305613e+01
1.650257109377850284e+01
2.169153887309323991e+01
1.921365439442500289e+01
2.130963402065452073e+01
2.034256969622167688e+01
1.741408984190891829e+01
2.238607224946245466e+01
2.026315359762325841e+01
2.246579398642594327e+01
2.062536737997910663e+01
1.692027353593718431e+01
2.287353978216420103e+01
1.985854716009813004e+01
2.202787779820032554e+01
2.330476981683347759e+01
2.096033525944036313e+01
2.560674833647086857e+01
2.358906075625171539e+01
2.521984529824699450e+01
1.933222409310381096e+01
1.610996080361811877e+01
2.215153895332211675e+01
1.912056281004904434e+01
2.124320829875314232e+01
1.392293505134149534e+01
1.010305604063586671e+01
1.655783767573641185e+01
1.271883388635067824e+01
1.517432600112003094e+01
1.374073978527246886e+01
1.033385294984585734e+01
1.818792061595632958e+01
1.295353803109965085e+01
1.560966909855685536e+01
1.795306063890178194e+01
1.489702396653193084e+01
2.050360880944334241e+01
1.705224698141214290e+01
1.958133527834934995e+01
1.244254963622850596e+01
9.853593133476588051e+00
1.632797563524365358e+01
1.178954091355180545e+01
1.656593539132649440e+01
2.970046482751228112e+01
2.465139181147710801e+01
3.085317239988170712e+01
2.751784008602234266e+01
2.978872961096143968e+01
2.716906792161935513e+01
2.396438642693913934e+01
2.956808674713544249e+01
2.655417617929420260e+01
2.880332936332342086e+01
3.167672638510319771e+01
2.821073587938260374e+01
3.341715618514414388e+01
3.042139684162490809e+01
3.276674935706643055e+01
2.682748010188828403e+01
2.319205141345664600e+01
2.934745254650624702e+01
2.536885581040297311e+01
2.814541093638805336e+01
2.652427522916751457e+01
2.205067912079953985e+01
2.905052221718734629e+01
2.551531002675089965e+01
2.776076722121954532e+01
2.468761647293028361e+01
2.145525427764058790e+01
2.765331874135737422e+01
2.383865432011451801e+01
2.594086523267416666e+01
2.769302923148883622e+01
2.525801592993984812e+01
2.984035258999305285e+01
2.670289032231050186e+01
2.832981955467246848e+01
2.426360181927533333e+01
2.081290130580852704e+01
2.729945933904229349e+01
2.374637594288656928e+01
2.564670221192731248e+01
2.480920062459509623e+01
2.090783193956751163e+01
2.710139037852567867e+01
2.368570613804942582e+01
2.572987333788385200e+01
2.421442255144624767e+01
2.107577466235639108e+01
2.769349874750988860e+01
2.318696144157157590e+01
2.550105966000098690e+01
2.732938640178716483e+01
2.486920529741029284e+01
2.956646692736494941e+01
2.623149779155535199e+01
2.824157558856059680e+01
2.310659760439996191e+01
2.018785801624580500e+01
2.643895538702373926e+01
2.285929703157809811e+01
2.532162186387926894e+01
2.477311086640251858e+01
2.044109701619278141e+01
2.713840834828836179e+01
2.337044103352260294e+01
2.523270713321549152e+01
2.306882003552041027e+01
2.087689450176988615e+01
2.667964446663415501e+01
2.277030445603253739e+01
2.534447286494082974e+01
2.701596480847384285e+01
2.412865679243162020e+01
2.876157636862937750e+01
2.577139071510758939e+01
2.806533022521519527e+01
2.305397589132666880e+01
2.030279034271200800e+01
2.626588012265840177e+01
2.302719855906528679e+01
2.437167813724290610e+01
2.326321082230849768e+01
1.853743980920079792e+01
2.545279241036692142e+01
2.152932967994852120e+01
2.370739769987660139e+01
2.313157292511667151e+01
1.928824521843191064e+01
2.612341334340088750e+01
2.202243008308363414e+01
2.423937419785156777e+01
2.581565113283120283e+01
2.180381197754169520e+01
2.806569983208784791e+01
2.452145453083530668e+01
2.658875694546307500e+01
2.169584902663858372e+01
1.771108631828767344e+01
2.432067114624079451e+01
2.051741105702049595e+01
2.245805548799620155e+01
3.302418176902527591e+01
2.520613658304270288e+01
3.437712738761338471e+01
2.982365274771507302e+01
2.967331744224831880e+01
2.837224038842694895e+01
2.534790585953843944e+01
3.322156017178942022e+01
2.808907358241934915e+01
3.159308471804952845e+01
3.498938950572612328e+01
2.974570288276669316e+01
3.664496386833999253e+01
3.193398877524014523e+01
3.537741107180900713e+01
2.845063889297244586e+01
2.603060297125535172e+01
3.276313476062628638e+01
2.562813726448089469e+01
3.056029180865141370e+01
2.956680024780870042e+01
2.579471068809043999e+01
3.217093393440823945e+01
2.833556865054275775e+01
3.010451641966739444e+01
2.689713991863544962e+01
2.484983678317508549e+01
3.144045822216414621e+01
2.696648762828957757e+01
2.915205449944094340e+01
3.245075441840727848e+01
2.942889710955862625e+01
3.499199784230986410e+01
3.148378424313178670e+01
3.337275872799437337e+01
2.766745263078330552e+01
2.434763711274490916e+01
2.881255409158074343e+01
2.716998161706846204e+01
2.909361319060001350e+01
2.847133486639905442e+01
2.463547170456998003e+01
3.157991763188448076e+01
2.757431558038046404e+01
2.909021300688613465e+01
2.708743531817229311e+01
2.363029443593544698e+01
2.895118405748511847e+01
2.694910244478920092e+01
2.845767266743734325e+01
3.195050488095056451e+01
2.931641308670111457e+01
3.491702005240275497e+01
3.134034753856193589e+01
3.286418462669943352e+01
2.617961433618143374e+01
2.370896944533778239e+01
3.015396445240132195e+01
2.632180934260481919e+01
2.770749040613369019e+01
2.714042932770618322e+01
2.404414859315675557e+01
3.035649400823138322e+01
2.656521702158057252e+01
2.843701938822608710e+01
2.598669736311872214e+01
2.353625964404482573e+01
3.010706627173676608e+01
2.601111487340227413e+01
2.824959944401178547e+01
3.148008691581900109e+01
2.842213666058349020e+01
3.410733022250472146e+01
3.075386835174358069e+01
3.239174397698958785e+01
2.606668363341145778e+01
2.177009209772141674e+01
2.935883507455143260e+01
2.485111418488077817e+01
2.731876059954576164e+01
1.504455545123299132e+01
1.085835239691614973e+01
1.648649411542252707e+01
1.326012960256269047e+01
1.568423884904074050e+01
1.662465728357900474e+01
1.063034121620534123e+01
1.778849755035899349e+01
1.428498607134783249e+01
1.665016861272515669e+01
1.841017069077350143e+01
1.483450372761945601e+01
2.047559912755535549e+01
1.687234485364670533e+01
1.966241621473231049e+01
1.419827751148880246e+01
9.317699274889150729e+00
1.631612387417377974e+01
1.236775264664727381e+01
1.467597959163846610e+01
2.886471830641261960e+01
2.351000059325084379e+01
3.025906417692781858e+01
2.668908992777694777e+01
2.843284957581579420e+01
2.637130006272759886e+01
2.273074873501004589e+01
2.990559518648182191e+01
2.571933207188226334e+01
2.849378435344108240e+01
3.162918743399372801e+01
2.776553877710224327e+01
3.357868002885959413e+01
3.043824030346033283e+01
3.285067534421455804e+01
2.604445708077361843e+01
2.158716968446346129e+01
2.856548112387651983e+01
2.506859880913682304e+01
2.668555459141484576e+01
2.628912579455746013e+01
2.221095407954643974e+01
2.887522682477450786e+01
2.515172964526130528e+01
2.752150051838631484e+01
2.449987362189951412e+01
2.130044351341630460e+01
2.800797768150761868e+01
2.419724315454092789e+01
2.638770192301950601e+01
2.930776731581419980e+01
2.572511097648498790e+01
3.166688186713271236e+01
2.821972814745519642e+01
3.042508038049020058e+01
2.444638065314200759e+01
2.082816705420039582e+01
2.749993370392566661e+01
2.398843268286952224e+01
2.620072998941215658e+01
2.484561581100237504e+01
2.101473922838002650e+01
2.804841381013331514e+01
2.415308551015203165e+01
2.612237256357258630e+01
2.390493946796330249e+01
2.107238471282108705e+01
2.754413091739128561e+01
2.345203216386275358e+01
2.605014982597781525e+01
2.894295150625675461e+01
2.581758049509689101e+01
3.168474205439079583e+01
2.820646920155978776e+01
3.046924301338227892e+01
2.361228797167802895e+01
2.016112233199325132e+01
2.692084411998097337e+01
2.325693000436713120e+01
2.530827379136582067e+01
2.452360997414797339e+01
2.030109669630698477e+01
2.705612320145491267e+01
2.352897783866963266e+01
2.577574996226235626e+01
2.305372039600162992e+01
1.980893487193842972e+01
2.674442832231134659e+01
2.297300194200613177e+01
2.493019036708647107e+01
2.825960939902606839e+01
2.505554125705598523e+01
3.074356117143242173e+01
2.754818461523041506e+01
2.988351666805274576e+01
2.305457060443963613e+01
1.943118014800631244e+01
2.618308871379073111e+01
2.269344229038949123e+01
2.469504635133573700e+01
1.560899498712632294e+01
1.152075468730303243e+01
1.915044611991688939e+01
1.425675181557847004e+01
1.679280455597136523e+01
1.489313847795223644e+01
1.148910137752167238e+01
1.864699767545624098e+01
1.463786615105235356e+01
1.678111746068218935e+01
1.912528822677757034e+01
1.552379039725445864e+01
2.179160435185038125e+01
1.788510155731801277e+01
2.047905834322730101e+01
1.387769481167057961e+01
1.017054480464225641e+01
1.680709318601454072e+01
1.268440383471757471e+01
1.539914771202573185e+01
3.118101481126841534e+01
2.580891713388816555e+01
3.257657786227359509e+01
2.883109371043200397e+01
3.120514124295561231e+01
2.851883982674727136e+01
2.472669702120280277e+01
3.103788724994810977e+01
2.739679592977688927e+01
2.994163507940681512e+01
3.264751154819644796e+01
2.838477333640974720e+01
3.442490225820377958e+01
3.097451163810255892e+01
3.338850579225189819e+01
2.781777230757700536e+01
2.386779696235803172e+01
3.053464809287454074e+01
2.686928940437110569e+01
2.913508607721639976e+01
2.737743834356683337e+01
2.256590243840217624e+01
2.928654954140405664e+01
2.540423696346395133e+01
2.716550333806738138e+01
2.615813016515761547e+01
2.169858774735304152e+01
2.893499464978080482e+01
2.462058140871937439e+01
2.653673439601963935e+01
2.782565207053763601e+01
2.471176106363859759e+01
2.974512775935622599e+01
2.679178752472409286e+01
2.848010755740627431e+01
2.476304952227676992e+01
2.121176078929442355e+01
2.786644727995211213e+01
2.319374130194135830e+01
2.594457761376270355e+01
2.604772276360966643e+01
2.195074214595543793e+01
2.853854937626336152e+01
2.456344715715041005e+01
2.673222122466952655e+01
2.489601861156196350e+01
2.160089597347392498e+01
2.852099955136629461e+01
2.405195081336703211e+01
2.580733921462865510e+01
2.720942337447032600e+01
2.450276083488102330e+01
2.915990115707624497e+01
2.643425107695998122e+01
2.761703697354892384e+01
2.426689999394365671e+01
2.053707430476641349e+01
2.721675464154272461e+01
2.328168217076737889e+01
2.502631751896871748e+01
2.640569295452223741e+01
2.119097051765754003e+01
2.791358589442291560e+01
2.424254439458316668e+01
2.603860914435997387e+01
2.455222986003134622e+01
2.115077507232821930e+01
2.799571792473535936e+01
2.350188284977819819e+01
2.600640194169346486e+01
2.699472686901687624e+01
2.409031164616615328e+01
2.932019014921595712e+01
2.623051397728880474e+01
2.749428495886608204e+01
2.351778360001509682e+01
2.048137629632509515e+01
2.692573279503119466e+01
2.325572844683534868e+01
2.548973407499773458e+01
