6.606064557648055668e+00
1.000201724985143237e+01
8.568258417201423782e+00
2.423482250235895030e+00
4.104193712633641411e+00
3.077682840108799667e+00
5.764377709442680242e+00
4.069118928786146228e+00
1.567984028942029706e+00
1.844765958379745996e+00
1.117943069537066014e+00
2.923142844860932232e+00
1.328571608234601742e+00
3.094106125377103389e+00
1.829724306548712320e+00
4.396878011054828228e+00
6.711291530061321176e+00
4.939885778200133970e+00
7.020500135833707134e-01
3.469461181287189611e+00
6.925876690331639551e+00
5.921155272675774128e+00
4.690213303513075083e+00
7.379526621156777821e+00
6.646310587791333546e+00
7.224421116775143759e+00
6.222498920678187773e+00
4.985929042926251498e+00
8.897310424498144243e+00
7.785072372040311883e+00
8.707369683435661756e+00
5.987296832178377493e+00
6.432001590670132884e+00
1.026265328093185580e+01
9.309704159849173877e+00
6.199287475486029209e+00
3.060230529180358872e+00
3.811474402905214109e+00
7.838784256861035082e+00
6.747540296620334388e+00
4.009720393044193365e+00
7.717570109157054326e+00
3.442041851120353879e+00
4.811579497755923640e+00
5.515701896774760193e+00
4.859743765171456786e+00
3.794325986461982048e+00
2.349800540497112955e+00
5.768958757094419632e+00
4.821942981913349691e+00
5.741874067259733927e+00
3.510024907098289404e+00
3.519025014101841098e+00
7.409935363336709990e+00
6.329240381695466766e+00
4.728545983213519932e+00
4.171391697942426369e+00
1.788839799063477010e+00
4.843134438070896941e+00
4.206264664773164519e+00
1.066594337604520604e+00
6.402837515358754672e+00
2.397967708018704514e+00
3.065587672899490634e+00
3.260126991387727546e+00
2.871781884969900833e+00
2.081887123518064264e+00
7.379677284713004326e-01
4.644076611257363041e+00
3.705326501119479143e+00
4.652323987469852540e+00
1.783394372461095001e+00
2.416192161337047839e+00
6.128997111226664352e+00
5.287762453531919427e+00
2.375354877672577025e+00
3.682822771533385886e+00
1.649002482497164523e+00
3.393243432819594840e+00
2.582125514856373538e+00
2.130822269617507203e+00
4.731513672691226802e+00
1.854374180892316648e+00
3.685500975537371549e+00
3.357391253398288367e+00
3.350326032758795591e+00
2.908334821220381006e+00
1.341313482444134619e+00
5.257224217234910846e+00
3.879527838555893560e+00
5.041269058924472191e+00
2.331648364568756904e+00
2.898861654446041491e+00
6.822504386966153689e+00
5.557027879099750045e+00
2.665464719893352985e+00
2.672361878203731056e+00
4.185670029228739097e-01
4.134504473699109894e+00
2.842514139748241409e+00
7.440461155752871036e+00
9.792254118734994961e+00
6.543408772763008585e+00
3.879181391233880394e+00
6.242175085290017300e+00
4.414773031094618716e+00
7.792178674456871512e+00
3.802333313525879888e+00
3.801184603739594881e+00
3.174443938037541102e+00
3.158721730241200731e+00
3.316934153520456618e+00
1.546863164285306791e+00
4.704582705796559239e+00
3.512017421282086271e+00
4.963084638424911432e+00
7.452295509813122720e+00
4.997497962997202059e+00
2.657762064800142099e+00
3.049167217630828652e+00
9.355280876042780136e+00
7.778043421712120598e+00
7.470632433128969296e+00
9.025761812899817826e+00
9.013788405223916556e+00
8.471720020040791610e+00
4.755315340331497609e+00
6.733785916640329106e+00
1.050838282875728602e+01
9.505750321969387073e+00
1.024879082375883144e+01
7.408861158625280829e+00
8.227166405322634546e+00
1.137391916119485202e+01
1.094339224432615687e+01
7.830892639705922420e+00
4.951323002346091684e+00
6.185547884258166818e+00
9.425831044598886876e+00
8.270300607937995707e+00
7.534514166941715274e+00
9.765491084168402836e+00
4.301509038318656053e+00
7.050694908572818775e+00
3.605990129347649287e+00
7.100413649325836296e+00
5.735095751261063413e+00
5.542793308955229925e+00
7.319854003591928837e+00
7.199531220180918289e+00
7.323981641121505959e+00
5.882577345491698750e+00
5.389900178888828108e+00
9.123866544057914751e+00
7.940078440925060654e+00
5.204326243194193680e+00
6.797830559263235983e+00
3.320464176427992520e+00
6.444544229153197357e+00
6.622799180188157386e+00
3.210611676349491628e+00
6.332869777671011668e+00
2.154246616970029393e+00
4.528142900588013831e+00
5.488184322691036066e+00
4.787509834037297907e+00
3.253842478479415767e+00
3.313559844896575068e+00
6.169666516342401152e+00
5.245539071973232659e+00
6.035470437230561203e+00
3.635943575516034088e+00
4.006695139055172383e+00
7.886248362205745543e+00
6.871520423807542244e+00
3.863365145635514697e+00
3.139185864003503301e+00
1.696663730433591644e+00
5.052184888341640701e+00
4.299483208216787311e+00
2.294518329823684866e+00
6.712040645010114659e+00
2.674970442543110227e+00
5.250144927382690341e+00
5.575394081138925984e+00
4.832519741809289116e+00
2.684187332981095686e+00
3.618898511096588777e+00
6.820627000642674354e+00
5.225898952948758058e+00
6.432452686656629837e+00
3.929633002159042654e+00
4.554736468231907587e+00
8.614003059361241554e+00
7.141276926510169432e+00
4.666214896011998015e+00
3.304138502237113251e+00
2.796200879706910225e+00
5.690908713317626599e+00
4.449488292125955979e+00
9.375446949354854453e+00
1.275225859582119448e+01
8.447356191493348376e+00
7.072257260864970085e+00
9.171399854415222208e+00
8.094649477025352979e+00
9.473251781515976688e+00
3.729232427003973616e+00
8.226254690645024681e+00
7.881345783739924116e+00
7.264865318863549248e+00
3.183730586225721915e+00
5.457777737704882171e+00
8.413848185105987199e+00
7.350168925538079101e+00
7.255810327550158867e+00
9.029719315276469871e+00
5.099781747353363315e+00
7.453536599025133214e+00
7.185278949247203784e+00
1.356468305855159429e+01
1.278162939058430325e+01
1.059955550511793021e+01
1.264365596727410335e+01
1.370862619689260598e+01
1.271772486311547823e+01
1.263738352236816986e+01
1.118211167626249392e+01
1.416018402787677921e+01
1.300244519608524918e+01
1.351233226683333299e+01
1.131557637814645112e+01
1.180329562493154860e+01
1.554003385358667444e+01
1.451779683156113876e+01
1.229836160569897530e+01
1.185689726650499054e+01
1.059001837590078310e+01
1.303817658712295469e+01
1.223555316860920961e+01
1.236580834860983913e+01
1.182842975509418793e+01
9.446408810391494271e+00
1.177192698715349195e+01
1.227219972312235896e+01
1.102090388155483858e+01
1.056961450973185279e+01
1.014374192324769552e+01
1.114957687265735764e+01
1.170885810355367695e+01
1.084991829938473451e+01
1.010487836188780442e+01
9.042845940284696127e+00
1.267669686716018873e+01
1.159228722222793628e+01
1.050346993943791141e+01
9.566666827866891154e+00
8.839201128574060817e+00
1.044286819877162742e+01
1.095333949594319201e+01
9.943897454255127499e+00
8.554305897087607136e+00
4.070210056683567501e+00
9.121151874047004782e+00
9.958269304100852537e+00
9.091676394403995332e+00
6.896339264797256341e+00
7.573760237508674109e+00
9.752112871645596925e+00
9.255403144365093482e+00
9.475903644618234978e+00
7.715776768637170768e+00
7.542793228709997244e+00
1.131224588616988669e+01
1.036118671952640469e+01
7.942591148639935206e+00
7.144365755420606590e+00
6.889886857616519755e+00
8.579211339678256110e+00
8.554108317617247437e+00
1.008710058783145413e+01
8.424490652739216046e+00
5.794786968542312344e+00
9.647371797871317156e+00
9.913458001005331255e+00
9.238942803186334984e+00
5.357908119492289067e+00
7.878783459729437055e+00
1.035389485807899135e+01
9.355584408058982504e+00
9.846198433886783619e+00
8.088324801865702796e+00
7.993017678980737450e+00
1.197748320355689522e+01
1.060202474271208040e+01
8.023413035136794491e+00
5.848272206339289347e+00
7.331084806457598191e+00
9.304041462185843159e+00
8.765250237324178073e+00
7.539458247945927560e+00
1.094182439534478668e+01
7.003938771878430281e+00
5.020529152563360853e+00
6.785162937215047485e+00
5.517813220240472383e+00
7.793774601242529521e+00
3.532059350402014353e+00
4.360701790269931877e+00
6.096897648915641454e+00
3.756717718318304033e+00
3.277319422425293283e+00
3.163771930061910265e+00
6.601898821344942547e+00
4.899152709489349000e+00
3.560530104968417930e+00
8.358585523297440645e+00
3.106517303570258015e+00
4.735672820966332353e+00
4.392046054813015132e+00
1.057850323351426347e+01
1.052206384364679970e+01
9.174908491243954245e+00
1.076307476476280733e+01
1.094397979993388503e+01
1.018744811168606468e+01
9.810849760180929025e+00
8.466077012846730199e+00
1.216485927883310225e+01
1.130805732603967861e+01
1.177535655388502533e+01
9.074927839358977621e+00
2.913253034870866287e+00
1.365464379900544678e+01
1.273419081679666753e+01
9.449437632322919001e+00
9.357800300189520470e+00
7.960693601283062470e+00
1.104626477209801294e+01
1.023265627049003790e+01
9.570800329705383191e+00
8.953311322190025123e+00
5.591864221095649512e+00
8.882707380376940520e+00
9.590159055801201760e+00
8.474851390085630598e+00
6.860597176530768060e+00
7.300716005429770838e+00
9.203693385584841735e+00
8.917448258283116047e+00
8.845527660463325503e+00
7.402732407828604977e+00
7.121836533963185722e+00
1.036747334089471906e+01
9.673693184102749143e+00
7.469968944633589736e+00
6.854952483547460673e+00
6.661626610656170122e+00
8.124878942056225739e+00
8.282755650807184011e+00
6.448558945926491148e+00
8.021321942175609010e+00
3.578659629533014641e+00
6.422507579164769886e+00
7.264554730492338130e+00
5.954740325482568153e+00
2.433410162139809874e+00
4.930166573622512871e+00
7.858391368734754856e+00
7.048153908380042409e+00
7.545795928073720127e+00
5.145312361696307235e+00
5.616143038360702278e+00
9.457273131640556940e+00
8.608351667822777387e+00
5.827102075318637553e+00
3.851434292950356664e+00
4.098240314123658301e+00
6.719143817835367294e+00
6.032405599647669092e+00
7.265824334997805778e+00
7.266729071493357672e+00
5.914900886635467536e+00
6.950278135744879293e+00
7.349813721797128885e+00
6.417639235073628434e+00
5.509347580940175959e+00
5.338169638034612419e+00
8.482322758626411385e+00
7.264628942214403473e+00
7.921485427768804044e+00
5.395008701719678612e+00
6.298734948406004008e+00
1.007184805678981121e+01
8.871726926126530799e+00
6.059393958031058069e+00
2.699281809489656236e+00
4.844711369620267050e+00
7.472225023450089765e+00
6.242260214044114797e+00
7.642028347560388291e+00
1.047000124565903079e+01
5.552068930514398204e+00
6.375454446605845149e+00
4.566978340004350656e+00
5.129266474315994806e+00
6.770793429045950163e+00
4.181552317535940588e+00
5.415037013171446922e+00
6.416483813469227471e+00
4.998075717788216465e+00
3.900742158274420834e+00
3.236767407640654071e+00
6.737283511141884063e+00
5.726393603551655609e+00
2.810307169664080895e+00
7.343186508704143023e+00
4.019324902184126636e+00
5.156341522884305029e+00
5.846298719356533447e+00
1.128408346192331990e+01
1.004650316336314120e+01
9.585735386778642564e+00
1.126945411644631534e+01
1.130326089155843761e+01
1.068625753192788963e+01
9.961823268737941106e+00
8.849583826445204693e+00
1.261439599458956984e+01
1.176816622938829404e+01
1.210519310727430309e+01
9.282969714610368683e+00
1.037087611510818519e+01
1.405382915961493318e+01
5.904805326196230553e+00
9.809191522196007540e+00
8.283615259301130962e+00
8.216887010386249912e+00
1.158155104194201712e+01
1.064890347496015366e+01
8.587340132389874370e+00
9.999857233766217490e+00
4.370043722255054774e+00
9.372793341690766056e+00
1.018035922750263822e+01
9.173551703305998117e+00
5.878460947525183222e+00
7.578309676993430166e+00
9.769033072410273633e+00
9.380198939906298605e+00
9.415145932420147190e+00
7.622198013581998666e+00
7.572871342465608890e+00
1.114030129023268145e+01
1.017262848484520532e+01
8.591606261404050926e+00
5.674846913917519053e+00
6.662797015806519063e+00
8.678637439478666948e+00
8.694991451332812815e+00
6.548267179354443357e+00
7.468835561080726215e+00
5.905181891415586470e+00
6.932468094389647284e+00
7.852573447677914764e+00
6.538172583620696976e+00
5.412444537472858030e+00
5.330945188941279334e+00
8.401737878293182860e+00
7.616581445267740946e+00
8.173079452341269757e+00
5.224794772448356994e+00
6.243882178705012720e+00
9.999502047214669176e+00
9.024830887750971087e+00
6.413112233969038734e+00
2.690613997465180152e+00
4.614380647162033000e+00
7.298500170749656846e+00
6.509780551923287639e+00
7.546606968997925158e+00
6.803928395482265579e+00
5.926630100908123033e+00
7.593443147109936397e+00
7.866529964264999286e+00
6.939496353628123337e+00
6.150669391708536438e+00
5.661366670125467238e+00
9.059087195471958509e+00
7.778713852204983681e+00
8.560397813760918240e+00
5.606654284880280947e+00
6.679512388730296735e+00
1.069292021122654290e+01
9.376988646396206661e+00
6.717843832588379804e+00
4.505048173241544163e+00
5.272007230206465778e+00
8.009712161635947680e+00
6.720170913722949280e+00
