8.763972672267589914e+00
6.421017310263374078e+00
1.278155589289296223e+01
1.293101556418446485e+01
5.884296624400446873e+00
1.300331065676874687e+01
1.035751939167082547e+01
1.678546926113510196e+01
1.886833432331389560e+01
1.004160134824277684e+01
1.832064597710188636e+01
1.501618277195130347e+01
2.164073225877671902e+01
2.444774510186815775e+01
1.483761481094006918e+01
1.172390816704063710e+01
8.625857408322481490e+00
1.340724003366660355e+01
1.683901461864304139e+01
8.154983259178367305e+00
1.996206087144735619e+01
1.625073604952205741e+01
2.330980022996162049e+01
2.459644577479951977e+01
1.583332882308064704e+01
2.456462062796405021e+01
1.936215840248735631e+01
2.803324551645549079e+01
2.880869807686401529e+01
2.000936275789570473e+01
2.960281713218397215e+01
2.569340799670645836e+01
3.376604720024849371e+01
3.454834907657225784e+01
2.511250276309564455e+01
2.061727458929138024e+01
1.871083217150965083e+01
2.591982676748326853e+01
2.751287486934529269e+01
1.792275304219656462e+01
1.325971259198755270e+01
1.008798181795709326e+01
1.691236431376957228e+01
1.575675000428817896e+01
9.906023107136538997e+00
1.232638475481600082e+01
1.194488365002393770e+01
2.113288905103816617e+01
2.320162114396994824e+01
1.376624258067365503e+01
2.057825259150271080e+01
1.815079023766473298e+01
2.661145805466152936e+01
2.953900785411913077e+01
1.794345811742184083e+01
1.608922976815841821e+01
1.248891918481680996e+01
1.904204345414796506e+01
2.189818327531400755e+01
1.233962760556093485e+01
1.200941891528148453e+01
1.014674174836220999e+01
1.758336917579919145e+01
1.997283922275811108e+01
1.036390651969454879e+01
1.823993413478244108e+01
1.237145988733539603e+01
2.136913675412957758e+01
2.453939116510732177e+01
1.456726723912429300e+01
2.365984298739430969e+01
1.973746285020841640e+01
2.696033371262255329e+01
3.013620022407979704e+01
1.963360241319648125e+01
1.599959576810626771e+01
1.237441365536547622e+01
1.993756101400202851e+01
2.268965312330468365e+01
1.284039319385054689e+01
1.400541340046502192e+01
1.267721228329373417e+01
1.829278958348835715e+01
2.049543895296010376e+01
1.258653208230876785e+01
1.867324034871898775e+01
1.700122994275718113e+01
2.267772785622757681e+01
2.455145055680926092e+01
1.685763275983467224e+01
2.019556639794000574e+01
2.206913859715596971e+01
2.968789483230991522e+01
2.892173317220064632e+01
2.126266101308135958e+01
1.860416254130663560e+01
1.501638858238342245e+01
1.839546207300350034e+01
2.222823338400546334e+01
1.502828856803790636e+01
9.070709887887453249e+00
6.225209935242876469e+00
1.169947994089559629e+01
1.440352636322921320e+01
6.426594238848383434e+00
1.248098090069785293e+01
1.007681751321555552e+01
1.525349962649487701e+01
1.839079422450132739e+01
9.277534377127512499e+00
1.819947897339751819e+01
1.327512843581963331e+01
2.116348435200589506e+01
2.399634545441390543e+01
1.430341918030734227e+01
1.159938022271279401e+01
8.266030111869913100e+00
1.448598810285223948e+01
1.716283740089509280e+01
7.812848403868128955e+00
1.950539414532458338e+01
1.369082617335449292e+01
2.207516836120822390e+01
2.513651716701563643e+01
1.353047400795447430e+01
2.243725564312287801e+01
1.986546045581455999e+01
2.631777881558250343e+01
3.000024229699744893e+01
1.846703149263500165e+01
2.972783925122887538e+01
2.562063181186940852e+01
3.099117801086375223e+01
3.584726585663299403e+01
2.444300418812117570e+01
2.223856460272476454e+01
1.825015208882156514e+01
2.437517214497949780e+01
2.744068009381910400e+01
1.715376018471799213e+01
1.285787844214392983e+01
9.000709015414223302e+00
1.474068830125571594e+01
1.858786537175770093e+01
9.681547872933238708e+00
1.634551363265470414e+01
1.421515072700262294e+01
1.911455994422029292e+01
2.332056276210728285e+01
1.330345962275029414e+01
2.207935610023833206e+01
1.833503146496716241e+01
2.531721390129393967e+01
2.789707492999722760e+01
1.870438371293840518e+01
1.582657484264968772e+01
1.211243859031060133e+01
1.795741963669181729e+01
2.110326099196482019e+01
1.137556537472152662e+01
1.183406198750546245e+01
9.841362500866139840e+00
1.678140100508761634e+01
1.954025363926060521e+01
1.003041025029529010e+01
1.576169759936489534e+01
1.464960419112445500e+01
2.141857401711482112e+01
2.411489182968357170e+01
1.425480983949230485e+01
2.281941724809679783e+01
1.959268367365715591e+01
2.718059158210004256e+01
2.967417484093462576e+01
1.934459916922019573e+01
1.578362414040568318e+01
1.144093958664470989e+01
1.939017649123640652e+01
2.233694667572187242e+01
1.249324550697400937e+01
1.371545242305818846e+01
1.239836176049848504e+01
1.897064864870036516e+01
2.155419281449620428e+01
1.230588508420796323e+01
2.027658600138711975e+01
1.679347664236181004e+01
2.347697643901834752e+01
2.518226437686427133e+01
1.661412478988648900e+01
2.167218003710943819e+01
2.182376120563032629e+01
2.855879125738632851e+01
3.106399913719783967e+01
2.131806784255875442e+01
1.821833543810164713e+01
1.482597263557612344e+01
2.141608679087122269e+01
2.355736517882850833e+01
1.482694886203154461e+01
1.024743845667639164e+01
7.233192084746573158e+00
1.356246152032906593e+01
1.450778236564387313e+01
7.456258585569226938e+00
1.414970648682709076e+01
1.125623780241184946e+01
1.648599002627740973e+01
1.953129372898943927e+01
1.122864568775936078e+01
1.912302168620701082e+01
1.586306489928698049e+01
2.248031695506705674e+01
2.470700816073752648e+01
1.598533540766360339e+01
1.256926949726675602e+01
9.253106148010942889e+00
1.601310142629201394e+01
1.837590263978218630e+01
9.762120589211804145e+00
2.049566218470641132e+01
1.724704693350614448e+01
2.396120093909263815e+01
2.631420450881434192e+01
1.708928033114273859e+01
2.508919272380081367e+01
2.179720772821608321e+01
2.870205771915627224e+01
3.111871411556987255e+01
2.142966142114079275e+01
3.042929868852051811e+01
2.584941482495849385e+01
3.428837738684126890e+01
3.691165599745352921e+01
2.671798034158461377e+01
2.316233693636473845e+01
1.968911783981469199e+01
2.665592539969876640e+01
2.922561793637435912e+01
1.963736577849346077e+01
1.427118709029545052e+01
1.124034304810332330e+01
1.780491725622619725e+01
2.012930906172805479e+01
1.126500831688946391e+01
1.865791928662571308e+01
1.555901160138400385e+01
2.221273214013524822e+01
2.465858129382228370e+01
1.535910470742968847e+01
2.378002100273970498e+01
2.043417593651576780e+01
2.750822675713002141e+01
2.986503129852759031e+01
2.020184490342778005e+01
1.681688958591524141e+01
1.360244741518346423e+01
2.030137404977192261e+01
2.285176631166289241e+01
1.361938078527879981e+01
1.456678863344503227e+01
1.150027110076288750e+01
1.819492033103079720e+01
2.058524109674039337e+01
1.143756804758496770e+01
1.895243285853140236e+01
1.407531759969026552e+01
2.260800498277209414e+01
2.516170551356945850e+01
1.559655580799819674e+01
2.419742908646417590e+01
2.074804224837056665e+01
2.749237779871579335e+01
3.060162435443396944e+01
2.061394298048583451e+01
1.708309834869585941e+01
1.387245864994110001e+01
2.072465012790336303e+01
2.335157853380394144e+01
1.386768286349924217e+01
1.661883933321238160e+01
1.375724087927245876e+01
2.026335899112917005e+01
2.265674802589444781e+01
1.366800235446938849e+01
2.111768053641561593e+01
1.811469408134962578e+01
2.478094376072370153e+01
2.727485153089508430e+01
1.791019415396661429e+01
2.641232637570822916e+01
2.300379396436600743e+01
3.021806781097775740e+01
3.284256811185902336e+01
2.302262316428183553e+01
1.924428407352550607e+01
1.606452629122592057e+01
2.263115084182939540e+01
2.540995301692163366e+01
1.613532414341236532e+01
1.002879881054742128e+01
6.315750513378795894e+00
1.292112838349714821e+01
1.546402549660201942e+01
7.114101235366110387e+00
1.378410488824857083e+01
1.107679897654518975e+01
1.701406588773090789e+01
1.971591469672495123e+01
1.013959546842096415e+01
1.765576542851140118e+01
1.568787117514347429e+01
2.246756404123084749e+01
2.501797817135235036e+01
1.564004959530657146e+01
1.233937484917592897e+01
8.846201565939658451e+00
1.560579204680757570e+01
1.761179213569113600e+01
9.125814743682322927e+00
2.026731682650521194e+01
1.544168310868731453e+01
2.371593569261221646e+01
2.607619908686048049e+01
1.678144995182154631e+01
2.477241910757194532e+01
2.033681721812762788e+01
2.836841857155277680e+01
3.089029521066363770e+01
2.113962949925942070e+01
3.039601538771320577e+01
2.522943526365196831e+01
3.311925596269172445e+01
3.672922111332873385e+01
2.638460859829516281e+01
2.297702032987809062e+01
1.821828137526076929e+01
2.638995820061692399e+01
2.900268342948712075e+01
1.933669809134820738e+01
1.397545412791787989e+01
1.008986565749009223e+01
1.748317549143989069e+01
1.990883856991671408e+01
1.091416023927881795e+01
1.844884599620840504e+01
1.476805432172278465e+01
2.191571602250540352e+01
2.441850614040611234e+01
1.502202230997169963e+01
2.359272025811045381e+01
1.896254689904102619e+01
2.567841792401140566e+01
2.985262705429990859e+01
1.992057793507345664e+01
1.660999422076984544e+01
1.227196471877890005e+01
2.000967995502621122e+01
2.253782739411434122e+01
1.329804140938820112e+01
1.435165955901745427e+01
1.112532999706796133e+01
1.679914527306574001e+01
2.030016450865285194e+01
1.106904326792639637e+01
1.871951056992574536e+01
1.559225041190918937e+01
2.124872307158500462e+01
2.471203680624060439e+01
1.529431192261671590e+01
2.325517773528501664e+01
1.998559670570845981e+01
2.724850545685260172e+01
3.046672998945047084e+01
1.997310992504351290e+01
1.687245908584897691e+01
1.278360062074983006e+01
1.873211108567902627e+01
2.304639862889508350e+01
1.342509508237986715e+01
1.640785513870061152e+01
1.345130567829997936e+01
1.993725904613899402e+01
2.242178600926240506e+01
1.339954497306981018e+01
2.088545006937819792e+01
1.693896915752636900e+01
2.448596178961058456e+01
2.703843262656140922e+01
1.759375597616922704e+01
2.615805400000494885e+01
2.277298491037146988e+01
2.857807358514174467e+01
3.264103115010642853e+01
2.268205483869530426e+01
1.900314563971492987e+01
1.451680628755580038e+01
2.255594711605067104e+01
2.516562395960571408e+01
1.583627191283704683e+01
9.632843872857730361e+00
6.801493073768027919e+00
1.296170324254429218e+01
1.488934055831672509e+01
7.017521055974637711e+00
1.339291085254112623e+01
1.079299070493950907e+01
1.679637906253531199e+01
1.934620853518271844e+01
1.038795536779933926e+01
1.744829809745017357e+01
1.533883337126251156e+01
2.191037756047812124e+01
2.445845758212626819e+01
1.454722953267679486e+01
1.193933618608102165e+01
9.044679624911417193e+00
1.516680713770538524e+01
1.758522552217847590e+01
9.037496394771835639e+00
1.980507511263900255e+01
1.505685963715649223e+01
2.328891905601198076e+01
2.567905979625016855e+01
1.640309515268873497e+01
2.433618699415515252e+01
1.986140353766148081e+01
2.801067035869648691e+01
3.044270852261569615e+01
2.074201867728215731e+01
2.961390075663656418e+01
2.469801298271177714e+01
3.278244530526539791e+01
3.620828409596289532e+01
2.598256785417009240e+01
2.245516866948697299e+01
1.753891162891013522e+01
2.568961123158170068e+01
2.855656953057473402e+01
1.896800779483648469e+01
1.361224461377260830e+01
9.578041315409322465e+00
1.714362148586508994e+01
1.950550396644181816e+01
1.062296206262737819e+01
1.798200787178461724e+01
1.384979607066767215e+01
2.152154739866339384e+01
2.402030918004025395e+01
1.468727363646314998e+01
2.305377881112038096e+01
1.864240296255638185e+01
2.686963298136146960e+01
2.941235130739393711e+01
1.951036504839306929e+01
1.611029925107203198e+01
1.159348627220868266e+01
1.961938407733818579e+01
2.217121494165664330e+01
1.292190474648496057e+01
1.399498910040096256e+01
9.823269677235167308e+00
1.561820801542532422e+01
1.982065003055480190e+01
1.085574028871956287e+01
1.827854597190362540e+01
1.528219485946987533e+01
2.025454668804735903e+01
2.401227933640791079e+01
1.499113573097462293e+01
2.347097649153699095e+01
2.002711581947145802e+01
2.745665151835234852e+01
2.970916618799812525e+01
1.872112894830727114e+01
1.648542502498857587e+01
1.320602721883781250e+01
1.770154157052162702e+01
2.238343250672780016e+01
1.313235425963271119e+01
1.606112250886657478e+01
1.309487089556861328e+01
1.968890193334993199e+01
2.209361865655986179e+01
1.312113614076189627e+01
2.066081772224495694e+01
1.665473905605158933e+01
2.420203581598538278e+01
2.674184446773530865e+01
1.734402157821269697e+01
2.579297274592056155e+01
2.229768393230923351e+01
2.967970048254633397e+01
3.227225519332964865e+01
2.240623178537664018e+01
1.861793534665634908e+01
1.432937709164643714e+01
2.221711850284013323e+01
2.481851716756565907e+01
1.553198346686876974e+01
