1.991415244946444929e+01
1.863608604892583287e+01
2.145632019832898507e+01
1.175293201778331920e+01
2.391597145809871705e+01
1.699374505446095185e+01
1.764027389360727227e+01
2.125760656434194829e+01
1.222948222367296545e+01
2.203167816075409391e+01
1.729298474151135423e+01
1.906820558067691351e+01
2.286238300567073978e+01
1.467752675300645571e+01
2.219639541497452484e+01
1.760659900751345575e+01
1.648738918415273602e+01
1.924212615498091949e+01
1.310781185679935135e+01
2.169774780680444337e+01
1.233060100332574649e+01
1.136866501250781880e+01
1.453654242753096071e+01
7.097966091462215132e+00
1.636719050452631308e+01
1.110373385707449856e+01
1.207913566062640065e+01
1.569430682361580764e+01
8.179792663432914779e+00
1.526517237670379856e+01
1.155093192553356296e+01
1.408072177274742387e+01
1.745892604199331544e+01
9.856196892040321345e+00
1.672931125571384570e+01
1.123146022582410453e+01
1.234009374247449564e+01
1.605374934036343504e+01
8.502417689793766442e+00
1.603394071997439596e+01
1.548159127675259938e+01
1.540895977789601190e+01
1.739955179238470251e+01
9.137639803110337411e+00
1.733158075818777277e+01
1.397593371168742138e+01
1.430283329925082825e+01
1.824752515455168833e+01
1.011667498813648258e+01
1.898504096356323601e+01
1.408054886761171609e+01
1.606309211281173788e+01
2.005567154438455546e+01
1.195984696738934794e+01
1.903469725873317842e+01
1.514883432153248144e+01
1.470078530398656902e+01
1.848400594716666134e+01
1.051879105395237701e+01
1.833210365995049784e+01
1.577599780302017862e+01
1.525569073971638190e+01
1.804886141023715851e+01
1.020707227550358276e+01
2.094823488000649903e+01
1.488807395655362065e+01
1.563871967420195297e+01
1.978090675555085198e+01
1.117524846066110733e+01
1.940845128479358195e+01
1.558743319547923889e+01
1.745749928432042353e+01
2.133093933197737968e+01
1.306631470911742987e+01
2.062795886196618866e+01
1.572201214897269494e+01
1.616346978649348642e+01
2.004643646885388009e+01
1.162964285780807216e+01
1.934239609024228557e+01
1.548435504138123164e+01
1.370355452710743371e+01
1.689359071151655556e+01
1.033489318882331709e+01
1.974635657446644643e+01
1.407240330617599255e+01
1.508209023393322035e+01
1.940110162775596692e+01
1.139251475063949748e+01
1.879116279430069625e+01
1.566470595082139461e+01
1.755204545091297419e+01
2.144336587339675049e+01
1.324262248188820834e+01
2.050544351361923745e+01
1.474935035834717745e+01
1.575848254509532786e+01
1.949116631103079555e+01
1.159675920403265081e+01
1.761414424856615213e+01
1.407552546765221635e+01
1.324709348757641436e+01
1.554557495265467182e+01
7.771117892536801186e+00
2.052394197174102075e+01
1.414503981625247420e+01
1.432797858731008311e+01
1.610346700587265900e+01
7.265726057905559365e+00
1.829323877409155585e+01
1.212731198379478137e+01
1.318497391926487161e+01
1.705500122116533745e+01
9.104612870853852513e+00
1.726196018001135002e+01
1.480421271836385166e+01
1.454494115254070863e+01
1.719116948218212571e+01
7.717440344822532161e+00
1.966332991949763098e+01
9.308973609792964510e+00
8.895476378558887731e+00
1.112650198568682214e+01
4.988485113870007037e-01
1.416202121536776204e+01
7.349243105462854864e+00
5.793885659293502854e+00
1.036185646253497872e+01
2.710987511280034123e+00
1.103886822998113360e+01
5.956714794545154845e+00
7.427350019263080583e+00
1.220007386337167965e+01
4.412692185540225687e+00
1.139283541549721157e+01
8.050468524455265396e+00
6.576539937284336723e+00
1.081690440994411340e+01
2.997478589624049228e+00
1.242679438405255254e+01
1.238165505142793776e+01
1.205741508261692552e+01
1.339226289874557807e+01
4.532839015161501450e+00
1.538586732323577166e+01
1.039742482213675778e+01
9.890835560181738373e+00
1.331534826025384177e+01
4.063382801518804932e+00
1.561314279252801462e+01
8.636049567675430083e+00
1.007373681048003711e+01
1.422969391046821919e+01
6.133702360097222694e+00
1.345716662343802916e+01
1.094407161774473281e+01
1.120966099139924133e+01
1.286734779439710685e+01
4.042962662027123066e+00
1.607852768177447089e+01
1.157889041603295688e+01
1.269329600168270034e+01
1.465914112888546939e+01
4.619922143094345124e+00
1.568545326876984092e+01
1.125765023994660297e+01
1.048711029793938465e+01
1.386450594631961586e+01
5.732460200895546087e+00
1.603148285605591283e+01
9.531080205283336326e+00
1.112437468007925823e+01
1.569091615076919943e+01
7.390232828159454037e+00
1.497185720035898804e+01
1.167948460021557189e+01
1.180767300683945464e+01
1.449463234323731520e+01
6.238288155437094140e+00
1.672868091056548678e+01
1.247922488659986406e+01
1.140907737841392944e+01
1.471232108060210564e+01
4.000901701898127882e+00
1.461605133144490054e+01
1.029636184027908818e+01
1.051084238770036983e+01
1.370743020036971593e+01
5.814047052909780078e+00
1.569692785629169052e+01
9.052520433215640594e+00
1.165878051096600032e+01
1.550249894317808597e+01
7.315354165197991421e+00
1.466864077097929986e+01
1.156778069360908567e+01
1.098086506122673889e+01
1.423183332854648064e+01
3.290124159389646419e+00
1.598108744921969659e+01
5.194134997766731487e+00
5.106923155505624479e+00
8.285904235614603763e+00
2.999858913567098995e+00
1.039732285150791036e+01
3.769935765825691121e+00
3.618657616386576681e+00
5.748885601460317574e+00
4.041366206879984269e+00
8.795567073484855669e+00
3.152156487082683700e+00
4.207113764066850337e+00
9.120584811716829776e+00
7.849768928833893433e+00
8.439005949502714543e+00
4.242759231919744245e+00
3.237614895227296952e+00
6.573784851791043771e+00
3.485543710881108925e+00
9.518687796530306500e+00
4.020149277009556599e+00
2.191994174735820256e+00
2.056956468228458679e+00
7.698669552502811264e+00
4.251245742988346343e+00
2.814155099647528413e+00
2.602903066632093587e+00
2.881326655466445175e+00
9.366454901612168982e+00
2.295137016747417658e+00
5.321676249731101649e+00
6.616281255692698871e+00
4.855724992543295926e+00
1.128890721665454855e+01
3.597178925786696180e+00
2.912976594948246234e+00
2.218157008588230283e+00
2.693394390747531730e+00
8.659810692638858498e+00
3.126559433527994258e+00
3.608564465387650078e+00
1.692234196396399604e+00
4.851574299043726057e+00
4.942169789773906530e+00
7.580251679326719838e+00
2.364925753895666283e+00
3.585160358095529354e-01
4.679034490732198570e+00
7.179800932449788675e+00
5.651904440784516481e+00
2.468423795850354097e+00
4.180987570394875341e+00
5.863014411689762007e+00
9.292795226252188456e+00
5.376570150684009342e+00
2.036967171197670901e+00
8.367780495272558738e-01
4.821646820602010663e+00
6.494441395271975281e+00
5.562169991707227368e+00
3.777919801521317567e+00
2.160717728777339364e+00
5.623052712581053214e+00
4.925414896422627642e+00
7.926120071250583266e+00
1.566082592242632243e+00
1.739647648632419275e+00
5.180728310441190310e+00
6.551072012597172645e+00
6.262205131789734480e+00
2.199049764308651511e+00
3.083557601544545612e+00
7.261092219575431272e+00
9.590478259624617863e+00
7.059832834088758169e+00
2.008271147811437896e+00
2.189007883612539285e+00
5.660188893799992016e+00
5.564206501358962775e+00
6.209542155894931525e+00
1.889815398119614631e+00
2.611628353920142143e+00
5.085024092334626822e+00
5.408119509174022177e+00
7.308403005038262457e+00
3.519608388935809851e-01
1.955437301121839333e+00
5.020818492486511353e+00
7.084674773490440280e+00
5.585665161142394197e+00
3.098176278417723584e+00
4.509373508367978900e+00
6.395345979056349606e+00
9.447739206464209616e+00
6.396656770107815859e+00
1.402978096247468942e+00
1.948852360204942125e+00
6.189566836179317022e+00
5.994309684681881301e+00
5.699063755618028360e+00
6.845369004343204722e+00
5.817852107594340794e+00
9.218071568459807352e+00
3.341010296840206450e+00
1.099794640171142746e+01
5.917518439600406133e+00
7.169535372285563923e+00
1.193573183514369873e+01
4.985421634590553097e+00
1.055944315271020351e+01
8.311035528974288766e+00
9.986704967630711138e+00
1.431244663344515011e+01
7.841409964582744863e+00
1.374251075932068034e+01
5.041051018350391821e+00
7.981672331290464051e+00
1.045679278990857064e+01
4.847503374069376036e+00
9.614642040977043891e+00
9.429278225085454546e-01
8.852952292377097576e-01
5.247481735462825370e+00
6.775735124731975922e+00
5.829670826467592271e+00
1.888977599638291816e+00
3.001629572483182073e+00
5.255071592417764670e+00
1.014784378307705204e+01
5.625418672551426802e+00
4.187201521599308585e+00
5.575416489366599393e+00
9.430693895711687702e+00
1.258967985587463545e+01
7.962596877177384513e+00
1.061302261943757763e+00
2.262573035796795917e+00
6.311623391628424784e+00
8.881942397838333392e+00
6.117781180099581384e+00
3.804062278392512209e+00
3.346326972463787630e+00
7.317391290457604391e+00
5.078866208062877696e+00
8.753947631488966152e+00
2.589606456089574404e+00
4.499345910912138535e+00
8.759481574385539204e+00
7.697357833266707416e+00
7.106742778973243801e+00
2.457779021513299522e+00
7.393180294418290721e+00
1.123882073489344080e+01
9.675051901406623855e+00
9.247840587059858564e+00
2.503035462212437334e+00
4.550388930705560497e+00
8.584560562442899112e+00
5.863069142952980428e+00
8.479430289012073629e+00
4.607306578019864318e+00
4.542219834962674341e+00
7.835423101509713995e+00
3.857606362262181676e+00
9.144849653628641661e+00
3.442581001928405549e+00
6.128626603227230518e+00
9.930941956652649338e+00
7.490673374922500294e+00
9.886347554930726034e+00
7.045219333399359130e+00
8.716381636365163388e+00
1.231218639457631170e+01
9.709416187296575629e+00
1.226508032338261955e+01
4.963027857209143967e+00
5.950664546551837297e+00
1.035566210920516816e+01
5.605121930563763399e+00
8.778445892539350481e+00
3.740966306747834480e+00
3.817033995893118092e+00
9.518988086574243113e+00
4.888140370226587095e+00
8.346623936451305070e+00
2.000607313664560571e+00
5.001813774224319609e+00
7.660394299289135844e+00
8.146923449940459250e+00
9.373698328818441894e+00
6.238193231960487140e+00
8.867112307876553245e+00
1.298826471246358949e+01
9.966753721312283432e+00
1.233683626388914689e+01
3.559169659830331067e+00
6.414200119879693851e+00
9.547259840207260595e+00
6.941511396461784500e+00
8.927704818588184210e+00
6.796263427554444014e+00
8.424867182856900172e+00
1.193865439154678576e+01
7.242928405294896343e+00
1.199335143683648219e+01
8.617631433172109112e+00
1.109089077438507687e+01
1.614878451604576526e+01
8.289361768086793703e+00
1.393496155583461871e+01
1.195508185160401204e+01
1.401819519867471087e+01
1.802013533472126383e+01
1.048940466172774855e+01
1.744999504519759270e+01
1.011289393533457215e+01
1.215671063833046261e+01
1.501221955258173146e+01
7.645306175568858720e+00
1.431312632572818444e+01
2.668215137034891438e+00
3.569973328229933518e+00
8.024969174977830022e+00
7.295467938369861294e+00
7.745748220029072151e+00
2.681615064344855082e+00
5.819758664313099850e+00
1.053318844526807041e+01
8.426325898267062797e+00
8.184080347550096945e+00
6.761134287797925246e+00
9.260453125582628786e+00
1.199611294563183783e+01
1.165095626510039217e+01
1.206453245237282346e+01
3.903540807755739195e+00
5.388415608121738920e+00
9.057033911667334181e+00
7.495716117874668960e+00
9.234195960813130100e+00
5.208062179541899539e+00
5.775043656153890481e+00
1.000428183058334319e+01
3.739403378723605620e+00
9.360653887008579588e+00
4.827027775443227142e+00
6.304772252828150236e+00
9.489408635901853017e+00
7.954869004777244790e+00
9.377336207594611395e+00
8.860773121524346152e+00
1.099797765530529148e+01
1.391501854818315920e+01
9.435337053670133756e+00
1.419514544967146819e+01
4.178535191677246630e+00
7.502335554460463740e+00
9.306939754428466216e+00
6.834809405310532604e+00
1.082140125024652022e+01
5.800422046572528245e+00
7.481888822797433392e+00
1.015867830838322128e+01
3.949461523175617383e+00
1.005200701359585480e+01
6.319966900779603769e+00
9.505626381132518787e+00
1.413728778733779556e+01
6.096307401954099703e+00
1.162875973167864352e+01
1.004778885373576891e+01
1.206258041953554638e+01
1.549587706024460942e+01
9.507350889106135128e+00
1.573198143967047535e+01
6.469478137783394978e+00
9.912780127102228889e+00
1.356499484143638057e+01
6.734833215499742565e+00
1.408332534491850474e+01
5.825122787084014320e+00
7.778386162730406284e+00
1.105012716964281339e+01
5.172138311913764497e+00
1.093774950301117599e+01
6.169491629476862471e+00
5.423327546363366558e+00
1.286531546608807552e+01
6.867033505990492337e+00
1.284716425583348531e+01
9.999985246034004405e+00
1.244174430779438012e+01
1.620398532756528454e+01
9.956070419079853906e+00
1.553883954947535884e+01
7.289103900892533794e+00
9.133102293104586877e+00
1.463111372967006396e+01
7.369480794975770799e+00
1.241283196424118884e+01
