1.492982148304137979e+01
1.517910703065270184e+01
1.501764757555872265e+01
1.391664899667621746e+01
1.242279250039023886e+01
1.699648866925325308e+01
1.308938127918478322e+01
1.617775288077464424e+01
1.497758877201174421e+01
1.530323608104014177e+01
1.892085775887813881e+01
1.492072335971477948e+01
1.807944733261896531e+01
1.689268751676483049e+01
1.720429363687655666e+01
1.737959702957213892e+01
1.388047124349134087e+01
1.656486832326638137e+01
1.528659406873015847e+01
1.562535017214571020e+01
1.247513809398142293e+01
8.191663687380369652e+00
1.139860038483691618e+01
1.023932300954636609e+01
1.059452891666479601e+01
1.362276127171637086e+01
9.431051689438024965e+00
1.267327229228678931e+01
1.109024644947087879e+01
9.825001473481876246e+00
1.591563515085312375e+01
6.951386433104792317e+00
1.464818136632656476e+01
1.344114394203839069e+01
1.379045954953464737e+01
1.365863666823919154e+01
9.850041066564712011e+00
1.263857489301748238e+01
1.188179916446753737e+01
1.102034154827514278e+01
1.345237592104105140e+01
1.110604156391036135e+01
1.240304061374981970e+01
1.141231121293490247e+01
1.166592353727296150e+01
1.326268056821370500e+01
1.061877417078958352e+01
1.367709889187365135e+01
1.264214523069725438e+01
1.286297575155999340e+01
1.590598361726508259e+01
1.260112286235510481e+01
1.558873882959780133e+01
1.454369562579638497e+01
1.421692015512424589e+01
1.487983930659259890e+01
1.071977764268314104e+01
1.395453446058438018e+01
1.316556822398984039e+01
1.315325609317681632e+01
1.473027425884346187e+01
1.153225832491066782e+01
1.423650741918573104e+01
1.310610735578364405e+01
1.343505672252317495e+01
1.135377963019205616e+01
1.231223410790743777e+01
1.541587430652211843e+01
1.443112262102303234e+01
1.469532810771315923e+01
1.789804030798008583e+01
1.438989570582421074e+01
1.474284084283895879e+01
1.395929054318121665e+01
1.314514574696898030e+01
1.434637218783004542e+01
1.268616583480716464e+01
1.573314475233630105e+01
1.472893158224039567e+01
1.508547703738923573e+01
1.488962794196145545e+01
1.124722352597248687e+01
1.423802203944697631e+01
1.319663062714264434e+01
1.345491330038003142e+01
1.219596217874342514e+01
1.233789093386704572e+01
1.553877926174975777e+01
1.443580349271490704e+01
1.469844467370002583e+01
1.807267268868497467e+01
1.425914086603324016e+01
1.583490286460169294e+01
1.418805667171072749e+01
1.485218700617023302e+01
1.508633192842883375e+01
1.287336869839297293e+01
1.579429467736824755e+01
1.475941542474109092e+01
1.502239648236346170e+01
1.237372724621724274e+01
1.360328876679372456e+01
1.210282067578105725e+01
1.071531201241102060e+01
1.086758331869392791e+01
1.364250642301712801e+01
1.176459201439659275e+01
1.302649930769811171e+01
1.190761112432262081e+01
1.209922600929425052e+01
1.537190036054952813e+01
1.215848049241322748e+01
1.493738009792128985e+01
1.371292513592802464e+01
1.396117691155595253e+01
1.398006198588804061e+01
1.245538164729062203e+01
1.339176671433143540e+01
1.227368792577142997e+01
1.232121419537627993e+01
7.935720450149987393e+00
6.400019597183005615e+00
8.021309488617493599e+00
7.002707961824834904e+00
7.324084295151172874e+00
1.090104241872657909e+01
6.517822226285010068e+00
9.272297812741085110e+00
8.245333533478307331e+00
8.525094179881794076e+00
1.433639434938362633e+01
6.935675866294485736e+00
1.124513026121711334e+01
9.932081588715350406e+00
1.005760155936327749e+01
1.058286166458541366e+01
6.588599471056680201e+00
9.717357711756225314e+00
7.854816289540654140e+00
8.954125645344353401e+00
9.903014564077283310e+00
9.727251940807995823e+00
9.197493670478284145e+00
8.211927699098971800e+00
8.326889693727679287e+00
8.800624707254488754e+00
7.801967000435501731e+00
1.050280741690993835e+01
9.306465717310983266e+00
9.741718607148730058e+00
1.193886123871745042e+01
9.456449383163382905e+00
1.090195364686702284e+01
6.846221693173311529e+00
5.698647831651889817e+00
9.959736532135005760e+00
8.473137608477411931e+00
1.072842220191044049e+01
9.791316191629658050e+00
1.000238320473014930e+01
1.095945680772584296e+01
1.014493577974470639e+01
1.089126912935983782e+01
9.972509946859325680e+00
1.023237552280009055e+01
1.251423765836705293e+01
9.459720079375767199e+00
1.224679047289892075e+01
1.145426548894480767e+01
1.177204467859694681e+01
1.483116240729466462e+01
1.149197495408003178e+01
1.383036196745725199e+01
1.015211564175935699e+01
1.344975450432780661e+01
1.321874927360875063e+01
9.831908726277800881e+00
1.248151343288097159e+01
1.161406443532489341e+01
1.181784749598245732e+01
1.057026503236840753e+01
9.708225339139868737e+00
1.111407523505516082e+01
9.737718452792384127e+00
9.892404789428391965e+00
1.026345947476071174e+01
9.589571834476124934e+00
1.238012645651878429e+01
1.130394005573219296e+01
1.122033103149509614e+01
1.479053758987156542e+01
1.154308663565928939e+01
1.085754834863321072e+01
1.170385433438233491e+01
1.333254906401141504e+01
9.864628115803569131e+00
9.969143039390205630e+00
1.263346200010462006e+01
1.155884268378671109e+01
1.179922895129531923e+01
7.201139917118569045e+00
7.949674662409717207e+00
6.757143824740798443e+00
5.716671857942451140e+00
5.815722080544865946e+00
8.543945936764067994e+00
6.020434677295736670e+00
8.049498076112854505e+00
6.972374544203079338e+00
7.113344386317168144e+00
1.141655737225470979e+01
7.346144315236545097e+00
1.025746715116613927e+01
8.770083313701519501e+00
9.095384244370235294e+00
8.656244545332892670e+00
6.792270297210428964e+00
8.326037942360846600e+00
7.334353777669183394e+00
7.379774958510722627e+00
9.548936423046788136e+00
1.003607767763878833e+00
3.143048150071291236e+00
3.046085971705629447e+00
3.529168043908996300e+00
1.131305934400458213e+01
1.871741988562618531e+00
5.558490406205546464e+00
5.639397550142008164e+00
6.249927864707523817e+00
1.518399540461934016e+01
5.135320778080457060e+00
8.863957409656714859e+00
8.879590367433348064e+00
8.934887645133931855e+00
1.125531222194428516e+01
1.595618431314341557e+00
5.206245437507781126e+00
4.764870194257889047e+00
6.127885616448975448e+00
7.496603516682723622e+00
4.217901158138595896e+00
4.211406928921417325e+00
3.358324237611926666e+00
3.429670461469904730e+00
9.939291777490792512e+00
2.863263113854909836e+00
5.559288105002822000e+00
4.680419080567183698e+00
4.834095154140225503e+00
1.374845816471275661e+01
4.941536972385277338e+00
6.530184193418396177e+00
5.542554553163325792e+00
7.281134747835575460e+00
9.510761079339369317e+00
3.044232841012864732e+00
5.479494714303397629e+00
4.918820678202711960e+00
5.029634859718115081e+00
7.944895146397118246e+00
4.703761005856740063e+00
6.033801989163400492e+00
5.097680471589216111e+00
5.134826555251004621e+00
1.041566100959638952e+01
4.401924099423917269e+00
7.215449513768344758e+00
6.425987141314704054e+00
5.539973386493616481e+00
1.470113428194409799e+01
4.393948776543368240e+00
9.167112425365971262e+00
8.342915779432891199e+00
7.067985836437114422e+00
8.973522070822063768e+00
4.906913595285403495e+00
7.466595254896062350e+00
6.381399145874404155e+00
6.786214914189235614e+00
8.353562066824109067e+00
4.269203511064933565e+00
5.968196436091238510e+00
5.088350106276184448e+00
5.191659539078727015e+00
1.004755346016780138e+01
4.769284620646193851e+00
7.408624318530018904e+00
4.788871505567893649e+00
6.521677258992010451e+00
1.446630506587001008e+01
6.139527455089418773e+00
8.897510333443326758e+00
6.760944875724470116e+00
9.151323564235463337e+00
9.837620362450598677e+00
5.042101399273863471e+00
7.594015714379158233e+00
6.676399017539479175e+00
6.788693229013818886e+00
1.021512859927208972e+01
9.635143312256099435e+00
9.920349047754362104e+00
9.051476878550939631e+00
9.009086687195285492e+00
1.141167833242895036e+01
8.430167812747647815e+00
1.114836258600691643e+01
1.030778377972833404e+01
1.031449672504210646e+01
1.331862762682578527e+01
1.049743299571844091e+01
1.309582748593623158e+01
1.179409693832456796e+01
1.226593026569661760e+01
1.163519666082157400e+01
8.717959900160469289e+00
1.137368350408801021e+01
1.061702074353889103e+01
1.055043031309794799e+01
1.001326041145885348e+01
3.376964972862053660e+00
6.217814843170427430e+00
5.491998516258559171e+00
5.402359975917972790e+00
1.278557672975556514e+01
4.822141088983455504e+00
7.347603023466545480e+00
6.850205850693718013e+00
7.060957507104033581e+00
1.651976083821660524e+01
4.587617760054099492e+00
1.022641448605520864e+01
9.749959181396809171e+00
1.032136152495802683e+01
1.201464907679488725e+01
5.092638290899650144e+00
7.802192716186103105e+00
6.415265791528472761e+00
6.634473362904645732e+00
7.279446167239840726e+00
5.600527015322978919e+00
7.310786818829331679e+00
6.648519547720882272e+00
6.618361741104537899e+00
9.948983209837013675e+00
6.014095354455145426e+00
8.601743164850221390e+00
7.945702974479476488e+00
8.072607979672129730e+00
1.482778907594640927e+01
8.063965764284789728e+00
1.007899310616523536e+01
8.393763254875663549e+00
8.070878000875824299e+00
1.015500773853048777e+01
6.236980268636771463e+00
8.710060226367854597e+00
8.202475630845187382e+00
8.029749883973270386e+00
8.756093272622136325e+00
6.344035073663921054e+00
8.968454123505891218e+00
8.450090684499985016e+00
8.331585738880349368e+00
1.141019949687069968e+01
7.693858848789631111e+00
1.021482390361585146e+01
9.842768713842293238e+00
9.027012982110123929e+00
1.625967966002475151e+01
9.785983466882074211e+00
1.051685913618261026e+01
7.635092185375745188e+00
9.144111084242013021e+00
1.140244076626579250e+01
8.012541246922285865e+00
1.050586682930540938e+01
1.014437573240460289e+01
1.012061047720510132e+01
9.023140449643372918e+00
6.550441505721593671e+00
9.134217876832499527e+00
8.465535371938310405e+00
8.365162529030156335e+00
1.224249931066998442e+01
7.746569050447448035e+00
1.062512771055931182e+01
9.780699440540537637e+00
9.850430756851730862e+00
1.553084683784820896e+01
8.269124339345882646e+00
9.046337045372583319e+00
8.638770896810388678e+00
8.658862900552200870e+00
1.126473468136003397e+01
8.200836705734820598e+00
1.067007928240075287e+01
9.933648083156059627e+00
9.626244797961247102e+00
1.142014823804264800e+01
9.789400019584594048e+00
1.114270170414668826e+01
1.018628236076818894e+01
1.001274860036496150e+01
1.265347816871897635e+01
9.574216030255954024e+00
1.244617190453025479e+01
1.112332061434411123e+01
1.132204522164229488e+01
1.442485053678121609e+01
1.158810602683856139e+01
1.432785126833309697e+01
1.336324047212861466e+01
1.320697660034618437e+01
1.265044713442366664e+01
9.887618912418414396e+00
1.238616639710975598e+01
1.169353786553439889e+01
1.156408368608990500e+01
1.015442472768176607e+01
4.465064730694236594e+00
7.394274612331473762e+00
6.617924994300959263e+00
6.054990140211043759e+00
1.415118923881923685e+01
5.480686914375577423e+00
9.018423469405023596e+00
7.566083402334962571e+00
7.301879508950703368e+00
1.696888927971868810e+01
6.209136989568406761e+00
1.104222912981234650e+01
9.286421721590009781e+00
1.049589004434410278e+01
1.292948736970764223e+01
6.155970673171346164e+00
8.820062978940150344e+00
8.039416635942332690e+00
8.121138251524945062e+00
8.969392493155419643e+00
5.811752465746407914e+00
8.394172825528583459e+00
7.697872559265923620e+00
7.572836636767764418e+00
1.170405436941836719e+01
6.966687738068420899e+00
9.820100023945842693e+00
9.082572077548007883e+00
8.999537513064643335e+00
1.505992646599356988e+01
8.359515784607680189e+00
9.090566181379010402e+00
7.158035963422356041e+00
9.460297745454655072e+00
1.034820520576847258e+01
7.313711052120217992e+00
9.962155675261675114e+00
9.251527837477926397e+00
9.118605077616541266e+00
1.050293220663299998e+01
7.379436793843417774e+00
1.016201580891862655e+01
9.419335508629201215e+00
9.283600193826851310e+00
1.184382205033933211e+01
8.686321866515720913e+00
1.144972943640603980e+01
1.080635483107218953e+01
1.067080894985723560e+01
1.576543053374662762e+01
5.405182654967796374e+00
1.128575347173846488e+01
9.497892741990094478e+00
1.163947605512807293e+01
1.099439722433688260e+01
8.979692091786786179e+00
1.161461659235772892e+01
1.073853494296817601e+01
1.082560305528805422e+01
9.918852432301179078e+00
7.521465130114767916e+00
1.017018213925650727e+01
9.075613290881101136e+00
9.309569186756421644e+00
1.241627127189078905e+01
8.898546317612240131e+00
1.168503296287747339e+01
8.916716778559619527e+00
1.060660573182073385e+01
1.630709007535858390e+01
6.837783777279084596e+00
1.072664890521473779e+01
9.394795163148566886e+00
1.019544626678880306e+01
1.139291805285628278e+01
9.126932180242956605e+00
1.163702813378848866e+01
7.217305704190694726e+00
1.081585891758066253e+01
