3.061371378552991374e+01 3.967251806671962555e+01 2.971376814775045716e+01 3.799999999999999906e-02
3.279392913087401240e+01 3.762292188205788079e+01 2.958314898706812102e+01 3.799999999999999906e-02
3.184520111473089443e+01 3.690286605301150047e+01 3.125193283225759799e+01 3.799999999999999906e-02
3.183142607084058540e+01 3.674182672806683314e+01 3.142674720109259567e+01 3.799999999999999906e-02
3.254591183078740357e+01 3.587210248453461503e+01 3.158198568467797074e+01 3.799999999999999906e-02
3.251076451591679017e+01 3.661159840606251237e+01 3.087763707802069035e+01 3.799999999999999906e-02
3.279611594065069369e+01 3.648096265697017060e+01 3.072292140237914282e+01 3.799999999999999906e-02
3.156891457795401479e+01 3.632075147311030605e+01 3.211033394893567561e+01 3.799999999999999906e-02
3.143858722221584401e+01 3.601457490174676224e+01 3.254683787603740086e+01 3.799999999999999906e-02
3.258939984579333782e+01 3.492941078491177365e+01 3.248118936929489564e+01 3.799999999999999906e-02
3.187004358103095569e+01 3.569143375164122745e+01 3.243852266732781686e+01 3.799999999999999906e-02
3.226445066140311724e+01 3.562164597204431260e+01 3.211390336655258437e+01 3.799999999999999906e-02
3.044654237496123628e+01 3.649502314767959632e+01 3.305843447735916385e+01 3.799999999999999906e-02
3.025841625488031994e+01 3.646786879877346621e+01 3.327371494634621740e+01 3.799999999999999906e-02
3.141014403699301738e+01 3.511013110691829553e+01 3.347972485608869420e+01 3.799999999999999906e-02
3.217983090662284695e+01 3.712569380215369819e+01 3.069447529122344420e+01 3.799999999999999906e-02
3.258517005705883207e+01 3.707098981487347089e+01 3.034384012806769704e+01 3.799999999999999906e-02
3.114574010432930606e+01 3.710723184903283567e+01 3.174702804663785827e+01 3.799999999999999906e-02
3.057262954194040461e+01 3.715991291682359332e+01 3.226745754123600562e+01 3.799999999999999906e-02
3.226835160275683734e+01 3.546217673259666014e+01 3.226947166464651673e+01 3.799999999999999906e-02
3.328874049543373559e+01 3.461120602151793690e+01 3.210005348304832040e+01 3.799999999999999906e-02
3.354816902880818930e+01 3.484031533275476278e+01 3.161151563843705148e+01 3.799999999999999906e-02
3.323924902119833291e+01 3.439133840008753396e+01 3.236941257871412603e+01 3.799999999999999906e-02
3.320803397950452762e+01 3.414020107113791624e+01 3.265176494935755613e+01 3.799999999999999906e-02
3.334952525620978747e+01 3.379106198590331900e+01 3.285941275788689353e+01 3.799999999999999906e-02
3.307704039053322731e+01 3.394356741793110643e+01 3.297939219153565915e+01 3.799999999999999906e-02
3.329094687977278255e+01 3.411726360889898757e+01 3.259178951132823698e+01 3.799999999999999906e-02
3.291280036106696372e+01 3.389607521398253454e+01 3.319112442495051596e+01 3.799999999999999906e-02
3.279662536494124936e+01 3.382099883137983198e+01 3.338237580367892576e+01 3.799999999999999906e-02
3.323597141709192471e+01 3.337101640246920908e+01 3.339301218043885200e+01 3.799999999999999906e-02
3.292127525270912258e+01 3.378369756592864803e+01 3.329502718136222938e+01 3.799999999999999906e-02
3.320915009953126429e+01 3.378455625840305032e+01 3.300629364206569960e+01 3.799999999999999906e-02
3.227670926879251567e+01 3.325502627049134929e+01 3.446826446071612793e+01 3.799999999999999906e-02
3.221027130418598716e+01 3.307096286237531046e+01 3.471876583343870237e+01 3.799999999999999906e-02
3.287224117689849123e+01 3.265453481036162486e+01 3.447322401273988390e+01 3.799999999999999906e-02
3.293035800408048175e+01 3.429474468794902720e+01 3.277489730797048395e+01 3.799999999999999906e-02
3.325271924421959824e+01 3.449774729293707054e+01 3.224953346284333122e+01 3.799999999999999906e-02
3.292238954587807598e+01 3.403065853327015589e+01 3.304695192085176814e+01 3.799999999999999906e-02
3.279395232458549714e+01 3.405332611740416127e+01 3.315272155801033449e+01 3.799999999999999906e-02
3.320224331181566413e+01 3.364808946427198322e+01 3.314966722391234555e+01 3.799999999999999906e-02
3.286309540070943314e+01 3.606305428808785507e+01 3.107385031120270824e+01 3.799999999999999906e-02
3.328486045446176433e+01 3.607175061034021013e+01 3.064338893519802198e+01 3.799999999999999906e-02
3.317898475907168887e+01 3.498468963346915928e+01 3.183632560745915185e+01 3.799999999999999906e-02
3.315366358408350322e+01 3.480034788166307891e+01 3.204598853425342497e+01 3.799999999999999906e-02
3.305084524637906185e+01 3.432636640982865828e+01 3.262278834379228698e+01 3.799999999999999906e-02
3.274703946046429337e+01 3.522793543762495005e+01 3.202502510191075658e+01 3.799999999999999906e-02
3.309639972435267907e+01 3.498612050292673814e+01 3.191747977272057923e+01 3.799999999999999906e-02
3.294666179613997770e+01 3.422848076924631755e+01 3.282485743461371186e+01 3.799999999999999906e-02
3.284153984970095763e+01 3.420999470043451396e+01 3.294846544986452841e+01 3.799999999999999906e-02
3.322707211712765485e+01 3.405113638054415759e+01 3.272179150232818756e+01 3.799999999999999906e-02
3.296030087664860986e+01 3.427919125759546404e+01 3.276050786575592610e+01 3.799999999999999906e-02
3.323602098170655239e+01 3.429134941523881963e+01 3.247262960305462798e+01 3.799999999999999906e-02
3.151131684792922272e+01 3.463240347554055631e+01 3.385627967653021386e+01 3.799999999999999906e-02
3.151986832014854656e+01 3.441381744864946768e+01 3.406631423120198576e+01 3.799999999999999906e-02
3.235253462584188355e+01 3.358962065157502508e+01 3.405784472258309137e+01 3.799999999999999906e-02
3.252648734563219080e+01 3.593185147598376972e+01 3.154166117838404659e+01 3.799999999999999906e-02
3.300434751930834665e+01 3.549695699651855563e+01 3.149869548417310128e+01 3.799999999999999906e-02
3.280940307108313903e+01 3.458365508991615656e+01 3.260694183900069731e+01 3.799999999999999906e-02
3.278440137528437504e+01 3.441875961113511551e+01 3.279683901358052367e+01 3.799999999999999906e-02
3.318495907017021551e+01 3.415638603991919808e+01 3.265865488991058641e+01 3.799999999999999906e-02
3.306323177917897027e+01 3.583322627511356728e+01 3.110354194570745534e+01 3.799999999999999906e-02
3.254080560558180224e+01 3.608868555669702971e+01 3.137050883772116094e+01 3.799999999999999906e-02
3.228080342456485852e+01 3.529845075475593319e+01 3.242074582067920119e+01 3.799999999999999906e-02
3.228812015731453755e+01 3.510716475359774336e+01 3.260471508908771199e+01 3.799999999999999906e-02
3.309860433708320926e+01 3.439413365786912635e+01 3.250726200504766439e+01 3.799999999999999906e-02
3.295495341007041645e+01 3.502039401225336235e+01 3.202465257767621409e+01 3.799999999999999906e-02
3.322179171501348804e+01 3.488143742982119733e+01 3.189677085516531463e+01 3.799999999999999906e-02
3.194296500985533172e+01 3.475883710252070102e+01 3.329819788762397792e+01 3.799999999999999906e-02
3.167590741105439989e+01 3.505616051727815119e+01 3.326793207166745958e+01 3.799999999999999906e-02
3.260680274520405675e+01 3.415769883063495627e+01 3.323549842416098699e+01 3.799999999999999906e-02
3.186705455102804407e+01 3.495499989316690659e+01 3.317794555580506000e+01 3.799999999999999906e-02
3.271741043028280416e+01 3.417859621286284266e+01 3.310399335685434608e+01 3.799999999999999906e-02
3.095589164476319155e+01 3.468835287330368544e+01 3.435575548193313722e+01 3.799999999999999906e-02
3.060822830683106233e+01 3.449578586007385894e+01 3.489598583309508939e+01 3.799999999999999906e-02
3.105558273159296334e+01 3.368090736557348919e+01 3.526350990283355458e+01 3.799999999999999906e-02
3.262129286825784646e+01 3.553896015692243537e+01 3.183974697481972171e+01 3.799999999999999906e-02
3.322931833298220994e+01 3.525836962321918122e+01 3.151231204379861239e+01 3.799999999999999906e-02
3.183701889631270987e+01 3.501089658227311219e+01 3.315208452141418149e+01 3.799999999999999906e-02
3.175991056264747314e+01 3.496005475057311429e+01 3.328003468677940901e+01 3.799999999999999906e-02
3.249693061917982817e+01 3.434560243788283174e+01 3.315746694293733299e+01 3.799999999999999906e-02
3.326995050125555764e+01 3.548878055020604450e+01 3.124126894853840497e+01 3.799999999999999906e-02
3.281383996357778443e+01 3.578882333369202229e+01 3.139733670273019328e+01 3.799999999999999906e-02
3.248166020831786938e+01 3.497303560059406635e+01 3.254530419108806427e+01 3.799999999999999906e-02
3.252112057835456227e+01 3.472250495371316958e+01 3.275637446793226815e+01 3.799999999999999906e-02
3.314678946769426915e+01 3.440896516278376538e+01 3.244424536952195126e+01 3.799999999999999906e-02
3.307068403357248343e+01 3.474827783039766160e+01 3.218103813602984786e+01 3.799999999999999906e-02
3.326951075118326173e+01 3.495537641954012997e+01 3.177511282927660119e+01 3.799999999999999906e-02
3.195182477751304262e+01 3.483421111162971329e+01 3.321396411085724054e+01 3.799999999999999906e-02
3.165384672077778561e+01 3.497802956766655313e+01 3.336812371155566126e+01 3.799999999999999906e-02
3.268673245759805468e+01 3.410803982242657639e+01 3.320522771997538314e+01 3.799999999999999906e-02
3.069269693793984644e+01 3.543231628469341388e+01 3.387498677736674324e+01 3.799999999999999906e-02
3.270007534344048850e+01 3.425517901145907729e+01 3.304474564510043422e+01 3.799999999999999906e-02
3.082787070596328505e+01 3.446587579399059109e+01 3.470625350004613097e+01 3.799999999999999906e-02
3.020317034604884654e+01 3.419699082929794542e+01 3.559983882465321869e+01 3.799999999999999906e-02
3.042466620746519723e+01 3.318993749027475104e+01 3.638539630226005528e+01 3.799999999999999906e-02
3.275454867525954228e+01 3.526199647345573140e+01 3.198345485128471921e+01 3.799999999999999906e-02
3.328298878120575210e+01 3.532299164197729624e+01 3.139401957681695166e+01 3.799999999999999906e-02
3.207413389197805031e+01 3.465895362360992493e+01 3.326691248441203186e+01 3.799999999999999906e-02
3.193163071392983809e+01 3.476280263153923755e+01 3.330556665453092791e+01 3.799999999999999906e-02
3.252734007721743126e+01 3.428096103549085427e+01 3.319169888729171447e+01 3.799999999999999906e-02
3.312191518657312628e+01 3.698498994905494897e+01 2.989309486437192831e+01 3.799999999999999906e-02
3.346933557127022141e+01 3.703008008158739273e+01 2.950058434714239297e+01 3.799999999999999906e-02
3.241726694999649538e+01 3.662323651242238043e+01 3.095949653758111708e+01 3.799999999999999906e-02
3.226522153153775463e+01 3.636640224869582738e+01 3.136837621976641799e+01 3.799999999999999906e-02
3.308536859591104218e+01 3.544965429151347536e+01 3.146497711257548602e+01 3.799999999999999906e-02
3.293552846345187390e+01 3.657254322131266377e+01 3.049192831523546232e+01 3.799999999999999906e-02
3.323067798695412023e+01 3.631324507292818993e+01 3.045607694011769340e+01 3.799999999999999906e-02
3.322443955055901910e+01 3.508429907940332271e+01 3.169126137003766530e+01 3.799999999999999906e-02
3.290919901821492743e+01 3.508203882776491866e+01 3.200876215402016101e+01 3.799999999999999906e-02
3.289247915104699871e+01 3.475352814540134716e+01 3.235399270355165413e+01 3.799999999999999906e-02
3.328327172893528996e+01 3.506827817158165317e+01 3.164845009948305332e+01 3.799999999999999906e-02
3.278754063060755186e+01 3.528049685817541814e+01 3.193196251121703000e+01 3.799999999999999906e-02
3.265097957977060616e+01 3.418540094339719815e+01 3.316361947683219569e+01 3.799999999999999906e-02
3.218211166672137580e+01 3.456851394628235852e+01 3.324937438699625858e+01 3.799999999999999906e-02
3.289990719758967685e+01 3.403167171341611663e+01 3.306842108899419941e+01 3.799999999999999906e-02
3.269347722857018823e+01 3.709234786834715436e+01 3.021417490308266451e+01 3.799999999999999906e-02
3.301482611547238122e+01 3.710816592223066124e+01 2.987700796229696110e+01 3.799999999999999906e-02
3.292784847829994277e+01 3.561299731296750082e+01 3.145915420873255286e+01 3.799999999999999906e-02
3.269629417658315162e+01 3.561980116900679150e+01 3.168390465441006398e+01 3.799999999999999906e-02
3.271399525696532606e+01 3.507926030383814009e+01 3.220674443919654806e+01 3.799999999999999906e-02
3.398688634695518118e+01 3.446552445662056385e+01 3.154758919642424075e+01 3.799999999999999906e-02
3.450363864468273079e+01 3.459195932615779867e+01 3.090440202915948475e+01 3.799999999999999906e-02
3.361605225585505963e+01 3.384825041229962750e+01 3.253569733184531287e+01 3.799999999999999906e-02
3.347694052091313921e+01 3.374159597447152237e+01 3.278146350461533132e+01 3.799999999999999906e-02
3.368377630744472384e+01 3.328351592351432231e+01 3.303270776904095385e+01 3.799999999999999906e-02
3.382680699459105256e+01 3.394291276545526159e+01 3.223028023995368585e+01 3.799999999999999906e-02
3.413869161684866782e+01 3.383570587205542068e+01 3.202560251109589728e+01 3.799999999999999906e-02
3.357649357954044689e+01 3.352930995160046734e+01 3.289419646885907866e+01 3.799999999999999906e-02
3.345524497092328176e+01 3.351618527323552854e+01 3.302856975584118970e+01 3.799999999999999906e-02
3.371824439844355226e+01 3.319680785634637488e+01 3.308494774521007287e+01 3.799999999999999906e-02
3.360749122881195916e+01 3.341378667184274320e+01 3.297872209934529053e+01 3.799999999999999906e-02
3.400438133351401859e+01 3.322533400230114609e+01 3.277028466418483532e+01 3.799999999999999906e-02
3.323425794495278751e+01 3.282885014860563899e+01 3.393689190644156639e+01 3.799999999999999906e-02
3.311815768565133311e+01 3.275542950348545901e+01 3.412641281086320788e+01 3.799999999999999906e-02
3.293744058364246996e+01 3.110443765506738600e+01 3.595812176129012983e+01 3.799999999999999906e-02
3.350569169957346816e+01 3.404670439318233832e+01 3.244760390724419352e+01 3.799999999999999906e-02
3.401780351020829585e+01 3.405549434969437783e+01 3.192670214009732277e+01 3.799999999999999906e-02
3.335729008319077593e+01 3.370141104823704126e+01 3.294129886857217571e+01 3.799999999999999906e-02
3.340029544469346945e+01 3.375802324876909211e+01 3.284168130653743845e+01 3.799999999999999906e-02
3.379851794729754744e+01 3.324483561389584452e+01 3.295664643880660805e+01 3.799999999999999906e-02
3.392578888581736862e+01 3.538850031996327772e+01 3.068571079421935366e+01 3.799999999999999906e-02
3.428756326081433770e+01 3.539236032488780381e+01 3.032007641429785494e+01 3.799999999999999906e-02
3.339368396430316466e+01 3.494308972387238299e+01 3.166322631182445946e+01 3.799999999999999906e-02
3.336817935656269896e+01 3.448019152430150314e+01 3.215162911913580501e+01 3.799999999999999906e-02
3.377083898891044100e+01 3.420991492084883845e+01 3.201924609024072055e+01 3.799999999999999906e-02
3.371489563423264002e+01 3.472884303628276115e+01 3.155626132948459173e+01 3.799999999999999906e-02
3.393953324976875763e+01 3.454780260874208864e+01 3.151266414148915374e+01 3.799999999999999906e-02
3.320972001772388182e+01 3.382168410454028162e+01 3.296859587773583655e+01 3.799999999999999906e-02
3.308224760495359362e+01 3.369268556700497896e+01 3.322506682804142741e+01 3.799999999999999906e-02
3.306777813652660569e+01 3.344186282215786576e+01 3.349035904131552144e+01 3.799999999999999906e-02
3.327911680454288046e+01 3.392690393801599669e+01 3.279397925744111575e+01 3.799999999999999906e-02
3.361931415898325071e+01 3.392081436250516902e+01 3.245987147851158738e+01 3.799999999999999906e-02
3.312374362614369261e+01 3.374124870125852027e+01 3.313500767259777291e+01 3.799999999999999906e-02
3.290946531636402739e+01 3.364906106077716430e+01 3.344147362285880831e+01 3.799999999999999906e-02
3.334036456405242888e+01 3.323072222575245149e+01 3.342891321019512674e+01 3.799999999999999906e-02
3.358916358165291882e+01 3.494859261471965084e+01 3.146224380362743034e+01 3.799999999999999906e-02
3.398978631350269097e+01 3.501530024230773819e+01 3.099491344418958150e+01 3.799999999999999906e-02
3.315642269811153398e+01 3.425083780881488593e+01 3.259273949307357299e+01 3.799999999999999906e-02
3.301780000510660784e+01 3.412762987396412484e+01 3.285457012092926732e+01 3.799999999999999906e-02
3.343240513843637274e+01 3.390985883953886315e+01 3.265773602202475701e+01 3.799999999999999906e-02
3.338430656666579921e+01 3.578075222313834303e+01 3.083494121019585066e+01 3.799999999999999906e-02
3.371574498822081978e+01 3.544831180725739017e+01 3.083594320452179005e+01 3.799999999999999906e-02
3.285855522848601140e+01 3.482178305153030351e+01 3.231966171998368509e+01 3.799999999999999906e-02
3.298498210774748429e+01 3.474720194088427405e+01 3.226781595136824166e+01 3.799999999999999906e-02
3.329215292015565097e+01 3.398096753266222692e+01 3.272687954718212922e+01 3.799999999999999906e-02
3.323539177425458035e+01 3.474744464285949164e+01 3.201716358288592090e+01 3.799999999999999906e-02
3.346896516504754260e+01 3.461452394656571130e+01 3.191651088838675321e+01 3.799999999999999906e-02
3.318139050923827682e+01 3.421443083360418314e+01 3.260417865715754715e+01 3.799999999999999906e-02
3.306266933630232074e+01 3.416246093563763964e+01 3.277486972806003962e+01 3.799999999999999906e-02
3.339810407236402057e+01 3.394869588471063082e+01 3.265320004292536282e+01 3.799999999999999906e-02
3.325295901681548116e+01 3.410149375284139950e+01 3.264554723034312644e+01 3.799999999999999906e-02
3.317766164942074880e+01 3.353686215399544324e+01 3.328547619658380086e+01 3.799999999999999906e-02
3.236159966909603725e+01 3.392459573659680672e+01 3.371380459430714183e+01 3.799999999999999906e-02
3.193277185016862063e+01 3.391993375550641332e+01 3.414729439432496605e+01 3.799999999999999906e-02
3.285107468037129053e+01 3.328724841344307350e+01 3.386167690618563597e+01 3.799999999999999906e-02
3.312805549205585010e+01 3.521504465575875997e+01 3.165689985218538638e+01 3.799999999999999906e-02
3.344435513557098716e+01 3.504983699950353326e+01 3.150580786492548668e+01 3.799999999999999906e-02
3.317081844717701955e+01 3.442805600493483809e+01 3.240112554788814236e+01 3.799999999999999906e-02
3.306720075872874531e+01 3.424403904081858485e+01 3.268876020045267694e+01 3.799999999999999906e-02
3.297218316409299632e+01 3.367360678327132462e+01 3.335421005263567196e+01 3.799999999999999906e-02
3.352080335934913080e+01 3.553838339456701334e+01 3.094081324608385586e+01 3.799999999999999906e-02
3.386358530381207288e+01 3.528729051664861061e+01 3.084912417953931651e+01 3.799999999999999906e-02
3.296998719472667716e+01 3.465665030302564986e+01 3.237336250224767298e+01 3.799999999999999906e-02
3.288239440387696533e+01 3.444670675163849438e+01 3.267089884448454029e+01 3.799999999999999906e-02
3.339178438015848371e+01 3.368102665696105902e+01 3.292718896288045727e+01 3.799999999999999906e-02
3.330403075841670102e+01 3.474976043365226275e+01 3.194620880793103623e+01 3.799999999999999906e-02
3.360923826333460340e+01 3.456072194774159101e+01 3.183003978892381269e+01 3.799999999999999906e-02
3.322970597027330797e+01 3.415597804212684707e+01 3.261431598759985206e+01 3.799999999999999906e-02
3.312396202494004882e+01 3.407984079230316610e+01 3.279619718275679219e+01 3.799999999999999906e-02
3.337016552909400247e+01 3.377524282808442280e+01 3.285459164282156763e+01 3.799999999999999906e-02
3.330115842235306189e+01 3.400299287114358293e+01 3.269584870650334096e+01 3.799999999999999906e-02
3.326965269762298050e+01 3.325520573335434449e+01 3.347514156902267501e+01 3.799999999999999906e-02
3.246392579506568410e+01 3.373553191770842830e+01 3.380054228722588761e+01 3.799999999999999906e-02
3.211067879519755053e+01 3.360162593729437219e+01 3.428769526750808438e+01 3.799999999999999906e-02
3.293912300613021671e+01 3.308334970900600069e+01 3.397752728486378970e+01 3.799999999999999906e-02
3.326654870750101622e+01 3.496594122853139197e+01 3.176751006396758470e+01 3.799999999999999906e-02
3.355596412302489284e+01 3.475266432293540930e+01 3.169137155403969430e+01 3.799999999999999906e-02
3.320977375671578358e+01 3.425482812522776044e+01 3.253539811805646309e+01 3.799999999999999906e-02
3.313537258593486712e+01 3.424174484337265767e+01 3.262288257069248232e+01 3.799999999999999906e-02
3.338059707965300760e+01 3.402605457379311815e+01 3.259334834655386715e+01 3.799999999999999906e-02
3.454901221332829664e+01 3.536115031425426025e+01 3.008983747241744311e+01 3.799999999999999906e-02
3.500540656733597444e+01 3.575638982460775850e+01 2.923820360805627416e+01 3.799999999999999906e-02
3.407852114535444343e+01 3.513978296390809675e+01 3.078169589073745271e+01 3.799999999999999906e-02
3.397089177563740492e+01 3.501547066534588026e+01 3.101363755901671126e+01 3.799999999999999906e-02
3.431329599147667153e+01 3.454109244426434344e+01 3.114561156425898147e+01 3.799999999999999906e-02
3.454855788999733335e+01 3.515375212651051129e+01 3.029768998349215536e+01 3.799999999999999906e-02
3.472662574760636289e+01 3.511738691525217604e+01 3.015598733714147173e+01 3.799999999999999906e-02
3.381006107820660844e+01 3.441649103454856373e+01 3.177344788724483848e+01 3.799999999999999906e-02
3.369792904611765749e+01 3.436582699969635257e+01 3.193624395418599704e+01 3.799999999999999906e-02
3.378335392049222463e+01 3.374629934070328829e+01 3.247034673880447997e+01 3.799999999999999906e-02
3.356929641525356800e+01 3.403843554320767595e+01 3.239226804153876316e+01 3.799999999999999906e-02
3.424325943406206818e+01 3.432486656476470444e+01 3.143187400117323449e+01 3.799999999999999906e-02
3.331621802478412775e+01 3.366318260478222868e+01 3.302059937043362936e+01 3.799999999999999906e-02
3.348013696995020894e+01 3.381319492736869847e+01 3.270666810268108549e+01 3.799999999999999906e-02
3.369684817153868295e+01 3.339569877040001700e+01 3.290745305806130716e+01 3.799999999999999906e-02
3.438127728076148770e+01 3.528564294833464032e+01 3.033307977090386842e+01 3.799999999999999906e-02
3.443519428374350611e+01 3.503377649398890981e+01 3.053102922226758409e+01 3.799999999999999906e-02
3.373395181875805804e+01 3.439993820723719153e+01 3.186610997400474687e+01 3.799999999999999906e-02
3.362577307164763596e+01 3.430071319068779445e+01 3.207351373766457669e+01 3.799999999999999906e-02
3.406872751510832842e+01 3.436449971591164854e+01 3.156677276898001949e+01 3.799999999999999906e-02
3.577331144696621834e+01 3.366493106921956979e+01 3.056175748381421542e+01 3.799999999999999906e-02
3.604825324578080625e+01 3.342925151766358738e+01 3.052249523655560637e+01 3.799999999999999906e-02
3.480061454521531061e+01 3.289537913126299173e+01 3.230400632352168344e+01 3.799999999999999906e-02
3.501930592215828142e+01 3.281481797982965531e+01 3.216587609801206327e+01 3.799999999999999906e-02
3.506503015653994026e+01 3.280497346239459944e+01 3.212999638106545319e+01 3.799999999999999906e-02
3.537664811468405901e+01 3.273205268641159194e+01 3.189129919890434550e+01 3.799999999999999906e-02
3.608353038382669098e+01 3.244681708068301873e+01 3.146965253549028674e+01 3.799999999999999906e-02
3.419504888729628078e+01 3.296731505449101718e+01 3.283763605821270204e+01 3.799999999999999906e-02
3.415467302339288125e+01 3.279945481581859212e+01 3.304587216078852663e+01 3.799999999999999906e-02
3.487260602608914439e+01 3.192535758113949740e+01 3.320203639277136176e+01 3.799999999999999906e-02
3.435403583028089258e+01 3.265638335487258104e+01 3.298958081484651927e+01 3.799999999999999906e-02
3.493642699139975605e+01 3.237737013221215676e+01 3.268620287638809430e+01 3.799999999999999906e-02
3.399359067790560118e+01 3.185362617279388431e+01 3.415278314930051096e+01 3.799999999999999906e-02
3.384728638677588464e+01 3.178404800409328601e+01 3.436866560913082935e+01 3.799999999999999906e-02
3.441986755755078775e+01 3.066614515394430285e+01 3.491398728850490585e+01 3.799999999999999906e-02
3.514879709992752765e+01 3.318822609867871876e+01 3.166297680139375004e+01 3.799999999999999906e-02
3.574403541031849585e+01 3.303811916957899797e+01 3.121784542010250973e+01 3.799999999999999906e-02
3.424723473306359978e+01 3.329726293566286444e+01 3.245550233127353579e+01 3.799999999999999906e-02
3.417524698306254294e+01 3.315763797626278375e+01 3.266711504067468042e+01 3.799999999999999906e-02
3.479057451329722994e+01 3.230096997322060304e+01 3.290845551348216702e+01 3.799999999999999906e-02
3.528613389644200282e+01 3.449406280698119076e+01 3.021980329657681352e+01 3.799999999999999906e-02
3.570464793732490705e+01 3.444453621334019999e+01 2.985081584933489296e+01 3.799999999999999906e-02
3.446325767534199969e+01 3.396421730607245593e+01 3.157252501858554083e+01 3.799999999999999906e-02
3.432639656063175693e+01 3.378977187165827445e+01 3.188383156770995797e+01 3.799999999999999906e-02
3.499291516408801783e+01 3.329791961867934447e+01 3.170916521723264836e+01 3.799999999999999906e-02
3.501036875070419541e+01 3.385910343056874439e+01 3.113052781872706021e+01 3.799999999999999906e-02
3.544151825491351815e+01 3.371214354247766209e+01 3.084633820260883397e+01 3.799999999999999906e-02
3.418343843374948676e+01 3.326279737436934170e+01 3.255376419188116444e+01 3.799999999999999906e-02
3.402709866259950644e+01 3.315367626317895144e+01 3.281922507422154212e+01 3.799999999999999906e-02
3.437796224829928349e+01 3.332427532447773899e+01 3.229776242722297752e+01 3.799999999999999906e-02
3.437389966045400058e+01 3.297181311474441401e+01 3.265428722480158541e+01 3.799999999999999906e-02
3.490054923543128496e+01 3.280101713929864360e+01 3.229843362527006434e+01 3.799999999999999906e-02
3.379445752442477158e+01 3.307287094661077731e+01 3.313267152896445111e+01 3.799999999999999906e-02
3.375438506724690058e+01 3.287430876791430023e+01 3.337130616483879209e+01 3.799999999999999906e-02
3.415690684172976432e+01 3.223728968919316173e+01 3.360580346907707394e+01 3.799999999999999906e-02
3.485266230359737705e+01 3.414736185577552874e+01 3.099997584062710487e+01 3.799999999999999906e-02
3.539258138261076425e+01 3.413162072139238035e+01 3.047579789599685540e+01 3.799999999999999906e-02
3.399168862235043775e+01 3.357520222824149414e+01 3.243310914940805390e+01 3.799999999999999906e-02
3.388078207312804579e+01 3.344915811833099184e+01 3.267005980854096236e+01 3.799999999999999906e-02
3.451095596217329131e+01 3.293517628525417251e+01 3.255386775257254328e+01 3.799999999999999906e-02
3.469303687476870124e+01 3.471077197456931884e+01 3.059619115066198347e+01 3.799999999999999906e-02
3.497113057871333552e+01 3.450463032169699318e+01 3.052423909958966775e+01 3.799999999999999906e-02
3.373352896365652498e+01 3.398618789144231300e+01 3.228028314490116912e+01 3.799999999999999906e-02
3.362623573362265716e+01 3.384833958495131867e+01 3.252542468142601706e+01 3.799999999999999906e-02
3.424068166354015119e+01 3.343958870896182844e+01 3.231972962749802036e+01 3.799999999999999906e-02
3.427247075002814825e+01 3.389132317658972227e+01 3.183620607338213659e+01 3.799999999999999906e-02
3.467102767585021184e+01 3.377963478330543268e+01 3.154933754084435549e+01 3.799999999999999906e-02
3.338301741544089651e+01 3.327766645095692155e+01 3.333931613360219615e+01 3.799999999999999906e-02
3.388067293369925181e+01 3.351925921081424065e+01 3.260006785548649333e+01 3.799999999999999906e-02
3.464680241635986135e+01 3.265718097682106702e+01 3.269601660681907873e+01 3.799999999999999906e-02
3.424295447714296614e+01 3.326015050481867519e+01 3.249689501803836578e+01 3.799999999999999906e-02
3.421337293728285545e+01 3.304531569105353839e+01 3.274131137166361327e+01 3.799999999999999906e-02
3.349874722867298971e+01 3.303421148910029359e+01 3.346704128222671670e+01 3.799999999999999906e-02
3.336880551335409706e+01 3.291162421678931338e+01 3.371957026985658956e+01 3.799999999999999906e-02
3.377685240823311119e+01 3.204774322991555380e+01 3.417540436185134212e+01 3.799999999999999906e-02
3.425379727079800318e+01 3.428115781947942509e+01 3.146504490972257173e+01 3.799999999999999906e-02
3.463397900111245065e+01 3.415647653038119103e+01 3.120954446850634412e+01 3.799999999999999906e-02
3.330697316245737483e+01 3.357233208314822548e+01 3.312069475439442101e+01 3.799999999999999906e-02
3.321391866909511492e+01 3.346539646384421474e+01 3.332068486706065613e+01 3.799999999999999906e-02
3.375642284885564237e+01 3.309676574170273256e+01 3.314681140944161797e+01 3.799999999999999906e-02
3.464718221913876306e+01 3.438866545047825696e+01 3.096415233038297998e+01 3.799999999999999906e-02
3.517332017941195232e+01 3.428688916678967757e+01 3.053979065379837365e+01 3.799999999999999906e-02
3.379057886933211563e+01 3.377207375969255310e+01 3.243734737097533127e+01 3.799999999999999906e-02
3.377356286214421033e+01 3.364637329755078099e+01 3.258006384030501579e+01 3.799999999999999906e-02
3.435211801133412024e+01 3.321508934659630086e+01 3.243279264206957890e+01 3.799999999999999906e-02
3.439414684763242036e+01 3.371501701925710393e+01 3.189083613311049348e+01 3.799999999999999906e-02
3.482177062816030855e+01 3.355499138523573777e+01 3.162323798660395369e+01 3.799999999999999906e-02
3.409350107087590942e+01 3.341011624635157062e+01 3.249638268277253417e+01 3.799999999999999906e-02
3.406537676783560187e+01 3.318819946128376586e+01 3.274642377088063938e+01 3.799999999999999906e-02
3.393837554112541000e+01 3.322209011842885218e+01 3.283953434044574493e+01 3.799999999999999906e-02
3.447587227152826728e+01 3.296867886873508269e+01 3.255544885973665004e+01 3.799999999999999906e-02
3.451538026693859251e+01 3.272621414661926309e+01 3.275840558644213019e+01 3.799999999999999906e-02
3.353941220367580911e+01 3.284232798638604578e+01 3.361825980993814511e+01 3.799999999999999906e-02
3.345552836282399767e+01 3.225044600920696780e+01 3.429402562796904164e+01 3.799999999999999906e-02
3.385701311536024605e+01 3.158496867242364914e+01 3.455801821221611192e+01 3.799999999999999906e-02
3.425585296860243290e+01 3.400404313427867464e+01 3.174010389711889246e+01 3.799999999999999906e-02
3.479613459963167088e+01 3.394843361353159139e+01 3.125543178683674128e+01 3.799999999999999906e-02
3.340175829084657266e+01 3.341092366414967074e+01 3.318731804500374949e+01 3.799999999999999906e-02
3.341224585334679631e+01 3.330907855633218162e+01 3.327867559032101497e+01 3.799999999999999906e-02
3.453900115315980912e+01 3.289039938256196649e+01 3.257059946427822439e+01 3.799999999999999906e-02
3.400868478974899034e+01 3.588338805517212649e+01 3.010792715507889028e+01 3.799999999999999906e-02
3.431745273100139570e+01 3.598987507854911883e+01 2.969267219044949258e+01 3.799999999999999906e-02
3.339702782542958914e+01 3.512916181419598871e+01 3.147381036037441504e+01 3.799999999999999906e-02
3.321844273788597945e+01 3.531980190795643892e+01 3.146175535415758873e+01 3.799999999999999906e-02
3.369669538732996017e+01 3.467868931121739706e+01 3.162461530145263566e+01 3.799999999999999906e-02
3.373612298455267933e+01 3.506557709375837817e+01 3.119829992168896027e+01 3.799999999999999906e-02
3.399652262756615073e+01 3.515125034301179596e+01 3.085222702942204975e+01 3.799999999999999906e-02
3.317408153242417512e+01 3.431955112203395686e+01 3.250636734554187512e+01 3.799999999999999906e-02
3.292674312856781427e+01 3.436161461295667863e+01 3.271164225847550711e+01 3.799999999999999906e-02
3.343487467701364579e+01 3.352187393725333209e+01 3.304325138573302922e+01 3.799999999999999906e-02
3.326762276088076220e+01 3.397248493957207671e+01 3.275989229954716819e+01 3.799999999999999906e-02
3.352213897087253969e+01 3.436619316081544184e+01 3.211166786831200426e+01 3.799999999999999906e-02
3.309741193494048872e+01 3.394043246678506875e+01 3.296215559827443542e+01 3.799999999999999906e-02
3.279683807013218200e+01 3.392233787405174894e+01 3.328082405581606906e+01 3.799999999999999906e-02
3.320411198896776739e+01 3.353804554376447555e+01 3.325784246726774995e+01 3.799999999999999906e-02
3.367242636943932155e+01 3.537085290129027015e+01 3.095672072927041896e+01 3.799999999999999906e-02
3.399433553429685873e+01 3.558243982347936196e+01 3.042322464222378287e+01 3.799999999999999906e-02
3.306148691643649329e+01 3.478063519400157588e+01 3.215787788956193083e+01 3.799999999999999906e-02
3.284662696118378733e+01 3.476260202854960113e+01 3.239077101026661154e+01 3.799999999999999906e-02
3.335270966736947429e+01 3.395452793404302838e+01 3.269276239858749022e+01 3.799999999999999906e-02
3.457863551603780650e+01 3.372141924648470024e+01 3.169994523747750392e+01 3.799999999999999906e-02
3.516220776048547947e+01 3.370212713290246143e+01 3.113566510661205555e+01 3.799999999999999906e-02
3.379329464765706348e+01 3.310974917338771206e+01 3.309695617895521735e+01 3.799999999999999906e-02
3.414895615271310447e+01 3.327490043677995857e+01 3.257614341050694406e+01 3.799999999999999906e-02
3.422936118696256358e+01 3.325268341446074061e+01 3.251795539857668871e+01 3.799999999999999906e-02
3.427414457373055257e+01 3.311928779126414923e+01 3.260656763500529820e+01 3.799999999999999906e-02
3.479071416737834710e+01 3.293654783579668788e+01 3.227273799682498634e+01 3.799999999999999906e-02
3.381254631640606334e+01 3.308208710190027801e+01 3.310536658169365154e+01 3.799999999999999906e-02
3.366557886505545127e+01 3.298602189850914357e+01 3.334839923643540516e+01 3.799999999999999906e-02
3.409330807923488038e+01 3.234754446909725090e+01 3.355914745166786872e+01 3.799999999999999906e-02
3.386486427973574109e+01 3.288571316538158840e+01 3.324942255488267762e+01 3.799999999999999906e-02
3.407910206967569167e+01 3.283924655066878984e+01 3.308165137965551850e+01 3.799999999999999906e-02
3.322829011116866127e+01 3.099521263004575999e+01 3.577649725878558229e+01 3.799999999999999906e-02
3.342028782625364869e+01 3.206574382851676575e+01 3.451396834522957846e+01 3.799999999999999906e-02
3.355280777658787628e+01 3.150201493484195225e+01 3.494517728857016436e+01 3.799999999999999906e-02
3.419028407502667477e+01 3.338689193155072132e+01 3.242282399342259680e+01 3.799999999999999906e-02
3.478620799791627860e+01 3.331788609119876554e+01 3.189590591088496296e+01 3.799999999999999906e-02
3.379405158975126255e+01 3.336331564260996885e+01 3.284263276763877570e+01 3.799999999999999906e-02
3.367897018796075059e+01 3.331004459269294671e+01 3.301098521934629559e+01 3.799999999999999906e-02
3.394396128325075068e+01 3.280748730593752072e+01 3.324855141081172860e+01 3.799999999999999906e-02
3.451292785369236071e+01 3.475119962847312394e+01 3.073587251783450824e+01 3.799999999999999906e-02
3.504317983213717724e+01 3.476349430909356641e+01 3.019332585876925279e+01 3.799999999999999906e-02
3.350454875129916843e+01 3.396393602408991086e+01 3.253151522461093492e+01 3.799999999999999906e-02
3.367251052292853331e+01 3.414289195592743198e+01 3.218459752114402761e+01 3.799999999999999906e-02
3.395870595703496519e+01 3.345672014053948118e+01 3.258457390242555363e+01 3.799999999999999906e-02
3.432061270812666720e+01 3.422365751531435052e+01 3.145572977655898583e+01 3.799999999999999906e-02
3.449567480694571486e+01 3.387681415680584962e+01 3.162751103624843196e+01 3.799999999999999906e-02
3.325669057616126167e+01 3.337307531791251591e+01 3.337023410592622952e+01 3.799999999999999906e-02
3.363154499804971920e+01 3.368341380219187897e+01 3.268504119975840894e+01 3.799999999999999906e-02
3.422652721654465324e+01 3.299886398322871628e+01 3.277460880022664469e+01 3.799999999999999906e-02
3.398817621211984630e+01 3.347178344713598364e+01 3.254004034074416296e+01 3.799999999999999906e-02
3.386383476446029306e+01 3.310500618880026025e+01 3.303115904673946090e+01 3.799999999999999906e-02
3.338099225313656859e+01 3.308362596509978459e+01 3.353538178176364681e+01 3.799999999999999906e-02
3.327522959489471077e+01 3.299441727840677174e+01 3.373035312669851749e+01 3.799999999999999906e-02
3.358913029815433759e+01 3.209979811374116565e+01 3.431107158810448965e+01 3.799999999999999906e-02
3.431288851564043085e+01 3.460727638411567852e+01 3.107983510024389773e+01 3.799999999999999906e-02
3.461421419503049179e+01 3.436236870516975728e+01 3.102341709979975093e+01 3.799999999999999906e-02
3.356538423298515994e+01 3.392271662607057436e+01 3.251189914094427280e+01 3.799999999999999906e-02
3.344828036707729524e+01 3.315135110083118519e+01 3.340036853209152667e+01 3.799999999999999906e-02
3.411038847984924161e+01 3.336695355293199583e+01 3.252265796721876256e+01 3.799999999999999906e-02
3.404213420641218590e+01 3.486296830730147889e+01 3.109489748628633166e+01 3.799999999999999906e-02
3.442669953793285487e+01 3.489881017985140943e+01 3.067449028221573570e+01 3.799999999999999906e-02
3.343972389137867651e+01 3.380993530253222445e+01 3.275034080608910614e+01 3.799999999999999906e-02
3.329047277277557981e+01 3.386694132190698525e+01 3.284258590531744204e+01 3.799999999999999906e-02
3.332221214733770864e+01 3.354624549527670041e+01 3.313154235738559095e+01 3.799999999999999906e-02
3.379209137372729543e+01 3.419205867453737113e+01 3.201584995173533343e+01 3.799999999999999906e-02
3.409938462510603330e+01 3.418076177154347306e+01 3.171985360335049009e+01 3.799999999999999906e-02
3.341775314452650747e+01 3.382774123766282770e+01 3.275450561781065772e+01 3.799999999999999906e-02
3.332717403064838635e+01 3.380128952707518408e+01 3.287153644227642957e+01 3.799999999999999906e-02
3.358732321114626984e+01 3.342068950796330995e+01 3.299198728089042021e+01 3.799999999999999906e-02
3.345757321769458059e+01 3.365787225012103789e+01 3.288455453218438151e+01 3.799999999999999906e-02
3.384716473277934767e+01 3.348836885615600067e+01 3.266446641106464455e+01 3.799999999999999906e-02
3.298855096010047561e+01 3.320149868680474015e+01 3.380995035309478425e+01 3.799999999999999906e-02
3.279759278257414934e+01 3.306913037076941464e+01 3.413327684665642892e+01 3.799999999999999906e-02
3.323392035703425051e+01 3.258159994539235527e+01 3.418447969757340132e+01 3.799999999999999906e-02
3.372856839804094164e+01 3.449150674107028181e+01 3.177992486088878010e+01 3.799999999999999906e-02
3.422238933674920247e+01 3.468884212593584238e+01 3.108876853731495160e+01 3.799999999999999906e-02
3.316408074262251660e+01 3.363948761723244729e+01 3.319643164014503611e+01 3.799999999999999906e-02
3.339783573788452031e+01 3.408450095862603035e+01 3.251766330348944933e+01 3.799999999999999906e-02
3.354753764459983501e+01 3.359908473327278955e+01 3.285337762212738255e+01 3.799999999999999906e-02
3.389427722686210132e+01 3.431642366102223463e+01 3.178929911211566051e+01 3.799999999999999906e-02
3.461134536031345021e+01 3.474626226841296983e+01 3.064239237127358706e+01 3.799999999999999906e-02
3.349786239297468171e+01 3.353135661961456293e+01 3.297078098741075536e+01 3.799999999999999906e-02
3.337960915575591514e+01 3.343202230156997246e+01 3.318836854267411951e+01 3.799999999999999906e-02
3.340891820417742508e+01 3.333921517121815015e+01 3.325186662460443898e+01 3.799999999999999906e-02
3.395403767115481486e+01 3.422336534505046757e+01 3.182259698379471757e+01 3.799999999999999906e-02
3.387979664439729532e+01 3.368475995779262178e+01 3.243544339781009000e+01 3.799999999999999906e-02
3.341608009463492124e+01 3.367553685709030731e+01 3.290838304827476435e+01 3.799999999999999906e-02
3.335004477627314401e+01 3.363041086061620177e+01 3.301954436311064711e+01 3.799999999999999906e-02
3.364458192050874885e+01 3.329115308389935990e+01 3.306426499559187704e+01 3.799999999999999906e-02
3.354858730696233948e+01 3.348735437342586607e+01 3.296405831961178734e+01 3.799999999999999906e-02
3.398460619868582455e+01 3.320179249580278480e+01 3.281360130551139065e+01 3.799999999999999906e-02
3.308403622549212741e+01 3.301758034828603172e+01 3.389838342622184086e+01 3.799999999999999906e-02
3.290906400709367574e+01 3.287998647887878434e+01 3.421094951402754702e+01 3.799999999999999906e-02
3.331751772960927127e+01 3.230260076426083060e+01 3.437988150612989813e+01 3.799999999999999906e-02
3.379011121978969356e+01 3.421675408188106360e+01 3.199313469832924284e+01 3.799999999999999906e-02
3.436659685518546326e+01 3.443852188068176901e+01 3.119488126413275708e+01 3.799999999999999906e-02
3.317080418756465576e+01 3.364278650212759914e+01 3.318640931030775221e+01 3.799999999999999906e-02
3.342734137626491275e+01 3.392065877279952701e+01 3.265199985093556023e+01 3.799999999999999906e-02
3.363784796064935989e+01 3.341341010243459664e+01 3.294874193691605058e+01 3.799999999999999906e-02
3.369915156204457674e+01 3.585328472963085744e+01 3.044756370832456582e+01 3.799999999999999906e-02
3.390999156609299092e+01 3.582738896013101026e+01 3.026261947377600592e+01 3.799999999999999906e-02
3.306093172355912202e+01 3.530345343203978814e+01 3.163561484440108984e+01 3.799999999999999906e-02
3.287437938423355632e+01 3.525718316503230909e+01 3.186843745073413103e+01 3.799999999999999906e-02
3.347420976572717422e+01 3.442460062352792960e+01 3.210118961074488197e+01 3.799999999999999906e-02
3.351372918378264387e+01 3.507992146293307911e+01 3.140634935328428767e+01 3.799999999999999906e-02
3.368819620247567315e+01 3.537581349499817662e+01 3.093599030252615023e+01 3.799999999999999906e-02
3.281095872699064131e+01 3.462324813594099027e+01 3.256579313706836842e+01 3.799999999999999906e-02
3.323947205806474869e+01 3.446010774348020789e+01 3.230042019845505763e+01 3.799999999999999906e-02
3.320515223143556227e+01 3.363704284277812206e+01 3.315780492578631566e+01 3.799999999999999906e-02
3.298672788923957455e+01 3.412373770391285177e+01 3.288953440684756657e+01 3.799999999999999906e-02
3.323706125303308312e+01 3.425540769516219797e+01 3.250753105180472602e+01 3.799999999999999906e-02
3.272758218726051638e+01 3.404374669965714162e+01 3.322867111308235621e+01 3.799999999999999906e-02
3.236625249497566159e+01 3.414319301490699132e+01 3.349055449011734709e+01 3.799999999999999906e-02
3.294154177781779680e+01 3.358262242668982367e+01 3.347583579549237953e+01 3.799999999999999906e-02
3.340288053547135405e+01 3.558091431409654604e+01 3.101620515043208925e+01 3.799999999999999906e-02
3.366113543795940188e+01 3.551356959158457727e+01 3.082529497045602795e+01 3.799999999999999906e-02
3.267058377716957551e+01 3.498952063169699755e+01 3.233989559113341272e+01 3.799999999999999906e-02
3.322782921498185260e+01 3.456038650614935648e+01 3.221178427886879803e+01 3.799999999999999906e-02
3.310763744589081625e+01 3.409063303263554445e+01 3.280172952147363219e+01 3.799999999999999906e-02
3.426417704289315225e+01 3.376033885887419217e+01 3.197548409823266979e+01 3.799999999999999906e-02
3.469083099731889064e+01 3.368846045304526626e+01 3.162070854963583244e+01 3.799999999999999906e-02
3.405525063323111823e+01 3.337553299902589288e+01 3.256921636774299600e+01 3.799999999999999906e-02
3.387673966826012162e+01 3.333535920387433293e+01 3.278790112786554545e+01 3.799999999999999906e-02
3.391827866576380757e+01 3.328308764646555318e+01 3.279863368777063215e+01 3.799999999999999906e-02
3.398659520653375665e+01 3.317421112579437192e+01 3.283919366767187853e+01 3.799999999999999906e-02
3.427987441593926832e+01 3.299072778588212884e+01 3.272939779817858863e+01 3.799999999999999906e-02
3.365099128115339511e+01 3.305142403209072910e+01 3.329758468675586869e+01 3.799999999999999906e-02
3.356582764463497170e+01 3.290935480422633930e+01 3.352481755113868189e+01 3.799999999999999906e-02
3.396457418995333200e+01 3.225932781108362235e+01 3.377609799896305276e+01 3.799999999999999906e-02
3.372634617414081504e+01 3.289990100899047576e+01 3.337375281686870920e+01 3.799999999999999906e-02
3.393540448615080862e+01 3.286312611705057662e+01 3.320146939679862186e+01 3.799999999999999906e-02
3.336314657251851656e+01 3.223470159556327985e+01 3.440215183191819648e+01 3.799999999999999906e-02
3.319358978169264418e+01 3.217257884381382382e+01 3.463383137449352489e+01 3.799999999999999906e-02
3.339986109181559470e+01 3.155430263735060947e+01 3.504583627083378872e+01 3.799999999999999906e-02
3.386728101591694440e+01 3.343623710740247645e+01 3.269648187668058625e+01 3.799999999999999906e-02
3.426900400685392611e+01 3.337639669251059615e+01 3.235459930063547063e+01 3.799999999999999906e-02
3.366269215906502410e+01 3.331375541256704054e+01 3.302355242836794247e+01 3.799999999999999906e-02
3.352290419251731635e+01 3.333650236005139789e+01 3.314059344743129287e+01 3.799999999999999906e-02
3.379431903766911205e+01 3.283598734582965761e+01 3.336969361650122323e+01 3.799999999999999906e-02
3.431896451439016715e+01 3.482901558168966005e+01 3.085201990392018701e+01 3.799999999999999906e-02
3.449868973134105943e+01 3.458625535382061145e+01 3.091505491483833268e+01 3.799999999999999906e-02
3.370094592110159937e+01 3.416788363559955854e+01 3.213117044329884919e+01 3.799999999999999906e-02
3.354688551556387921e+01 3.412866105528414096e+01 3.232445342915197273e+01 3.799999999999999906e-02
3.370892071897856113e+01 3.351303755332055090e+01 3.277804172770088087e+01 3.799999999999999906e-02
3.396989086909608346e+01 3.416898753831180358e+01 3.186112159259211296e+01 3.799999999999999906e-02
3.429724371226437540e+01 3.407022174410755611e+01 3.163253454362808270e+01 3.799999999999999906e-02
3.345729126385371188e+01 3.371539129077750374e+01 3.282731744536878438e+01 3.799999999999999906e-02
3.340419934156829385e+01 3.370927804711566722e+01 3.288652261131603183e+01 3.799999999999999906e-02
3.381980168035446610e+01 3.330418597521013879e+01 3.287601234443539511e+01 3.799999999999999906e-02
3.371537645938595773e+01 3.354443708152361125e+01 3.274018645909042391e+01 3.799999999999999906e-02
3.345842789379189242e+01 3.315838552470228962e+01 3.338318658150583218e+01 3.799999999999999906e-02
3.325357306621246067e+01 3.321439360442553834e+01 3.353203332936200098e+01 3.799999999999999906e-02
3.306394757559547060e+01 3.308350593959541186e+01 3.385254648480911044e+01 3.799999999999999906e-02
3.323247679616044792e+01 3.204025819805016795e+01 3.472726500578936282e+01 3.799999999999999906e-02
3.375717609585734635e+01 3.408071743224091676e+01 3.216210647190174399e+01 3.799999999999999906e-02
3.439135984474818741e+01 3.454083052169998780e+01 3.106780963355181768e+01 3.799999999999999906e-02
3.338552590484604821e+01 3.334971920943362989e+01 3.326475488572031480e+01 3.799999999999999906e-02
3.313051821265982966e+01 3.374092132210238049e+01 3.312856046523779696e+01 3.799999999999999906e-02
3.385351924060586981e+01 3.343145315284328944e+01 3.271502760655084074e+01 3.799999999999999906e-02
3.380735718796194078e+01 3.486631271848446545e+01 3.132633009355360088e+01 3.799999999999999906e-02
3.408661849212881378e+01 3.469614620397299376e+01 3.121723530389821022e+01 3.799999999999999906e-02
3.318889401646544002e+01 3.388810293828486664e+01 3.292300304524969334e+01 3.799999999999999906e-02
3.305603482350768019e+01 3.388039938445292876e+01 3.306356579203939816e+01 3.799999999999999906e-02
3.352258259313384059e+01 3.314726237641724538e+01 3.333015503044891403e+01 3.799999999999999906e-02
3.356171685025869778e+01 3.422785027173664218e+01 3.221043287800466715e+01 3.799999999999999906e-02
3.370577034939586270e+01 3.404808362134741628e+01 3.224614602925672813e+01 3.799999999999999906e-02
3.333302060880749451e+01 3.392309927401436909e+01 3.274388011717814351e+01 3.799999999999999906e-02
3.313108050079986100e+01 3.380875281911328756e+01 3.306016668008685855e+01 3.799999999999999906e-02
3.345019793561406374e+01 3.338149525152525143e+01 3.316830681286068483e+01 3.799999999999999906e-02
3.335758356270277858e+01 3.369247413076089970e+01 3.294994230653632883e+01 3.799999999999999906e-02
3.356501723494687184e+01 3.362504602188741387e+01 3.280993674316570718e+01 3.799999999999999906e-02
3.270180773073578706e+01 3.325076078227598941e+01 3.404743148698821642e+01 3.799999999999999906e-02
3.256888475235991365e+01 3.313050334341000536e+01 3.430061190423008100e+01 3.799999999999999906e-02
3.301843924535623387e+01 3.261966364595276247e+01 3.436189710869101077e+01 3.799999999999999906e-02
3.352020860036982697e+01 3.421019031288718537e+01 3.226960108674298056e+01 3.799999999999999906e-02
3.385244021850777330e+01 3.450345715504712985e+01 3.164410262644508975e+01 3.799999999999999906e-02
3.330502952097688762e+01 3.399413918169523185e+01 3.270083129732786631e+01 3.799999999999999906e-02
3.318260846891050164e+01 3.399573406112027385e+01 3.282165746996923161e+01 3.799999999999999906e-02
3.339455904896675520e+01 3.366968453666550687e+01 3.293575641436773793e+01 3.799999999999999906e-02
3.388993520142288673e+01 3.462303797326519117e+01 3.148702682531191499e+01 3.799999999999999906e-02
3.428097626697724820e+01 3.472775034341745481e+01 3.099127338960530409e+01 3.799999999999999906e-02
3.327315977799672453e+01 3.368761628909191330e+01 3.303922393291136217e+01 3.799999999999999906e-02
3.317621738855599745e+01 3.349181605942115425e+01 3.333196655202284120e+01 3.799999999999999906e-02
3.377209020547586960e+01 3.372163273301250541e+01 3.250627706151161078e+01 3.799999999999999906e-02
3.363099350345715521e+01 3.393800743810622578e+01 3.243099905843663322e+01 3.799999999999999906e-02
3.389151967791877240e+01 3.400402791588891915e+01 3.210445240619230844e+01 3.799999999999999906e-02
3.328939296317057028e+01 3.371228587340913663e+01 3.299832116342029309e+01 3.799999999999999906e-02
3.321023235991226841e+01 3.364038803917063092e+01 3.314937960091710067e+01 3.799999999999999906e-02
3.348874080266161712e+01 3.328983229444090597e+01 3.322142690289748401e+01 3.799999999999999906e-02
3.336089309339120490e+01 3.354446005784139118e+01 3.309464684876741103e+01 3.799999999999999906e-02
3.363928462268971487e+01 3.341748602788374711e+01 3.294322934942655223e+01 3.799999999999999906e-02
3.280923529162300412e+01 3.302470385270935793e+01 3.416606085566765216e+01 3.799999999999999906e-02
3.261001638268804470e+01 3.283113684466569282e+01 3.455884677264625537e+01 3.799999999999999906e-02
3.311230948122264550e+01 3.239997810349701979e+01 3.448771241528034182e+01 3.799999999999999906e-02
3.357848810519260496e+01 3.432911066563617908e+01 3.209240122917120885e+01 3.799999999999999906e-02
3.371888227897815682e+01 3.410538292239303360e+01 3.217573479862881669e+01 3.799999999999999906e-02
3.332687217790858369e+01 3.396184160570134480e+01 3.271128621639006440e+01 3.799999999999999906e-02
3.325656586147425031e+01 3.390519431525489580e+01 3.283823982327084678e+01 3.799999999999999906e-02
3.348274656997092791e+01 3.347781756638500639e+01 3.303943586364407992e+01 3.799999999999999906e-02
