6.529021787149499545e+00 8.254636531055727744e+01 1.092461290229321413e+01 7.163492526507886371e-02
9.511265075960935178e+00 8.028407831578773823e+01 1.020465660825131415e+01 6.855403773739610074e-02
8.715744404863151829e+00 7.985514997490243161e+01 1.142910562023442189e+01 6.939120119493755179e-02
9.177030038791601285e+00 7.941309016353436334e+01 1.140987979767404426e+01 6.839929591045543211e-02
1.025575322415595814e+01 7.971064870586755546e+01 1.003359806997648285e+01 6.636215759033362027e-02
7.178406251477851718e+00 8.119883845545156476e+01 1.162275529307058619e+01 7.120756087677967971e-02
9.397332697334235263e+00 7.967804708189845542e+01 1.092462022076732531e+01 6.811248607780857889e-02
8.542288136552924627e+00 7.929055621009804611e+01 1.216715565334902394e+01 6.897003404478060928e-02
9.283924333370460857e+00 7.824816792177007585e+01 1.246790774485945441e+01 6.794912248458737092e-02
1.020052097140495739e+01 7.901204288305184775e+01 1.078743614554320551e+01 6.595221076942467398e-02
7.067395153312023837e+00 8.034162808614082962e+01 1.259097676054713766e+01 7.098338569182124913e-02
9.248587687776195665e+00 7.897335818205020530e+01 1.177805413017361857e+01 6.792369772433130837e-02
8.447190397116608906e+00 7.850219683601524423e+01 1.305061276686814686e+01 6.870980841148430218e-02
9.239085225828299386e+00 7.728422917841825779e+01 1.347668559575343750e+01 6.766969079802959142e-02
1.003857741197440134e+01 7.829450966325381955e+01 1.166691292477177377e+01 6.570411019713756628e-02
6.954382587451349629e+00 8.163075220122647124e+01 1.141486521132218002e+01 7.143564799823805267e-02
9.377013852951115780e+00 8.000803319884595055e+01 1.061495294820293722e+01 6.840353951330840898e-02
8.345187949913608350e+00 8.007602763901775234e+01 1.157878441106862688e+01 6.920839857825203389e-02
9.104582143433884056e+00 7.877485343955375185e+01 1.212056441701235698e+01 6.814803806840362410e-02
1.000847867115872525e+01 7.952447220930504557e+01 1.046704911953623451e+01 6.616028841261127613e-02
8.638495175283283700e+00 7.863218338538453622e+01 1.272932143933219784e+01 7.214318056070387342e-02
1.131317189293126901e+01 7.689301280744788869e+01 1.179381529962084230e+01 6.966987423705518767e-02
1.017015520902861780e+01 7.665109627048114760e+01 1.317874852049022927e+01 6.952899007587833025e-02
1.084102705192933946e+01 7.581571541379967982e+01 1.334325753427098071e+01 6.868144031632292257e-02
1.201421132308608364e+01 7.633721062106801014e+01 1.164857805584591155e+01 6.672940412662520249e-02
8.648652959094803805e+00 7.779458062378115812e+01 1.355676641712405228e+01 7.166219172479273980e-02
1.085173850626068237e+01 7.674824683191765473e+01 1.240001466182165757e+01 6.916640906687866741e-02
1.001154735089069625e+01 7.594362319123638372e+01 1.404482945787291825e+01 6.903905235305909938e-02
1.071459107676169786e+01 7.517130237707894480e+01 1.411410654615935023e+01 6.816032217041079200e-02
1.169846401167739991e+01 7.586969709306910659e+01 1.243183889525348640e+01 6.625227440600531259e-02
8.302784843284936045e+00 7.719898655725043568e+01 1.449822859946462117e+01 7.142254128604567931e-02
1.074515802446815371e+01 7.570454433857149468e+01 1.355029763696034628e+01 6.896384296824553672e-02
9.839841950578861685e+00 7.506625374843430620e+01 1.509390430098684632e+01 6.876549174436191736e-02
1.047987190019536818e+01 7.434941245604116489e+01 1.517071564376347048e+01 6.786523951221180850e-02
1.155694584625087806e+01 7.507849824101698744e+01 1.336455591273212562e+01 6.598583554337424106e-02
8.440212493306749053e+00 7.869269932995148054e+01 1.286708817674177752e+01 7.195741827928356371e-02
1.115206996894496427e+01 7.659518723707779486e+01 1.225274279397723909e+01 6.952140727479884375e-02
9.961246920834694762e+00 7.636930895310179324e+01 1.366944412606352088e+01 6.934898802270156315e-02
1.063249092843596344e+01 7.547844068792548455e+01 1.388906838363855734e+01 6.842689926305529913e-02
1.156401787045387053e+01 7.636628836899613759e+01 1.206969376054999188e+01 6.651938148342322055e-02
8.037169023544418422e+00 8.037979961225227044e+01 1.158303136420331825e+01 7.009965416019739437e-02
1.103549112012380640e+01 7.825222126465628492e+01 1.071228761521989448e+01 6.756403225290427694e-02
9.553934667530619151e+00 7.835723322274392899e+01 1.208883210972546252e+01 6.753019028654731748e-02
1.006356623590263766e+01 7.810657538691575041e+01 1.182985837718160660e+01 6.689586866346108884e-02
1.167265481225393664e+01 7.771152650968687681e+01 1.061581867805917945e+01 6.476735581735855452e-02
7.628774030656373384e+00 8.091535411654238885e+01 1.145587185280124309e+01 6.962119857990925476e-02
1.044734728335520124e+01 7.844730838797600825e+01 1.110534432866878873e+01 6.707281011116297820e-02
9.781368851322765678e+00 7.739284800462263547e+01 1.282578314405459174e+01 6.704876294109081425e-02
1.022338549642591765e+01 7.662266124730207650e+01 1.315395325627199696e+01 6.638323345723352864e-02
1.143239641436029252e+01 7.723291956255448554e+01 1.133468402308522727e+01 6.430239448695689031e-02
8.086393342776140969e+00 7.901816052503099286e+01 1.289544613219287683e+01 6.940600769416813143e-02
1.056112439598866892e+01 7.722784580083055062e+01 1.221102980318078579e+01 6.689089223438697551e-02
9.587045511771737694e+00 7.658159658956635951e+01 1.383135789866189924e+01 6.679685629656996471e-02
9.868803809549710593e+00 7.580105515766382496e+01 1.433014103278647333e+01 6.611069922600837367e-02
1.113734217815188998e+01 7.674656957852737094e+01 1.211608824332074263e+01 6.405802382743554235e-02
8.502755444623275594e+00 7.945145874157053356e+01 1.204578581380618907e+01 6.991812495455615450e-02
1.090747253654872395e+01 7.793526926383911757e+01 1.115725819961215315e+01 6.742505536382228937e-02
9.370153141044244904e+00 7.813929435131355206e+01 1.249055250764221014e+01 6.735968092757811665e-02
1.008735085143554144e+01 7.697971124415148836e+01 1.293293790441296665e+01 6.665369684142762041e-02
1.153572878407031865e+01 7.739671112533574160e+01 1.106756009059393620e+01 6.457321445164317109e-02
7.153423101361781278e+00 8.140022380402372448e+01 1.144635309461448713e+01 7.128072581129366037e-02
9.589982183194059928e+00 7.954260252042014656e+01 1.086741529638579351e+01 6.899728122284339016e-02
8.514615030886510283e+00 7.917184002055829239e+01 1.231354494855520265e+01 6.863124183375587939e-02
9.323851068026874245e+00 7.801342297867935827e+01 1.266272595329377104e+01 6.793472897318664216e-02
1.026018854666278024e+01 7.890032713445847889e+01 1.083948431887874086e+01 6.556983406325181396e-02
6.864469098594856433e+00 8.053878966700378328e+01 1.259674123440135318e+01 7.080811659641292333e-02
9.180144787425369657e+00 7.951100691159680878e+01 1.130884830097783400e+01 6.850654836455723207e-02
8.405886527194656566e+00 7.858825750978148506e+01 1.300585596302386016e+01 6.815320688037813934e-02
9.465418380711710711e+00 7.706403304764013740e+01 1.347054857164814656e+01 6.742387410780067980e-02
1.014249184484839894e+01 7.824964923659406679e+01 1.160785891855753249e+01 6.510263998825255305e-02
7.090601306836883388e+00 7.935968708611582656e+01 1.354971160704728739e+01 7.057897426725015522e-02
9.503187524671538711e+00 7.789438791475809865e+01 1.260242456057036087e+01 6.831062031973283988e-02
8.209955986505038439e+00 7.775817954387339626e+01 1.403186446962155642e+01 6.788630499645455230e-02
9.295208511984546007e+00 7.620979629887953877e+01 1.449499518913591167e+01 6.713580481371224373e-02
9.979955680817864661e+00 7.748399145288856005e+01 1.253605286629358062e+01 6.484291380660416049e-02
6.744518951303767551e+00 8.105000570556748585e+01 1.220547534312875371e+01 7.110448274738367935e-02
9.502666687029433845e+00 7.922020552370771895e+01 1.127712778926284187e+01 6.885897120620941558e-02
8.211971579173980018e+00 7.902046459622305008e+01 1.276756382460296635e+01 6.846201088167444548e-02
9.126755482554800736e+00 7.770178250350583937e+01 1.317146201393936522e+01 6.769321117092676199e-02
1.010717767961482316e+01 7.859226931345357059e+01 1.130055300693161691e+01 6.537507485968911680e-02
7.188151510900877561e+00 8.100968922810550055e+01 1.180215926099361745e+01 6.854311655717490459e-02
9.931854987479891150e+00 7.877943230027523214e+01 1.128871271224488559e+01 6.630698842858592790e-02
8.252063838969545984e+00 7.928044041989949164e+01 1.246749574113094994e+01 6.615215915163367988e-02
9.381914462972213542e+00 7.786709797179219095e+01 1.275098756523559551e+01 6.536473762432228052e-02
1.055910993354217098e+01 7.823122528499645512e+01 1.120966478146135969e+01 6.362122535185220362e-02
6.899022942954716520e+00 8.042969608857133323e+01 1.267128096847394580e+01 6.803149376326601827e-02
9.775988016761328225e+00 7.814138939521852478e+01 1.208262258802016298e+01 6.577846031560864726e-02
8.131455423223027168e+00 7.859969910497831336e+01 1.326884547179865592e+01 6.563679393764118575e-02
9.385532255629435383e+00 7.713375986970784481e+01 1.348070787466272513e+01 6.481266222872933414e-02
1.043777580557749296e+01 7.757162787821002325e+01 1.199059631621249267e+01 6.311806710588871439e-02
6.571648596279351828e+00 8.045031431171938152e+01 1.297803709200126576e+01 6.781516156172257004e-02
9.699131799364993256e+00 7.729833643308343483e+01 1.300253176755157547e+01 6.559418544340453461e-02
8.095000928669584539e+00 7.737067809438158861e+01 1.453432097694882508e+01 6.538506982296682368e-02
9.143926568000116717e+00 7.656455411780378029e+01 1.429151931419610300e+01 6.453817191722466262e-02
1.006190018322726054e+01 7.711701085274081890e+01 1.282108896403192055e+01 6.287002895406858249e-02
7.347435517982687792e+00 8.003855877638038407e+01 1.261400570563692369e+01 6.835958699375291325e-02
9.817931014694842418e+00 7.846091214194562724e+01 1.172115684335953034e+01 6.616696072654597305e-02
7.735351832254838023e+00 7.972700017783000703e+01 1.253764798991514695e+01 6.598232615940487211e-02
9.278541918070253303e+00 7.764823026461579047e+01 1.307322781731395800e+01 6.511359799062063636e-02
1.038362049540318743e+01 7.794964961189030817e+01 1.166672989270650440e+01 6.342358420489754844e-02
7.834501116015474054e+00 8.131622121576633333e+01 1.084927766821819439e+01 7.161985111077856514e-02
9.751034258078524530e+00 8.010353137938560053e+01 1.014543436253586428e+01 6.869002997030729252e-02
9.108026689303741819e+00 7.969686959026542183e+01 1.119510372043083457e+01 6.940190599235628033e-02
9.953656548969087581e+00 7.844907436054656102e+01 1.159726909048434784e+01 6.841218911757976362e-02
1.015088662837357347e+01 8.002623624682061632e+01 9.822877124805813764e+00 6.647331011786573873e-02
7.387886491993995719e+00 8.110432559507979988e+01 1.150778791292621506e+01 7.121089974534347555e-02
9.662545859989231545e+00 7.948988157363088192e+01 1.084757256637987410e+01 6.824978420993935146e-02
8.806257417643440277e+00 7.932873839135181981e+01 1.186500419100473458e+01 6.898167611172360825e-02
9.819284556795471630e+00 7.785230093847383159e+01 1.232841450473069322e+01 6.796425182722980185e-02
1.049242524138860055e+01 7.888686109486731368e+01 1.062071366374409287e+01 6.606443495987956993e-02
7.220247428852990978e+00 8.022587109882074685e+01 1.255388147232625329e+01 7.098494978121899779e-02
9.218052394722619169e+00 7.931422972630211632e+01 1.146771787897527339e+01 6.805756508331350929e-02
8.849981493435878477e+00 7.822558947254664474e+01 1.292442903401747323e+01 6.872004049530845704e-02
9.756859292240287473e+00 7.689948445518923847e+01 1.334365625257047583e+01 6.767959812690609034e-02
1.027688722893176809e+01 7.817618604150608519e+01 1.154692672956214317e+01 6.581378643478610901e-02
7.322502889052278974e+00 8.132185895976465417e+01 1.135563815118307573e+01 7.143562022978526549e-02
9.658754815844893926e+00 7.981923524560299654e+01 1.052200993855209354e+01 6.853491827493515820e-02
8.982299635549297889e+00 7.930845246949223792e+01 1.170924789495847484e+01 6.921562489872613855e-02
9.828160710981366677e+00 7.806534462795563911e+01 1.210649466106297822e+01 6.815781891231154077e-02
1.013000422604470607e+01 7.947668348386349635e+01 1.039331229009179047e+01 6.626783967976636325e-02
9.203806713205834100e+00 7.820560301195632746e+01 1.259059027483784376e+01 7.219189730311560693e-02
1.095865692114427326e+01 7.767286005976633589e+01 1.136848301908938197e+01 6.986501429185341949e-02
1.040208395539895214e+01 7.666459413512346543e+01 1.293332190947758242e+01 6.959712302059592459e-02
1.162838487687885625e+01 7.500988052074620782e+01 1.336173460237493060e+01 6.875338397048237626e-02
1.164551866618181286e+01 7.708354787900458405e+01 1.127093345481362441e+01 6.690309891366745532e-02
8.618216899774619577e+00 7.820489877444072135e+01 1.317688432578465552e+01 7.171279202128127972e-02
1.095881916698348668e+01 7.656127986766823312e+01 1.247990096534826954e+01 6.936884935205230029e-02
1.019985265475235359e+01 7.608293242391803801e+01 1.371721492132962084e+01 6.911022467231354993e-02
1.141005479571823678e+01 7.433090707039403355e+01 1.425903813388771724e+01 6.823560480149482022e-02
1.161910911229284693e+01 7.621873613026212979e+01 1.216215475744501617e+01 6.643064692909791957e-02
8.719001939788052269e+00 7.680188718896955891e+01 1.447911087124239238e+01 7.147202107018130190e-02
1.115873077188059170e+01 7.534542857917098502e+01 1.349584064894843394e+01 6.916102999292585152e-02
9.868497701960972535e+00 7.553994002627963766e+01 1.459156227175937737e+01 6.883114017433362986e-02
1.122775975329650322e+01 7.344250836783920988e+01 1.532973187886429223e+01 6.793538527342325717e-02
1.162927974583335100e+01 7.513390747488817567e+01 1.323681277927847688e+01 6.615953705659596840e-02
9.005227382492684285e+00 7.789235372726612638e+01 1.310241889024118933e+01 7.200392530103004451e-02
1.129391005770470002e+01 7.655045357207788470e+01 1.215563637021741172e+01 6.971173528443455614e-02
1.004202216305586148e+01 7.657464906715340192e+01 1.338332876979072417e+01 6.941341901142898674e-02
1.117711083958870866e+01 7.500127782748272409e+01 1.382161133292856903e+01 6.849533949551235568e-02
1.172583116981353513e+01 7.635907511391856417e+01 1.191509371626788294e+01 6.669262664259320572e-02
8.774256620256851491e+00 7.978875092218292764e+01 1.143699245756022087e+01 7.017822765153093612e-02
1.086906919576808761e+01 7.859771010103416700e+01 1.053322070319775250e+01 6.780515998718575355e-02
1.002369717719334297e+01 7.832534864629997173e+01 1.165095417650669418e+01 6.763203805596790241e-02
1.117774227170887791e+01 7.659421618854563008e+01 1.222804153974549912e+01 6.700478107781236703e-02
1.202515540959345053e+01 7.743468151423790857e+01 1.054016307616863912e+01 6.498956778490047603e-02
8.586994263007973416e+00 7.932951270941497057e+01 1.208349302757705068e+01 6.970193446616261557e-02
1.097352169380312503e+01 7.756510334471671797e+01 1.146137496148015877e+01 6.731813629401395271e-02
9.907316948765361175e+00 7.764279395615150747e+01 1.244988909508311714e+01 6.715243412486492092e-02
1.103962847317013996e+01 7.586663307696757386e+01 1.309373844986229685e+01 6.649540621456577483e-02
1.176168422571741878e+01 7.701986146475927342e+01 1.121845430952331313e+01 6.452798340979193359e-02
8.344971485106460918e+00 7.851524156536127919e+01 1.313978694953225101e+01 6.948274876692028812e-02
1.047759428180850172e+01 7.726985948267825677e+01 1.225254623551323974e+01 6.713051732351452139e-02
9.757102526815380372e+00 7.666150922363324582e+01 1.358138824955137203e+01 6.689440487487154086e-02
1.060427919475785430e+01 7.543467523731843016e+01 1.396104556792371731e+01 6.621828046411488977e-02
1.163467490614096889e+01 7.616200351614421038e+01 1.220332157771481718e+01 6.427859744024647104e-02
8.788549163829735278e+00 7.924152228087628203e+01 1.196992855529396849e+01 6.999326597800277494e-02
1.105901278891259487e+01 7.786664954372275815e+01 1.107433766736464698e+01 6.766159608066708853e-02
9.805167436301285733e+00 7.794301377272431353e+01 1.225181879097439541e+01 6.745643709722294601e-02
1.095617236751522228e+01 7.634085789068264205e+01 1.270296974180214633e+01 6.675697001321269364e-02
1.166346439535260160e+01 7.745528027673277904e+01 1.088125532791461758e+01 6.478986229192716662e-02
7.379845985849524226e+00 8.122800745498444996e+01 1.139214655916603469e+01 7.135268893295976245e-02
9.721171776947658216e+00 7.947950015059119266e+01 1.079932807246113668e+01 6.920803911497394600e-02
8.674541649080314443e+00 7.917226033491193959e+01 1.215319801600774063e+01 6.872586162027352619e-02
9.898148846732659933e+00 7.757442038287369712e+01 1.252743077039364294e+01 6.803747592745099104e-02
1.043283835401241433e+01 7.880497163633567936e+01 1.076219000965191164e+01 6.577042981979464020e-02
6.965329805855585477e+00 8.089409760684429784e+01 1.214057258730012201e+01 7.088221000254320281e-02
9.708355349796647715e+00 7.862555143078061803e+01 1.166609321942273603e+01 6.872206904827139751e-02
8.471247255761818806e+00 7.852053414673369502e+01 1.300821859750448617e+01 6.824954333040612886e-02
9.758011102878638710e+00 7.687710947806618833e+01 1.336487941905517829e+01 6.753098844926334887e-02
1.027365871134244735e+01 7.818784138868318223e+01 1.153849989997436687e+01 6.530693446212169906e-02
7.108923075464163688e+00 7.949447412742482300e+01 1.339660279711100621e+01 7.064967915112398134e-02
9.616619715322425321e+00 7.781835919495152609e+01 1.256502108972604503e+01 6.852200142505184000e-02
8.362389748067100115e+00 7.758134274196159197e+01 1.405626750997129726e+01 6.797778464969539414e-02
9.621928339216429649e+00 7.599891302333698206e+01 1.437915863744658829e+01 6.723672371383160318e-02
1.015567565814290241e+01 7.737786405721175242e+01 1.246646028464534339e+01 6.504271514577426860e-02
7.319299414108250801e+00 8.057157818202955468e+01 1.210912240386219807e+01 7.117356877088608369e-02
9.398204684971283029e+00 7.948224665792979238e+01 1.111954865709892104e+01 6.906720431163856921e-02
8.551549347430894343e+00 7.881337381888965865e+01 1.263507683367946655e+01 6.855257698119231191e-02
9.727864497441110814e+00 7.722427155067306614e+01 1.304786395188582304e+01 6.779136782102039571e-02
1.028391984465017295e+01 7.849568794855952092e+01 1.122039220679030258e+01 6.557142653955655431e-02
7.358563440817562196e+00 8.090851146711372621e+01 1.173292509206871692e+01 6.864232173204112830e-02
9.974544636477043369e+00 7.879120471028092254e+01 1.123425065324202521e+01 6.656495039486537424e-02
8.868353279589182847e+00 7.860376529160367909e+01 1.252788142880715050e+01 6.627930089092126664e-02
1.003376548340699692e+01 7.708985635832439698e+01 1.287637815826861853e+01 6.549816606686188758e-02
1.071363378497704311e+01 7.814267027836324075e+01 1.114369593665973035e+01 6.386236995777488934e-02
7.513841047573558640e+00 7.958775757693412345e+01 1.289840137549232679e+01 6.813010719869465326e-02
9.809524794693777139e+00 7.814860188915046990e+01 1.204187331615574763e+01 6.603655178060746644e-02
8.785897911371092661e+00 7.786683612074270400e+01 1.334726596788619446e+01 6.576296466161357657e-02
9.794952133630978608e+00 7.665173549189654523e+01 1.355331237447247261e+01 6.495018377178672642e-02
1.058739831240020379e+01 7.748079905666025979e+01 1.193180263093955240e+01 6.336111907394069431e-02
7.061710602061462616e+00 7.974346805146498696e+01 1.319482134647355309e+01 6.791258460708073097e-02
9.751425138835660533e+00 7.729544035803445468e+01 1.295313450312989190e+01 6.585128335699648450e-02
8.704246416901655792e+00 7.702559579845897986e+01 1.427015778463937679e+01 6.550525455919541107e-02
9.568117172631001921e+00 7.579717469993647683e+01 1.463470812743250704e+01 6.467195571235542784e-02
1.032365030678203688e+01 7.687146251223558124e+01 1.280488718098237300e+01 6.310879226680890519e-02
7.511539264170762564e+00 7.996031428338801561e+01 1.252814645244121827e+01 6.845571408125414314e-02
9.909709542604030474e+00 7.841258633725267657e+01 1.167770412014329828e+01 6.641774542797927727e-02
8.768000769178131648e+00 7.825390368538285202e+01 1.297809554543900745e+01 6.610110718987835532e-02
9.781147583506866638e+00 7.695664144265468565e+01 1.326221097383844594e+01 6.524463041262740237e-02
1.060860301153445384e+01 7.778340649445331678e+01 1.160799049401223293e+01 6.365492707255447635e-02
8.886877893995730915e+00 8.015727097320208827e+01 1.095585113280217548e+01 7.156562412296084419e-02
1.066945914146175767e+01 7.909551219743003969e+01 1.023502866110820975e+01 6.863567326669507696e-02
1.027402824985585106e+01 7.831213150147050328e+01 1.141384024867364566e+01 6.936767257228423911e-02
1.097130546115654681e+01 7.751442425914319756e+01 1.151427027970023964e+01 6.834586612303579500e-02
1.188761687966699654e+01 7.795901826289724568e+01 1.015336485743576311e+01 6.644158439769039248e-02
8.710986342035949903e+00 7.961316512453876726e+01 1.167584853342527929e+01 7.115137874580798605e-02
1.048550931521814711e+01 7.853691881186952628e+01 1.097757187291231773e+01 6.818901236868891991e-02
9.961002672508815436e+00 7.806761939001214046e+01 1.197137793747905121e+01 6.894319182624848719e-02
1.084825580976353621e+01 7.672093689999471167e+01 1.243080729024174502e+01 6.789384364365183555e-02
1.177245259434518942e+01 7.738363644129265140e+01 1.084391096436216806e+01 6.603098990803595025e-02
8.554444088295467097e+00 7.885885641701682403e+01 1.258669949468771776e+01 7.092590370979705294e-02
1.057233972193825977e+01 7.762954256838391132e+01 1.179811770967783069e+01 6.799441102026053396e-02
9.938363427535801264e+00 7.700901586330572002e+01 1.305262070915849115e+01 6.867687263739857828e-02
1.077860096388616817e+01 7.585199766356969064e+01 1.336940137254413585e+01 6.760653091647682300e-02
1.158322778541332987e+01 7.669773461974854456e+01 1.171903759483811669e+01 6.577451323984709330e-02
8.657524328472863573e+00 7.994575959486640215e+01 1.139671607666073072e+01 7.137808541026363640e-02
1.057677296526179234e+01 7.881534522462241910e+01 1.060788181011579212e+01 6.847686092890388487e-02
9.866092308152854429e+00 7.823815866592985913e+01 1.189574902591727756e+01 6.917709264398895497e-02
1.087698169936432713e+01 7.690305399541132658e+01 1.221996430522436228e+01 6.808663855605703863e-02
1.169423444661404687e+01 7.771800729198923818e+01 1.058775826139672205e+01 6.622810605812504137e-02
1.041383366560315160e+01 7.693833050771000615e+01 1.264783582668683870e+01 7.212041978895726568e-02
1.289456373948422119e+01 7.529042418643309986e+01 1.181501207408268606e+01 6.979160833567525646e-02
1.183115083212439878e+01 7.503894808205136258e+01 1.312990108582423332e+01 6.954901304773361548e-02
1.300554699710552953e+01 7.355845089101843826e+01 1.343600211187603044e+01 6.867066534345962758e-02
1.376165988984026534e+01 7.453843563953806495e+01 1.169990447062166616e+01 6.685389169069749782e-02
1.015380249549600578e+01 7.634552306376944841e+01 1.350067444073454759e+01 7.163863374317480659e-02
1.273578416123529600e+01 7.461429686380932935e+01 1.264991897495536577e+01 6.928205184823030272e-02
1.166919197642564221e+01 7.433135683176878672e+01 1.399945119180556219e+01 6.905582706808927052e-02
1.282051266578404025e+01 7.286017005999178764e+01 1.431931727422417211e+01 6.814705008557003785e-02
1.356830338466006758e+01 7.393118789800060142e+01 1.250050871733933811e+01 6.637505122755987808e-02
1.003507588211312296e+01 7.549115794216450581e+01 1.447376617572238189e+01 7.139177445037384051e-02
1.227202730039828715e+01 7.430228076114902080e+01 1.342569193845270092e+01 6.907424465448548656e-02
1.143355164905297450e+01 7.353789558622089828e+01 1.502855276472613255e+01 6.877552010790825843e-02
1.261318926083837688e+01 7.200403158570382800e+01 1.538277915345779867e+01 6.784329035680064512e-02
1.334235625765281164e+01 7.318264290662723681e+01 1.347500083571994978e+01 6.610058053574681403e-02
1.023344093840547941e+01 7.662068250688940907e+01 1.314587655470510619e+01 7.192815994704679361e-02
1.273296672808590024e+01 7.499628873355604242e+01 1.227074453835805379e+01 6.963062431946193120e-02
1.163239181129407562e+01 7.473278079788956063e+01 1.363482739081637085e+01 6.936137251239846147e-02
1.275263669197281580e+01 7.326201574867708644e+01 1.398534755935010665e+01 6.840843895774587069e-02
1.356480482647166497e+01 7.425694981604668499e+01 1.217824535748165893e+01 6.663803860051369099e-02
1.003241007602985491e+01 7.840201725531994725e+01 1.156557266865019784e+01 7.011436950261029644e-02
1.252460909210949325e+01 7.670459006844285454e+01 1.077080083944764866e+01 6.773892805222894720e-02
1.147006293586039938e+01 7.647205825160492054e+01 1.205787881253467653e+01 6.759361143967335117e-02
1.265162583442987909e+01 7.499026111790205107e+01 1.235811304766805918e+01 6.692977338819115773e-02
1.334116277180439880e+01 7.596525200833593772e+01 1.069358521985966348e+01 6.495393339113818276e-02
9.922976311616055867e+00 7.771089584795292637e+01 1.236612784043101954e+01 6.963528757250669887e-02
1.233894678295005143e+01 7.609432580709584215e+01 1.156672740995411708e+01 6.724375831215090304e-02
1.135367634116172653e+01 7.578339950773010969e+01 1.286292415110817267e+01 6.710748664991765533e-02
1.248807334097257460e+01 7.432218936023667766e+01 1.318973729879075663e+01 6.641399601069629399e-02
1.316696764504008499e+01 7.538509027212658964e+01 1.144794208283333603e+01 6.448436380391925349e-02
9.765468906661032733e+00 7.693067420351192709e+01 1.330385688982704551e+01 6.941269271795928730e-02
1.214811113070575033e+01 7.538854831379198629e+01 1.246334055550226338e+01 6.705209780273102549e-02
1.113955464831109410e+01 7.502292000023660989e+01 1.383752535145229601e+01 6.684917322316641375e-02
1.224884679920474895e+01 7.360033224698075571e+01 1.415082095381449001e+01 6.613227338607521877e-02
1.295537526408809548e+01 7.470383017970371498e+01 1.234079455620818955e+01 6.423280499517766695e-02
9.935598709852257571e+00 7.803092103566822857e+01 1.203348025447951741e+01 6.992632115719181474e-02
1.234177867598249634e+01 7.644395865688272806e+01 1.121426266713477204e+01 6.759269885748865614e-02
1.131669987948291656e+01 7.616072277950642899e+01 1.252257734101065445e+01 6.741350056653226674e-02
1.244890937467550884e+01 7.468266362669271530e+01 1.286842699863177053e+01 6.667609399335401588e-02
1.316351806993311158e+01 7.570134519571000453e+01 1.113513673435687146e+01 6.474788726551093665e-02
8.587385810796826391e+00 7.964933081626276135e+01 1.176328337294042292e+01 7.128876580640461369e-02
1.097514349393889788e+01 7.805232205731766726e+01 1.097253444874342776e+01 6.913314191897845795e-02
9.962647170278327025e+00 7.775853188716396858e+01 1.227882094255771150e+01 6.867979302461503510e-02
1.115202394957365506e+01 7.625783504797044543e+01 1.259014100245590306e+01 6.795741982745200083e-02
1.167673324351972575e+01 7.743217783226694451e+01 1.089108892421332087e+01 6.572467466748196929e-02
8.476644999086603960e+00 7.895958158628640433e+01 1.256377341462699171e+01 7.081212261222137594e-02
1.058407854589829711e+01 7.794077214074728488e+01 1.147514931335441624e+01 6.863889002531835259e-02
9.846709041083807179e+00 7.706852096612560388e+01 1.308476999279059783e+01 6.819879446943333257e-02
1.102408154564956888e+01 7.554921961647288242e+01 1.342669883787754515e+01 6.744456920731967120e-02
1.153953102982396217e+01 7.680704202771875089e+01 1.165342694245728161e+01 6.525491710649661270e-02
8.342332147368423989e+00 7.813636383180487144e+01 1.352130402082670990e+01 7.057796316777649459e-02
1.082903179610454103e+01 7.651922377879921555e+01 1.265174442509624697e+01 6.843699600322211696e-02
9.458672869369214808e+00 7.653856641379884707e+01 1.400276071683192036e+01 6.792443023573234429e-02
1.083706773118904110e+01 7.473834665813174638e+01 1.442458561067921075e+01 6.714806731546868468e-02
1.131018561162353464e+01 7.611032321305135895e+01 1.257949117532509753e+01 6.499006000703989872e-02
8.470773474016594307e+00 7.930134617061982283e+01 1.222788035536359708e+01 7.110535960711783510e-02
1.078220863189240930e+01 7.779896967430742905e+01 1.141882169380015810e+01 6.898676952877652591e-02
9.809485431473689232e+00 7.744102608865107129e+01 1.274948847987523770e+01 6.850223601068616830e-02
1.097046554353156012e+01 7.592329687473689148e+01 1.310623758173155373e+01 6.770692235922767810e-02
1.149325682141834370e+01 7.715988594529362388e+01 1.134685723328802887e+01 6.552142075517730646e-02
8.560997647323487669e+00 7.930371103743063088e+01 1.213529131524588145e+01 6.859193284354286879e-02
1.117409610629853312e+01 7.746701014606226465e+01 1.135889374763918802e+01 6.651049490382028584e-02
1.005693265660156399e+01 7.730135599065533825e+01 1.264171135274309421e+01 6.624871384200538282e-02
1.122392872500944527e+01 7.582024950283050657e+01 1.295582177216005526e+01 6.543846462247285278e-02
1.187795729499321773e+01 7.684959801070162655e+01 1.127244469430516816e+01 6.383963941680532994e-02
8.486059840362653262e+00 7.856136364711879594e+01 1.295257651251854547e+01 6.807667553145040074e-02
1.104138943994256294e+01 7.680210456940875474e+01 1.215650599064867521e+01 6.597420822510845217e-02
9.934442675979351378e+00 7.659843171468831713e+01 1.346712560933232794e+01 6.573062222257550213e-02
1.112477851061075995e+01 7.507822606488920769e+01 1.379699542450003946e+01 6.488397709432172644e-02
1.172817270695957959e+01 7.622080961602239313e+01 1.205101767701803261e+01 6.333296640376752384e-02
8.371983040751155514e+00 7.771099651569646483e+01 1.391702044355236545e+01 6.785665721980627119e-02
1.091802624624700613e+01 7.603309346479183262e+01 1.304888028896117902e+01 6.578776694943483383e-02
9.816708371664024213e+00 7.572571025952638024e+01 1.445758136880959199e+01 6.547111787390853810e-02
1.096194862056069752e+01 7.422258398136074220e+01 1.481546739807855495e+01 6.460302725105891708e-02
1.161556270474111230e+01 7.540192139616226541e+01 1.298251589909661874e+01 6.307583121519448610e-02
8.509404254960351466e+00 7.887756503730108193e+01 1.261303070773855595e+01 6.840247656642005347e-02
1.105566910642773770e+01 7.715828307179437218e+01 1.178604782177789367e+01 6.636117550481393512e-02
9.891997468604223798e+00 7.702359512672690300e+01 1.308440740466886787e+01 6.607012553006380573e-02
1.102704020912091387e+01 7.550187226874528790e+01 1.347108752213380001e+01 6.518144252993612886e-02
1.171856562313239181e+01 7.654893259336661515e+01 1.173250178350098416e+01 6.362956402061648031e-02
8.553376739401532092e+00 8.049677714864009204e+01 1.094984611195838475e+01 7.153519775363695321e-02
1.019946877638585292e+01 7.968364300884455531e+01 1.011688821476959532e+01 6.858941166956862567e-02
9.379905695182673142e+00 7.923228176530609801e+01 1.138781253951122174e+01 6.925776433334418503e-02
1.078719030372654686e+01 7.750800413725774263e+01 1.170480555901570696e+01 6.828759926050230467e-02
1.146514222596001353e+01 7.840083377427006894e+01 1.013402399976989798e+01 6.636526076032925325e-02
8.267767200124682248e+00 8.007787064000305577e+01 1.165436215987227619e+01 7.112412058678990734e-02
1.038418135458250546e+01 7.866041296509762049e+01 1.095540568031988293e+01 6.814881777701915777e-02
9.377046934803990652e+00 7.849812589888483672e+01 1.212482716631116197e+01 6.883669306911219254e-02
1.070780027209170449e+01 7.681411510970698941e+01 1.247808461820132031e+01 6.783799084091450549e-02
1.112697499052955585e+01 7.816059532420763389e+01 1.071242968526281913e+01 6.595480094820851957e-02
8.075966838607248732e+00 7.955359206812143213e+01 1.237044109327132801e+01 7.089919308830321121e-02
1.023423377142392177e+01 7.796537279419263200e+01 1.180039343438343202e+01 6.795799704545064934e-02
9.765200035459717043e+00 7.716715844066470709e+01 1.306764152387558120e+01 6.857462633337066404e-02
1.055407672546817111e+01 7.599809487623521420e+01 1.344782839829660936e+01 6.755495650964400689e-02
1.117910321760093062e+01 7.712359817700397002e+01 1.169729860539508870e+01 6.570355973553561324e-02
8.335250278012429348e+00 8.027718727693714129e+01 1.138756244505042403e+01 7.134380323131400692e-02
1.019909398775398479e+01 7.922849912915226867e+01 1.057240688309373589e+01 6.842717609513622457e-02
9.831130817404751809e+00 7.834293969591035989e+01 1.182592948668489008e+01 6.906397537040849521e-02
1.037740327291163567e+01 7.749021446995512008e+01 1.213238225713324070e+01 6.802340785539028045e-02
1.111722896345881573e+01 7.835184727902422708e+01 1.053092375751693410e+01 6.614914332568203048e-02
9.969311844399333822e+00 7.737950231126966116e+01 1.265118584433100501e+01 7.210987728563528210e-02
1.166492580841443250e+01 7.672206381286329702e+01 1.161301037872227226e+01 6.976813504588659509e-02
1.147785073956485924e+01 7.540106590972142442e+01 1.312108335071371457e+01 6.946143659656786595e-02
1.248457759273812684e+01 7.407016433090079488e+01 1.344525807636107473e+01 6.864036089707359345e-02
1.325762083661687818e+01 7.504748025571691983e+01 1.169489890766619311e+01 6.679848325959725219e-02
9.689032579581152049e+00 7.682083523901401634e+01 1.349013218140483694e+01 7.163367608563030176e-02
1.199092824504750787e+01 7.554753748019427917e+01 1.246153427475822717e+01 6.926507790720735913e-02
1.132476541567609196e+01 7.470139578301203187e+01 1.397383880131189215e+01 6.897236657542080152e-02
1.232085322206379274e+01 7.335097896222312386e+01 1.432816781571307629e+01 6.811924708009252372e-02
1.304353654649609773e+01 7.445568379828681316e+01 1.250077965521708734e+01 6.632457439780807540e-02
9.584185399737158662e+00 7.590295037044816695e+01 1.451286422981465840e+01 7.138896074900441535e-02
1.162989038350220916e+01 7.499180030739064762e+01 1.337830930910713434e+01 6.906070936192994225e-02
1.085499551309642641e+01 7.426903796492871379e+01 1.487596652197486691e+01 6.869663873406459120e-02
1.208215172727858366e+01 7.251480364505009391e+01 1.540304462767131177e+01 6.782314227182942301e-02
1.280577906977876879e+01 7.372556928950596955e+01 1.346865164071525101e+01 6.605754678918493439e-02
9.789186688859196295e+00 7.705386832064867519e+01 1.315694499049213739e+01 7.191305646656045991e-02
1.176617243470279917e+01 7.613115416122055024e+01 1.210267340407666126e+01 6.960438457726232653e-02
1.130431851149795897e+01 7.507592086354078731e+01 1.361976062496125017e+01 6.926813599400341581e-02
1.222787074764350379e+01 7.377443330981316194e+01 1.399769594254332716e+01 6.837281856268395686e-02
1.306088302676747226e+01 7.476459961946660826e+01 1.217451735376593014e+01 6.657683196839017659e-02
9.554946268190287029e+00 7.888496661560353118e+01 1.156008711620619067e+01 7.010390243436324942e-02
1.181625930969387817e+01 7.754919080292728495e+01 1.063454988737882978e+01 6.771320641372934046e-02
1.114873679241374660e+01 7.681916529836844632e+01 1.203209790921780531e+01 6.750097674868306419e-02
1.213950127775017052e+01 7.549085790743984603e+01 1.236964081480999234e+01 6.689539280834230772e-02
1.280609313210503153e+01 7.650996733803528116e+01 1.068393952985968554e+01 6.489737512917570506e-02
9.492490992767129043e+00 7.813596582719208072e+01 1.237154318004080267e+01 6.962226276555309734e-02
1.153236338971699482e+01 7.696262317134458897e+01 1.150501343893839845e+01 6.722130986241395267e-02
1.100081286504207689e+01 7.615443953741115024e+01 1.284474759754676576e+01 6.701947640706470977e-02
1.196850768342050486e+01 7.483301197964844675e+01 1.319848033693104838e+01 6.638366945101983885e-02
1.266632451880199106e+01 7.589634391728330343e+01 1.143733156391470906e+01 6.443037917981583873e-02
9.325928140450434611e+00 7.735997502713472329e+01 1.331409683241483854e+01 6.940647165590742296e-02
1.137715094596233278e+01 7.634730570680650885e+01 1.227554334723115126e+01 6.703682822866198487e-02
1.053503735505169558e+01 7.589635115413142330e+01 1.356861149081688467e+01 6.676502248618571000e-02
1.178328768057454212e+01 7.402156821770891781e+01 1.419514410171652941e+01 6.610862071406160834e-02
1.248330164653998509e+01 7.517932448980079130e+01 1.233737386365922539e+01 6.418261881314937800e-02
9.518449846906246847e+00 7.844359617804580864e+01 1.203795397504794629e+01 6.990784621285750511e-02
1.167570484428572719e+01 7.728291199076265627e+01 1.104138316495162897e+01 6.755867591567558950e-02
1.099020779637946532e+01 7.650707059135375232e+01 1.250272161226676815e+01 6.731554005875924063e-02
1.191279088063108915e+01 7.522167927649142882e+01 1.286552984287747314e+01 6.663877371231458069e-02
1.267058777333438435e+01 7.620282355030919064e+01 1.112658867635644100e+01 6.468389507729344068e-02
8.365803772559237572e+00 7.988747788407354733e+01 1.174671834336721865e+01 7.125004881864134554e-02
1.053035257404624758e+01 7.852012328388613582e+01 1.094952414206760771e+01 6.907863553068691043e-02
9.614481731504419315e+00 7.832312029249418117e+01 1.206239797600139063e+01 6.857260306187622223e-02
1.061354922867699280e+01 7.679377608263318677e+01 1.259267468868981332e+01 6.789781995241832291e-02
1.130283774534693642e+01 7.783501824096100563e+01 1.086214401369205618e+01 6.564041041583416891e-02
8.162597439482507156e+00 7.928415040187910279e+01 1.255325215863837940e+01 7.078006864912862739e-02
1.030280027631129158e+01 7.792087467717620086e+01 1.177632504651252354e+01 6.859454723393010322e-02
9.516638005025447100e+00 7.761025564259179532e+01 1.287310635238275580e+01 6.809398647836382990e-02
1.047848569122529661e+01 7.612119625277392743e+01 1.340031805600077597e+01 6.738804763603606363e-02
1.117574046569208157e+01 7.718885743480612405e+01 1.163540209950180149e+01 6.517343822573264112e-02
7.836115032159086446e+00 7.876156447870552313e+01 1.340232048913539664e+01 7.054990527615845330e-02
1.022894834345539650e+01 7.719653908386261776e+01 1.257451257268198219e+01 6.839308251412214157e-02
9.335564200910603461e+00 7.669326123694699504e+01 1.397117456214240860e+01 6.782465616929461705e-02
1.037314197968040119e+01 7.518016082018655766e+01 1.444669720013304470e+01 6.709649397905829982e-02
1.081105160798112053e+01 7.667489376630915388e+01 1.251405462570972027e+01 6.491257851095383336e-02
8.150456191446702192e+00 7.962754679224515542e+01 1.222199701630814594e+01 7.106667843890138170e-02
1.025279666277800139e+01 7.847143489176482944e+01 1.127576844545717272e+01 6.892957891281105420e-02
9.419686645730610763e+00 7.815050202342023056e+01 1.242981133084916401e+01 6.839071822483089313e-02
1.047479907968588719e+01 7.642432907508160156e+01 1.310087184523252724e+01 6.764217924069744481e-02
1.114697307635292134e+01 7.755120711645398046e+01 1.130181980719308577e+01 6.543161723757215387e-02
8.249936415187653083e+00 7.962164330136499757e+01 1.212842028344734580e+01 6.855613020961690007e-02
1.075374917035098044e+01 7.790039072459012459e+01 1.134586010505889853e+01 6.645638459084828031e-02
9.827537954121503105e+00 7.756650921298563617e+01 1.260595283289286606e+01 6.613654783747613397e-02
1.083308364861956363e+01 7.621430323457515499e+01 1.295261311680527605e+01 6.537526592993918306e-02
1.148465308101266302e+01 7.725189413193604082e+01 1.126345278705129793e+01 6.375098115553781697e-02
8.156542060879987233e+00 7.889973113271993554e+01 1.294372680640007722e+01 6.804377375978440390e-02
1.037483638049149626e+01 7.761363280920291174e+01 1.201153081030559733e+01 6.592446540199412008e-02
9.724110735144062545e+00 7.684082721624042733e+01 1.343506204861549413e+01 6.562002467132414807e-02
1.070834782282478237e+01 7.549556908667665311e+01 1.379608309049857873e+01 6.482482896263665195e-02
1.137166993348370880e+01 7.659862098415419496e+01 1.202970908236208913e+01 6.324742943675534801e-02
8.078013426206773318e+00 7.802133819641302637e+01 1.390064837738021453e+01 6.782661184387688003e-02
1.045422734389921970e+01 7.649205810662382987e+01 1.305371454947694332e+01 6.574038539530982495e-02
9.426129548282434101e+00 7.637243016122029360e+01 1.420144029049727052e+01 6.536652943621398815e-02
1.056436679970031101e+01 7.461668427325056996e+01 1.481894892704912792e+01 6.454848407247279485e-02
1.120897714693903602e+01 7.582915069678972486e+01 1.296187215627125155e+01 6.299865573360700910e-02
8.230491288298848573e+00 7.917199162538234702e+01 1.259751708631880263e+01 6.836171615246722233e-02
1.043851553316521397e+01 7.799231088839125903e+01 1.156917357844352523e+01 6.630175920350166174e-02
9.727739182718440958e+00 7.718496425466427979e+01 1.308729656261727747e+01 6.595116482110180423e-02
1.069877649420819488e+01 7.584128884248359270e+01 1.345993466330820532e+01 6.511025685646772143e-02
1.138567118567798175e+01 7.690236698857914632e+01 1.171196182574286837e+01 6.353485864021492235e-02
9.562447694403566345e+00 7.965988517792239065e+01 1.077766712767403234e+01 7.101543256942970117e-02
1.111942974807431206e+01 7.876824447345488522e+01 1.011232577847081338e+01 6.801589397318393015e-02
1.082056900379564013e+01 7.792838131292594994e+01 1.125104968327840815e+01 6.869939671153078853e-02
1.150057787784670715e+01 7.696939860944095813e+01 1.153002351271234005e+01 6.763873854211251146e-02
1.203236758073338031e+01 7.804252870926923435e+01 9.925103709997380008e+00 6.572010337052780482e-02
9.191093420332727248e+00 7.931729196824315409e+01 1.149161461142413110e+01 7.060338721704775833e-02
1.122070307138559464e+01 7.795862890886385799e+01 1.082066801975055270e+01 6.757535525038405044e-02
1.072788041807810444e+01 7.732155939247334686e+01 1.195056018944854337e+01 6.828001363924889044e-02
1.143401547402091722e+01 7.622706853704828234e+01 1.233891598893079866e+01 6.719097532179703347e-02
1.209816245557383318e+01 7.724182182377967365e+01 1.066001572064649494e+01 6.531096734583689833e-02
9.098357854644463671e+00 7.867078427327894019e+01 1.223085787207658548e+01 7.038279351197218592e-02
1.103092990216722136e+01 7.731117308122225040e+01 1.165789701661053357e+01 6.738671798448146733e-02
1.053694119749464519e+01 7.657288496136875722e+01 1.289017384113660114e+01 6.802130496113147073e-02
1.142271535214821832e+01 7.531703381828387478e+01 1.326025082956790868e+01 6.691116403920711886e-02
1.155745196553854193e+01 7.697979191513350372e+01 1.146275611932797212e+01 6.506095451580909406e-02
9.337734574929104525e+00 7.944695836906922182e+01 1.121530705600167366e+01 7.083526773693608891e-02
1.119276433150675132e+01 7.829846976915985124e+01 1.050876589933338145e+01 6.786470552876419648e-02
1.010150066317452300e+01 7.817862411835596959e+01 1.171987521846951985e+01 6.851870147388003374e-02
1.150350027722436330e+01 7.648150915650595039e+01 1.201499056626968986e+01 6.738815441725830302e-02
1.212118706332030627e+01 7.746418229195279537e+01 1.041463064472690014e+01 6.551411813591713484e-02
1.096998920172967473e+01 7.656209619816826262e+01 1.246791460010205199e+01 7.162645649989571317e-02
1.217951928958863306e+01 7.632819790468205667e+01 1.149228280572930316e+01 6.924871597825819902e-02
1.227015127067080158e+01 7.476485842631410605e+01 1.296499030301507638e+01 6.895926872416005549e-02
1.333979775613827101e+01 7.337195125615052405e+01 1.328825098771120494e+01 6.804180269189069596e-02
1.398885133056456098e+01 7.445747667500792488e+01 1.155367199442751769e+01 6.621377708383706373e-02
1.073989843298855362e+01 7.595357775136237422e+01 1.330652381564907394e+01 7.115245005839251902e-02
1.269769625221832143e+01 7.499702073622444232e+01 1.230528301155723625e+01 6.875042957476990013e-02
1.209099953521114124e+01 7.407617975374461139e+01 1.383282071104425448e+01 6.847416369547418280e-02
1.315190010235446394e+01 7.268360237381016020e+01 1.416449752383537941e+01 6.752617813922794088e-02
1.375211712235743455e+01 7.388953122796752382e+01 1.235835164967504340e+01 6.574324873521680823e-02
1.054169455360814922e+01 7.518197276555808628e+01 1.427633268083376628e+01 7.091211454250838375e-02
1.224951428017952360e+01 7.452979481095029257e+01 1.322069090887016429e+01 6.854562759766766322e-02
1.162994934870652486e+01 7.363220543121634876e+01 1.473784522007711928e+01 6.819858963157425513e-02
1.291258613169881997e+01 7.186118134419774606e+01 1.522623252410343930e+01 6.722941299839378659e-02
1.359065077198308558e+01 7.309155209146460663e+01 1.331779713655230779e+01 6.547325615318080883e-02
1.078904927185513074e+01 7.624792529482273551e+01 1.296302543332214441e+01 7.144181838167776299e-02
1.215962320913443584e+01 7.589933501857518650e+01 1.194104177229037944e+01 6.909806409607339994e-02
1.205480782040427279e+01 7.452654293995144030e+01 1.341864923964427803e+01 6.877864433547811740e-02
1.313398357930761939e+01 7.303923226311968619e+01 1.382678415757269264e+01 6.778624958255238808e-02
1.380953134431089779e+01 7.415718038704962112e+01 1.203328826863947576e+01 6.600478695791453521e-02
1.058198612668276084e+01 7.802600845550644237e+01 1.139200541781079146e+01 6.959573758638071261e-02
1.231878618959775018e+01 7.718904499258835017e+01 1.049216881781390320e+01 6.716687162663140254e-02
1.192626426099424286e+01 7.618051029764946236e+01 1.189322544135629300e+01 6.697211891319994337e-02
1.300331652389448500e+01 7.478602441453543292e+01 1.221065906157007674e+01 6.626675067362824967e-02
1.359833903954105594e+01 7.584936169314012488e+01 1.055229926731882273e+01 6.427656325171172969e-02
1.046123956325415172e+01 7.734812297615003729e+01 1.219063746059581455e+01 6.912168481733357850e-02
1.238101782043487731e+01 7.636412066888841821e+01 1.125486151067669383e+01 6.667920213080667791e-02
1.178469144961684378e+01 7.551989916358543553e+01 1.269540938679772779e+01 6.649444259502655663e-02
1.283115409528384809e+01 7.412830566183728820e+01 1.304054024287886016e+01 6.575913827178624105e-02
1.342809795997127154e+01 7.527100258146249701e+01 1.130089945856624034e+01 6.381541377509510060e-02
1.027125417882127856e+01 7.660619105305919163e+01 1.312255476811954225e+01 6.890780964043415058e-02
1.201294956511934409e+01 7.583271285813243878e+01 1.215433757674821713e+01 6.649470520925847283e-02
1.136954427148208957e+01 7.493087621902104445e+01 1.369957950949685355e+01 6.623956655838263152e-02
1.263474568531707654e+01 7.333450564788373072e+01 1.403074866679920163e+01 6.548350315627413099e-02
1.324512135564012816e+01 7.456752507121314011e+01 1.218735357314673884e+01 6.356753166711402725e-02
1.048715519068158741e+01 7.766170646319361026e+01 1.185113834612480765e+01 6.941412337356703266e-02
1.225982925648168553e+01 7.687932614016891364e+01 1.086084460334939195e+01 6.702379148185970414e-02
1.177625701391130519e+01 7.586987955355895963e+01 1.235386343252974228e+01 6.679965104217265581e-02
1.274701004049025421e+01 7.453687227406057048e+01 1.271611768544917176e+01 6.602559596718761414e-02
1.340325081848296662e+01 7.561113140899803398e+01 1.098561777251899585e+01 6.407847889981913014e-02
9.262506059426932836e+00 7.914464650844358573e+01 1.159284743212947966e+01 7.085616976783375154e-02
1.100542018631953312e+01 7.832693329041009633e+01 1.066764652327037588e+01 6.865342686192434096e-02
1.023386400826700537e+01 7.797824494978313226e+01 1.178789104194986059e+01 6.815411388400426096e-02
1.138664953528990154e+01 7.618429841273920999e+01 1.242905205197087426e+01 6.739253011882702371e-02
1.202101690098061937e+01 7.722705153714791493e+01 1.075193156187145860e+01 6.514823976603729971e-02
9.056570589562186413e+00 7.855894819445138921e+01 1.238448121598643681e+01 7.038884017250254810e-02
1.117960414878454145e+01 7.718756119138933514e+01 1.163283465982611986e+01 6.816677354574049441e-02
1.011985151701749786e+01 7.724631523083573370e+01 1.263383325214677733e+01 6.767989163428422827e-02
1.121513137251084125e+01 7.558417148418681109e+01 1.320069714330233879e+01 6.688640393805593554e-02
1.186164955592705361e+01 7.662611096809023081e+01 1.151223947598272979e+01 6.468648878254613932e-02
8.786258108333523609e+00 7.786759193402316725e+01 1.334614995764330558e+01 7.015878401978496715e-02
1.098595789459234418e+01 7.650775704736203409e+01 1.250628505804562707e+01 6.796825708651242637e-02
1.000390393014741797e+01 7.605428918956391726e+01 1.394180688028868076e+01 6.741015339676965923e-02
1.117083890181707773e+01 7.459859507452496530e+01 1.423056602365795342e+01 6.659533017840055247e-02
1.129239044204316933e+01 7.646704539146584523e+01 1.224056416649099255e+01 6.442369267332775928e-02
9.108471108306103403e+00 7.883499949802656204e+01 1.205652939366733456e+01 7.067999788425397001e-02
1.129075903012114424e+01 7.746123197350016198e+01 1.124800899637869200e+01 6.851314653861695358e-02
9.944570293688618889e+00 7.786360925298635038e+01 1.219182045332503073e+01 6.798415007435228141e-02
1.121071112375645384e+01 7.588134213740818268e+01 1.290794673883535815e+01 6.715009817442570139e-02
1.182908025627008541e+01 7.699000400262303856e+01 1.118091574110687958e+01 6.495182645274819033e-02
9.139851431585436004e+00 7.888313165997713838e+01 1.197701690843744338e+01 6.815879633213389743e-02
1.121559321283423571e+01 7.754888934724682770e+01 1.123551743991892593e+01 6.602272411019752263e-02
1.054163779563649506e+01 7.696852363592417134e+01 1.248983856843933893e+01 6.571696366918070020e-02
1.163414909121382834e+01 7.555241445972677639e+01 1.281343644905939350e+01 6.486291802101891435e-02
1.220214787088279706e+01 7.665626241086833659e+01 1.114158971824886102e+01 6.325164476412557801e-02
9.041179403509381984e+00 7.814399134683746695e+01 1.281482924965315462e+01 6.764757981648847340e-02
1.087191933007623135e+01 7.721741957284211821e+01 1.191066109708166287e+01 6.549422793462505998e-02
1.040139152733214445e+01 7.628238117852369271e+01 1.331622729414415396e+01 6.520482513749131792e-02
1.147669255363762453e+01 7.485744469753379349e+01 1.366586274882859620e+01 6.431661057730536646e-02
1.205655842031900171e+01 7.602717353763461006e+01 1.191626804204638290e+01 6.275171713734130352e-02
8.946517511883657292e+00 7.730539914503901855e+01 1.374808334307733482e+01 6.743246348488465824e-02
1.110207863258529315e+01 7.599454612285757094e+01 1.290337524455713236e+01 6.531092792425730043e-02
1.014247818785905331e+01 7.552942354406850711e+01 1.432809826807243425e+01 6.494869695446982283e-02
1.132156716208763392e+01 7.400158361932177797e+01 1.467684921859057390e+01 6.403865574946558670e-02
1.191781643235114707e+01 7.524084348951618040e+01 1.284134007813267964e+01 6.249966048944846642e-02
9.083470352467333697e+00 7.847364832038124405e+01 1.244288132715140804e+01 6.797514333917718810e-02
1.088527497370230179e+01 7.762396464717156164e+01 1.149076037912612769e+01 6.587966123822944220e-02
1.042494961291873601e+01 7.661846401786191052e+01 1.295658636921934992e+01 6.554414640425690330e-02
1.143649529265818110e+01 7.523982114644581998e+01 1.332368356089600070e+01 6.461263125456305489e-02
1.206213479296075874e+01 7.634832166229894312e+01 1.158954354474030524e+01 6.304798716829275451e-02
