EM1 EM2 EM3 cv
1.004025041166853960e+01 7.108617634503801241e+01 1.887357324329343555e+01 3.799999999999999906e-02
8.914129909058885914e+00 7.144262036718633624e+01 1.964324972375477429e+01 3.799999999999999906e-02
9.689529290020294283e+00 7.175667057584182373e+01 1.855380013413789086e+01 3.799999999999999906e-02
7.924002706958739317e+00 7.338621331736878517e+01 1.868978397567247995e+01 4.307968070639169034e-02
1.044964437833719550e+01 6.973002755117694562e+01 1.982032807048587131e+01 3.800000000000001987e-02
8.909596197930717665e+00 7.067070396155334322e+01 2.041969984051592135e+01 3.800000000000001987e-02
9.441397299917099417e+00 7.135492622048977296e+01 1.920367647959313118e+01 3.800000000000001987e-02
8.178774228868059382e+00 7.241769690390789549e+01 1.940352886722403980e+01 4.281918093634234229e-02
1.038031014518789164e+01 6.859045109235766802e+01 2.102923876245445101e+01 3.799999999999999906e-02
8.884649440590555614e+00 6.958980637130706270e+01 2.152554418810237280e+01 3.799999999999999906e-02
9.254091268306538609e+00 7.020910112213879017e+01 2.053680760955466056e+01 3.799999999999999906e-02
7.691117574806408008e+00 7.181000239329145529e+01 2.049888003190213226e+01 4.224074326110788952e-02
1.031262026004948318e+01 7.018570532123241890e+01 1.950167441871810681e+01 3.799999999999999906e-02
8.887862254968892373e+00 7.062221853711024266e+01 2.048991920792087029e+01 3.799999999999999906e-02
9.409307894138031259e+00 7.144971659862275715e+01 1.914097550723921515e+01 3.799999999999999906e-02
7.725241871677280159e+00 7.303756664625545625e+01 1.923719148206725649e+01 4.177747979667515571e-02
1.231526793192284508e+01 6.676218507327838836e+01 2.092254699479876834e+01 3.800000000000001293e-02
1.049099294589298736e+01 6.776424411590781460e+01 2.174476293819919803e+01 3.800000000000001293e-02
1.136723875191871080e+01 6.793021568853208692e+01 2.070254555954918985e+01 3.800000000000001293e-02
9.469453143627571734e+00 6.972419116816158180e+01 2.080635568821085002e+01 4.303421813164289705e-02
1.211135348362882524e+01 6.599756970893361085e+01 2.189107680743756745e+01 3.800000000000000600e-02
1.050921262252617439e+01 6.637460658016912873e+01 2.311618079730469688e+01 3.800000000000000600e-02
1.113161505628495540e+01 6.743314343218962392e+01 2.143524151152541535e+01 3.800000000000000600e-02
9.213897143346725827e+00 6.962234024209200811e+01 2.116376261456126073e+01 4.263976484919550225e-02
1.189489801513807699e+01 6.495006787168439644e+01 2.315503411317753546e+01 3.799999999999999906e-02
1.036246237313057073e+01 6.515904107491573427e+01 2.447849655195368612e+01 3.799999999999999906e-02
1.098723511106669193e+01 6.600609810639778630e+01 2.300666678253552178e+01 3.799999999999999906e-02
9.182146737135658654e+00 6.768472946835046855e+01 2.313312379451387102e+01 4.209196623939055748e-02
1.180904050434990715e+01 6.658865182654614046e+01 2.160230766910395772e+01 3.799999999999999906e-02
1.019879776414566130e+01 6.686144310297366644e+01 2.293975913288066693e+01 3.799999999999999906e-02
1.095900595264625466e+01 6.761447535383624086e+01 2.142651869351751159e+01 3.799999999999999906e-02
9.200387834649934149e+00 6.909713474751303863e+01 2.170247741783700945e+01 4.174862356867149737e-02
1.229489739945157467e+01 6.804564790256256401e+01 1.965945469798586487e+01 3.799999999999999906e-02
1.054562678419462252e+01 6.886338827107034888e+01 2.059098494473504815e+01 3.799999999999999906e-02
1.122407920593804320e+01 6.963374152938766315e+01 1.914217926467429720e+01 3.799999999999999906e-02
9.432988225140412908e+00 7.131561427188080415e+01 1.925139750297879004e+01 4.066178040522986509e-02
1.221150109214137380e+01 6.726744678638388564e+01 2.052105212147474589e+01 3.800000000000004069e-02
1.029187163551550377e+01 6.859250573245843441e+01 2.111562263202605294e+01 3.800000000000004069e-02
1.118291588903756484e+01 6.852882634533688133e+01 2.028825776562555205e+01 3.800000000000004069e-02
9.331323480604998721e+00 7.037419642096462269e+01 2.029448009843039102e+01 4.025449292440827498e-02
1.205330091328001529e+01 6.609028352228894221e+01 2.185641556443104605e+01 3.800000000000000600e-02
1.000159833709063939e+01 6.786210701338121964e+01 2.213629464952816406e+01 3.800000000000000600e-02
1.077249561495966645e+01 6.830835851276954429e+01 2.091914587227078215e+01 3.800000000000000600e-02
9.177679127396880077e+00 6.933600638115458992e+01 2.148631449144852112e+01 3.970937068105404727e-02
1.166739727389068193e+01 6.822534907434146589e+01 2.010725365176785928e+01 3.799999999999999906e-02
1.007567599964447425e+01 6.885960827439281218e+01 2.106471572596271358e+01 3.799999999999999906e-02
1.066754273653550555e+01 6.936821375686425029e+01 1.996424350660024771e+01 3.799999999999999906e-02
9.192397667295926666e+00 7.056879777442426871e+01 2.023880455827979219e+01 3.932925178238724784e-02
1.075526985053197393e+01 6.942195989294654623e+01 1.982277025652148339e+01 3.799999999999999906e-02
9.151729669056917871e+00 6.974276832924205394e+01 2.110550200170103352e+01 3.799999999999999906e-02
9.717373045301982870e+00 7.068917686867986561e+01 1.959345008601815863e+01 3.799999999999999906e-02
7.811438422094116873e+00 7.247926479191222882e+01 1.970929678599365431e+01 4.081075278464806749e-02
1.078703492351070992e+01 6.836589289994897456e+01 2.084707217654032618e+01 3.799999999999999906e-02
9.068266013945239123e+00 6.884813751056778131e+01 2.208359647548697779e+01 3.799999999999999906e-02
9.691743376829046852e+00 6.985995724114670224e+01 2.044829938202424202e+01 3.799999999999999906e-02
7.814456824830224413e+00 7.176555618941597459e+01 2.041998698575378413e+01 4.039855921577242825e-02
1.043717990138503637e+01 6.780453861706533303e+01 2.175828148154963060e+01 3.800000000000004763e-02
8.636010762254496598e+00 6.908081795976575279e+01 2.228317127797975417e+01 3.800000000000004763e-02
9.569040373798767263e+00 6.852911242873840081e+01 2.190184719746284259e+01 3.800000000000004763e-02
7.766437819332387527e+00 7.009083329557002173e+01 2.214272888509759341e+01 3.982342649484937186e-02
1.034653055490480611e+01 6.914578592673360902e+01 2.050768351836158843e+01 3.800000000000007538e-02
8.773581064918843708e+00 6.972749126799281782e+01 2.149892766708834557e+01 3.800000000000007538e-02
9.348070004454504200e+00 7.049173461737608193e+01 2.016019537816941920e+01 3.800000000000007538e-02
7.476781805107208356e+00 7.224346822858021255e+01 2.027974996631258975e+01 3.948955455705882578e-02
1.115777166216250116e+01 6.861381916655882662e+01 2.022840917127867044e+01 3.800000000000015865e-02
9.407511471509133472e+00 6.963035890265527428e+01 2.096212962583559403e+01 3.800000000000015865e-02
1.016052174501444227e+01 6.986490626399161386e+01 1.997457199099395098e+01 3.800000000000015865e-02
7.960871990734363024e+00 7.221535229539507839e+01 1.982377571387056747e+01 3.872118869546967157e-02
1.135808415970120500e+01 6.732523827703111863e+01 2.131667756326769236e+01 3.799999999999999906e-02
9.534846422976141156e+00 6.808688395584344732e+01 2.237826962118042573e+01 3.799999999999999906e-02
9.986859065087994480e+00 6.961496747403735696e+01 2.039817346087464500e+01 3.799999999999999906e-02
8.180024342505314294e+00 7.120764163047867612e+01 2.061233402701601491e+01 3.825983570352734647e-02
1.106634570486737523e+01 6.658408645996664177e+01 2.234956783516599188e+01 3.799999999999999906e-02
9.396455620270236508e+00 6.703114761191855564e+01 2.357239676781119186e+01 3.799999999999999906e-02
1.009167384383324340e+01 6.764824757994554716e+01 2.226007857622120412e+01 3.799999999999999906e-02
8.148084982254520270e+00 6.952589802813388076e+01 2.232601698961159542e+01 3.799999999999999906e-02
1.091415227162758939e+01 6.863747971549547344e+01 2.044836801287694072e+01 3.799999999999999906e-02
9.260866567163294150e+00 6.856029301084237204e+01 2.217884042199433736e+01 3.799999999999999906e-02
9.895354752201882320e+00 6.965574787607530993e+01 2.044889737172281485e+01 3.799999999999999906e-02
7.949456192975634217e+00 7.142665854302370576e+01 2.062388526400065203e+01 3.799999999999999906e-02
1.054489420311820069e+01 7.054733069630292164e+01 1.890777510057887412e+01 3.799999999999999906e-02
9.187735566397735809e+00 7.115751250707876352e+01 1.965475192652348468e+01 3.799999999999999906e-02
9.753544258596322791e+00 7.180239355901011322e+01 1.844406218239355155e+01 3.799999999999999906e-02
8.224457567561286098e+00 7.326288555609245634e+01 1.851265687634628065e+01 4.323948396459092319e-02
1.041215990927173607e+01 6.979377636810117735e+01 1.979406372262708658e+01 3.799999999999999906e-02
9.412637730241430134e+00 6.998843159349549126e+01 2.059893067626307328e+01 3.799999999999999906e-02
9.801728093565031941e+00 7.107440507511557826e+01 1.912386683131938270e+01 3.799999999999999906e-02
8.321644245774878712e+00 7.244929234856219580e+01 1.922906340566291306e+01 4.297564868825343859e-02
1.041243470819792094e+01 6.859898666343771367e+01 2.098857862836437960e+01 3.799999999999999906e-02
9.151164286929008185e+00 6.922074177116350313e+01 2.162809394190749401e+01 3.799999999999999906e-02
9.671632083597318186e+00 6.971800244125056167e+01 2.061036547515212192e+01 3.799999999999999906e-02
7.993202820577321788e+00 7.141336399668536217e+01 2.059343318273731782e+01 4.238724218869408672e-02
1.040012301684411256e+01 7.011682494486773010e+01 1.948305203828816445e+01 3.799999999999999906e-02
8.775975344740839290e+00 7.100130766950142913e+01 2.022271698575773158e+01 3.799999999999999906e-02
9.323648954306641201e+00 7.157684101814805899e+01 1.909951002754529625e+01 3.799999999999999906e-02
7.463278522454574571e+00 7.333173668614770691e+01 1.920498479139770964e+01 4.193534609933455282e-02
1.187349952334531622e+01 6.723986086576182686e+01 2.088663961089285692e+01 3.800000000000001293e-02
1.066275475039553200e+01 6.740392963574539920e+01 2.193331561385908302e+01 3.800000000000001293e-02
1.146084147902881867e+01 6.789021162081523642e+01 2.064894690015593781e+01 3.800000000000001293e-02
9.291782925366970147e+00 7.015517918869414871e+01 2.055303788593889180e+01 4.328037772784797815e-02
1.217991112610366500e+01 6.608917939207398717e+01 2.173090948182234783e+01 3.799999999999999906e-02
1.072707066613002702e+01 6.629631164341191152e+01 2.297661769045806324e+01 3.799999999999999906e-02
1.136471329629839744e+01 6.698696982573846981e+01 2.164831687796312920e+01 3.799999999999999906e-02
9.560595070674517970e+00 6.875878761626563573e+01 2.168061731305984097e+01 4.288402017733596028e-02
1.182974962603031521e+01 6.532137019720867954e+01 2.284888017676099636e+01 3.800000000000002681e-02
1.017220657148298812e+01 6.617771252035736040e+01 2.365008090815963371e+01 3.800000000000002681e-02
1.103531703434214428e+01 6.607772810348406267e+01 2.288695486217380548e+01 3.800000000000002681e-02
9.339244659133822068e+00 6.772065661460250396e+01 2.294009872626366686e+01 4.232396533889870582e-02
1.207906037847807390e+01 6.624340464339800860e+01 2.167753497812393348e+01 3.800000000000000600e-02
1.032457116309565315e+01 6.709092829031261829e+01 2.258450054659174810e+01 3.800000000000000600e-02
1.042880853442843758e+01 6.945263378773753971e+01 2.011855767783401561e+01 3.800000000000000600e-02
9.127685437043869143e+00 6.961059542649012144e+01 2.126171913646600586e+01 4.199233666542179916e-02
1.227261789208662357e+01 6.808948577498824761e+01 1.963789633292512349e+01 3.799999999999999906e-02
1.026546210442906037e+01 6.936911180320961989e+01 2.036542609236131440e+01 3.799999999999999906e-02
1.117159620882270410e+01 6.965422226289523167e+01 1.917418152828205535e+01 3.799999999999999906e-02
9.591429184638222694e+00 7.103500153868142775e+01 1.937356927668035311e+01 4.098245359766212320e-02
1.220110989188086492e+01 6.721195415624319480e+01 2.058693595187593317e+01 3.799999999999999906e-02
1.057307731037581711e+01 6.801331694521319093e+01 2.141360574441097953e+01 3.799999999999999906e-02
1.111598189750373500e+01 6.877678356516491931e+01 2.010723453733134747e+01 3.799999999999999906e-02
9.145642437305442130e+00 7.085565237732657806e+01 1.999870518536797803e+01 4.057316787562954136e-02
1.177775636152829719e+01 6.661328472303597437e+01 2.160895891543572844e+01 3.799999999999999906e-02
1.021402011635203166e+01 6.720449435518514747e+01 2.258148552846282442e+01 3.799999999999999906e-02
1.069553185458912559e+01 6.861662182695394563e+01 2.068784631845693411e+01 3.799999999999999906e-02
9.337118579276275199e+00 6.902048173691962063e+01 2.164239968380409351e+01 4.001775448033314392e-02
1.171623133999372079e+01 6.809653811013859581e+01 2.018723054986768872e+01 3.800000000000000600e-02
1.002770843214833008e+01 6.907911504220911070e+01 2.089317652564256989e+01 3.800000000000000600e-02
1.063205214432081114e+01 6.952327397646153884e+01 1.984467387921765891e+01 3.800000000000000600e-02
8.844550038016638638e+00 7.115981095141040669e+01 1.999563901057294402e+01 3.964749440140996617e-02
1.053037184139483173e+01 6.958015557695831887e+01 1.988947258164684229e+01 3.799999999999999906e-02
8.958094280261493125e+00 7.032126585887741044e+01 2.072063986086109111e+01 3.799999999999999906e-02
9.557808401458263603e+00 7.084054387580306411e+01 1.960164772273867229e+01 3.799999999999999906e-02
7.681493118810200471e+00 7.267493220344663030e+01 1.964357467774317456e+01 4.108102499024150756e-02
1.044108763358899239e+01 6.869471561098406198e+01 2.086419675542695629e+01 3.799999999999999906e-02
9.209575244435981745e+00 6.893988659564575983e+01 2.185053815991826553e+01 3.799999999999999906e-02
9.643196293954602538e+00 6.992599647571917387e+01 2.043080723032622359e+01 3.799999999999999906e-02
8.005667016985240636e+00 7.121202178081078671e+01 2.078231120220397443e+01 4.067101397137154462e-02
1.058842005004015085e+01 6.715607971826817391e+01 2.225550023169167702e+01 3.799999999999999906e-02
8.743877368570920794e+00 6.878250336480148519e+01 2.247361926662760467e+01 3.799999999999999906e-02
9.674818075621939073e+00 6.861309782733934526e+01 2.171208409703872633e+01 3.799999999999999906e-02
7.895271883289126436e+00 7.003624636814976157e+01 2.206848174856111200e+01 4.008662220266508841e-02
1.018905604715226332e+01 6.915194903143918737e+01 2.065899492140854221e+01 3.800000000000000600e-02
8.779562512738040780e+00 6.977625994413865840e+01 2.144417754312330260e+01 3.800000000000000600e-02
9.415703143824572408e+00 7.030195187602150497e+01 2.028234498015393328e+01 3.800000000000000600e-02
7.543344872724778938e+00 7.201300483482552295e+01 2.044365029244970344e+01 3.975860427110038120e-02
1.103701688525893232e+01 6.876362333173331365e+01 2.019935978300775758e+01 3.799999999999999906e-02
9.297837326216646048e+00 7.013425141450724709e+01 2.056791125927610153e+01 3.799999999999999906e-02
1.006524183516990512e+01 7.022869694155835418e+01 1.970606122327175314e+01 3.799999999999999906e-02
8.022203010642837029e+00 7.203836153083848615e+01 1.993943545851866617e+01 3.903989566462382627e-02
1.099310224167582639e+01 6.804053926820687082e+01 2.096635849011730457e+01 3.800000000000006151e-02
9.699821321334729518e+00 6.799923398864115143e+01 2.230094469002413504e+01 3.800000000000006151e-02
1.021367593884970404e+01 6.882275144469166150e+01 2.096357261645863090e+01 3.800000000000006151e-02
8.138399255714722003e+00 7.128483318537614366e+01 2.057676755890913967e+01 3.857889296396124768e-02
1.114679859389437411e+01 6.659660566738826049e+01 2.225659573871736185e+01 3.799999999999999906e-02
9.501080771163771033e+00 6.684730435297909423e+01 2.365161487585714895e+01 3.799999999999999906e-02
9.988618965516614878e+00 6.833717327335993730e+01 2.167420776112343717e+01 3.799999999999999906e-02
8.136588912203551516e+00 6.995358188202477834e+01 2.190982920577167903e+01 3.804264328566140524e-02
1.105423493965599846e+01 6.821798411107305071e+01 2.072778094927095793e+01 3.799999999999999906e-02
9.384764777288831183e+00 6.849105890919238959e+01 2.212417631351877745e+01 3.799999999999999906e-02
9.936843191463685443e+00 6.953139786766485031e+01 2.053175894087146247e+01 3.799999999999999906e-02
7.896355895018823290e+00 7.161096524264621621e+01 2.049267886233497649e+01 3.799999999999999906e-02
1.119642050426772606e+01 6.988015670584023553e+01 1.892342278989204374e+01 3.799999999999999906e-02
9.707394572891232087e+00 7.064224036004955565e+01 1.965036506705920516e+01 3.799999999999999906e-02
9.636886274565055643e+00 7.224543836376787453e+01 1.811767536166706805e+01 3.799999999999999906e-02
8.616578458036398658e+00 7.265921621139190734e+01 1.872420533057170999e+01 4.344567981360386577e-02
1.137585338807534185e+01 6.876054386248087269e+01 1.986360274944376769e+01 3.799999999999999906e-02
9.728808427375934542e+00 6.991727421017861843e+01 2.035391736244544703e+01 3.799999999999999906e-02
1.022466222717872242e+01 7.042828191865444865e+01 1.934705585416682183e+01 3.799999999999999906e-02
8.538542526775977137e+00 7.198274853387438554e+01 1.947870893934963377e+01 4.319140055606193046e-02
1.082479204211674251e+01 6.843698563576604954e+01 2.073822232211720973e+01 3.799999999999999906e-02
9.717261897470550025e+00 6.857194236153755185e+01 2.171079574099191234e+01 3.799999999999999906e-02
1.006772322440398426e+01 6.954628656439055590e+01 2.038599021120545984e+01 3.799999999999999906e-02
8.356346386478685773e+00 7.116776458264787664e+01 2.047588903087345003e+01 4.260146023609816951e-02
1.111555323789157157e+01 6.921933903016257261e+01 1.966510773194585937e+01 3.800000000000002681e-02
9.351304005647969930e+00 7.037413553517117748e+01 2.027456045918084726e+01 3.800000000000002681e-02
9.852830692813602909e+00 7.091743559784234208e+01 1.922973370934405324e+01 3.800000000000002681e-02
8.196437380658206706e+00 7.242590833876995760e+01 1.937765428057184280e+01 4.212485812565196219e-02
1.279869390759805015e+01 6.601648694776157811e+01 2.118481914464037530e+01 3.799999999999999906e-02
1.146380227987196498e+01 6.636336061422947807e+01 2.217283710589856227e+01 3.799999999999999906e-02
1.208222347870678348e+01 6.712731333038261994e+01 2.079046319091059658e+01 3.799999999999999906e-02
1.008081606382063100e+01 6.907142908478148513e+01 2.084775485139787676e+01 4.348433923667045092e-02
1.294795081069308296e+01 6.525470284850332803e+01 2.179734634080358546e+01 3.799999999999999906e-02
1.150438941126924774e+01 6.536198785893910213e+01 2.313362272979164302e+01 3.799999999999999906e-02
1.166738327198048530e+01 6.724795825346475908e+01 2.108465847455475739e+01 3.799999999999999906e-02
1.025996980068399189e+01 6.782851254417508358e+01 2.191151765514094407e+01 4.309461076893328357e-02
1.259331236869901360e+01 6.434841222388904214e+01 2.305827540741193715e+01 3.800000000000000600e-02
1.094291404335372775e+01 6.561420161659810901e+01 2.344288434004815613e+01 3.800000000000000600e-02
1.133651160090484744e+01 6.672587849765007206e+01 2.193760990144508227e+01 3.800000000000000600e-02
9.933094318348999252e+00 6.707913547202480231e+01 2.298777020962620554e+01 4.253597005424202687e-02
1.263802064909708278e+01 6.546369607340258767e+01 2.189828327750032955e+01 3.799999999999999906e-02
1.109800375851050269e+01 6.602534121133544431e+01 2.287665503015404056e+01 3.799999999999999906e-02
1.179883825100815287e+01 6.664871239965448524e+01 2.155244934933736545e+01 3.799999999999999906e-02
9.900279703468154224e+00 6.833977177105816736e+01 2.175994852547368197e+01 4.217985404094373031e-02
1.306873578520636414e+01 6.714793169834048570e+01 1.978333251645313950e+01 3.799999999999999906e-02
1.116787997409540090e+01 6.825513117256872420e+01 2.057698885333588379e+01 3.799999999999999906e-02
1.176188740606671601e+01 6.890540268586244110e+01 1.933270990807085710e+01 3.799999999999999906e-02
9.934460751776473586e+00 7.065042865771836489e+01 1.941511059050515087e+01 4.122868408788728928e-02
1.290257522342180074e+01 6.659398273609221519e+01 2.050344204048597518e+01 3.799999999999999906e-02
1.126963517111581048e+01 6.697078191489929111e+01 2.175958291398490019e+01 3.799999999999999906e-02
1.212757178351406573e+01 6.750278540112664416e+01 2.036964281535929189e+01 3.799999999999999906e-02
9.804814217098503093e+00 6.993990083192461782e+01 2.025528495097688264e+01 4.082761924792652902e-02
1.260346469776211187e+01 6.553270148165792364e+01 2.186383382057995561e+01 3.799999999999999906e-02
1.109465024656320331e+01 6.601520962750376498e+01 2.289014012593302283e+01 3.799999999999999906e-02
1.165961337519432384e+01 6.715141791723532094e+01 2.118896870757036766e+01 3.799999999999999906e-02
9.575990317245624439e+00 6.936990759914449711e+01 2.105410208360989088e+01 4.027241456083487797e-02
1.265258107349705163e+01 6.714466248659526570e+01 2.020275643990767023e+01 3.799999999999999906e-02
1.092850533191556295e+01 6.760337576016718231e+01 2.146811890791725475e+01 3.799999999999999906e-02
1.161534175142408998e+01 6.821198199152701136e+01 2.017267625704889511e+01 3.799999999999999906e-02
9.461599592465233854e+00 7.041811795336251123e+01 2.012028245417225136e+01 3.987748534142426804e-02
1.134529811037471347e+01 6.875212678176258407e+01 1.990257510786270956e+01 3.800000000000001293e-02
9.519167810941075558e+00 6.988272574521663216e+01 2.059810644384228695e+01 3.800000000000001293e-02
1.037557649434379670e+01 6.978222816213396129e+01 1.984219534352224912e+01 3.800000000000001293e-02
8.228529654792424708e+00 7.209756922591282091e+01 1.967390111929473306e+01 4.125182073125568255e-02
1.115227074660576534e+01 6.794062764001392907e+01 2.090710161338030204e+01 3.800000000000000600e-02
9.754346823696257829e+00 6.837938859580697226e+01 2.186626458049678234e+01 3.800000000000000600e-02
1.027977599767585026e+01 6.938672452146106195e+01 2.033349948086310377e+01 3.800000000000000600e-02
8.228238963821212337e+00 7.139318927212607946e+01 2.037857176405269399e+01 4.085035502984938477e-02
1.107019059631431013e+01 6.692623163722305435e+01 2.200357776646263019e+01 3.799999999999999906e-02
9.644653038680475632e+00 6.721099990581299721e+01 2.314434705550653604e+01 3.799999999999999906e-02
1.027738058422957401e+01 6.799605081085668701e+01 2.172656860491373720e+01 3.799999999999999906e-02
8.355295437971422601e+00 6.943792202642168832e+01 2.220678253560688731e+01 4.026481754505482902e-02
1.111122051956769852e+01 6.813390107583664701e+01 2.075487840459566513e+01 3.800000000000004763e-02
9.384327816084507390e+00 6.905270852534609105e+01 2.156296365856939801e+01 3.800000000000004763e-02
1.013973749946098479e+01 6.943670920169692806e+01 2.042355329884206938e+01 3.800000000000004763e-02
8.041205679713367971e+00 7.140910713839365087e+01 2.054968718189298116e+01 3.991592857493980046e-02
1.207052463198351688e+01 6.758123139126749379e+01 2.034824397674899998e+01 3.799999999999999906e-02
1.006462771744281426e+01 6.902522034247174076e+01 2.091015194008546629e+01 3.799999999999999906e-02
1.076887586471905500e+01 6.938211175618725690e+01 1.984901237909368987e+01 3.799999999999999906e-02
8.507056051227046112e+00 7.157557370354041382e+01 1.991737024523254362e+01 3.924661935975965604e-02
1.205674214197765082e+01 6.656525191932379926e+01 2.137800593869854282e+01 3.799999999999999906e-02
1.033633335658858599e+01 6.723663013920383946e+01 2.242703650420756745e+01 3.799999999999999906e-02
1.069329443539011848e+01 6.876907617955532714e+01 2.053762938505455082e+01 3.799999999999999906e-02
8.916508224044285669e+00 6.987360550163680273e+01 2.120988627431890805e+01 3.879221112262418864e-02
1.189738115767222482e+01 6.548178221037717606e+01 2.262083663195059913e+01 3.799999999999999906e-02
1.004313031138304169e+01 6.665696839146765740e+01 2.329990129714930802e+01 3.799999999999999906e-02
1.090979689821140219e+01 6.677846089763626480e+01 2.231174220415231702e+01 3.799999999999999906e-02
8.805212140400536569e+00 6.866998513094542034e+01 2.252480272865403776e+01 3.826050100741609089e-02
1.174321830690731794e+01 6.725298864251183772e+01 2.100379305058084611e+01 3.800000000000000600e-02
9.955550679348753818e+00 6.806979923342551331e+01 2.197465008722574353e+01 3.800000000000000600e-02
1.060977992321612007e+01 6.879866494344551597e+01 2.059155513333834975e+01 3.800000000000000600e-02
8.513667685412492858e+00 7.070542065182038982e+01 2.078091166276711377e+01 3.800000000000000600e-02
1.045350056163620955e+01 7.062387933514351346e+01 1.892262010322027876e+01 3.800000000000000600e-02
9.259858763077374988e+00 7.087252800382962903e+01 1.986761323309299954e+01 3.800000000000000600e-02
9.825197370631189031e+00 7.143567713110323325e+01 1.873912549826556884e+01 3.800000000000000600e-02
7.910402187336385005e+00 7.321919430612466329e+01 1.887040350653894549e+01 4.364189212210748542e-02
1.057671835745411393e+01 6.939606344421959250e+01 2.002721819832629180e+01 3.799999999999999906e-02
9.235829905588467170e+00 6.985860846731777940e+01 2.090556162709374632e+01 3.799999999999999906e-02
9.402340475277956244e+00 7.102923016605144824e+01 1.956842935867059197e+01 3.799999999999999906e-02
7.964776473107925803e+00 7.243322081644407717e+01 1.960200271044800502e+01 4.339033321591492104e-02
1.014943079330016040e+01 6.861367732739763881e+01 2.123689187930219191e+01 3.800000000000001987e-02
9.097673224650240087e+00 6.879013225990280489e+01 2.211219451544696213e+01 3.800000000000001987e-02
9.425922890055856485e+00 6.987013608556620170e+01 2.070394102437795070e+01 3.800000000000001987e-02
7.827735026631810200e+00 7.123229840377915423e+01 2.093996656958903202e+01 4.281166570689993317e-02
1.030522828932543966e+01 6.988817411473890218e+01 1.980659759593565639e+01 3.799999999999999906e-02
8.630452836618720980e+00 7.089892765694060017e+01 2.047061950644068062e+01 3.799999999999999906e-02
9.169864319653273199e+00 7.147925151969806734e+01 1.935088416064865413e+01 3.799999999999999906e-02
7.600071721644622968e+00 7.290188026507787811e+01 1.949804801327748649e+01 4.231350958140002450e-02
1.217051562294011546e+01 6.666197471409580544e+01 2.116750966296405778e+01 3.799999999999999906e-02
1.056029408875865094e+01 6.709582238358566997e+01 2.234388352765567376e+01 3.799999999999999906e-02
1.117565582003665448e+01 6.792617226048345458e+01 2.089817191947988562e+01 3.800501369125634799e-02
9.135424500925378055e+00 7.004447276960374325e+01 2.082010272947088581e+01 4.372800915264337535e-02
1.198493232411984799e+01 6.603922249472043404e+01 2.197584518115972685e+01 3.799999999999999906e-02
1.043794164069286090e+01 6.656025346589437675e+01 2.300180489341275702e+01 3.799999999999999906e-02
1.091783101772087150e+01 6.783221097561182944e+01 2.124995800666729906e+01 3.799999999999999906e-02
9.187872941365784030e+00 6.914289673471776609e+01 2.166923032391645876e+01 4.334232738140340185e-02
1.180016274850092550e+01 6.472297757945032970e+01 2.347685967204874657e+01 3.799999999999999906e-02
1.019468353016285711e+01 6.564037288244030321e+01 2.416494358739683435e+01 3.799999999999999906e-02
1.111528280410927572e+01 6.565708483799787132e+01 2.322763235789284764e+01 3.799999999999999906e-02
9.004124945410653780e+00 6.807838356965591231e+01 2.291749148493342503e+01 4.279710367620655209e-02
1.157331475159415390e+01 6.656403438570002606e+01 2.186265086270581648e+01 3.799999999999999906e-02
1.029933723771597265e+01 6.656416216742279346e+01 2.313650059486123567e+01 3.799999999999999906e-02
1.080772347186282900e+01 6.792886203205205220e+01 2.126341449608510814e+01 3.799999999999999906e-02
9.026478896830827381e+00 6.906480949563903948e+01 2.190871160753013314e+01 4.241636458172754615e-02
1.210018361353030869e+01 6.794294063170629272e+01 1.995687575476339504e+01 3.799999999999999906e-02
1.029726992757982984e+01 6.898806862289225705e+01 2.071466144952791666e+01 3.799999999999999906e-02
1.101762739732407148e+01 6.949533514905830600e+01 1.948703745361762429e+01 3.799999999999999906e-02
8.979993613055132329e+00 7.147507294646416653e+01 1.954493344048071179e+01 4.149112238116550722e-02
1.188407313577591218e+01 6.738082694012460649e+01 2.073509992409946889e+01 3.799999999999999906e-02
1.040518164767568088e+01 6.767064119529852917e+01 2.192417715702579173e+01 3.799999999999999906e-02
1.107878562899605512e+01 6.835091036628655559e+01 2.057030400471738929e+01 3.799999999999999906e-02
9.089379475955229992e+00 7.038582826621926358e+01 2.052479225782549932e+01 4.109375369262410066e-02
1.178737146714861161e+01 6.609680769658422150e+01 2.211582083626716866e+01 3.800000000000001987e-02
1.029029001870518911e+01 6.648082779515675611e+01 2.322888218613806544e+01 3.800000000000001987e-02
1.099451728809684070e+01 6.721000922296569513e+01 2.179547348893747127e+01 3.800000000000001987e-02
9.059502209023104768e+00 6.896688591828214498e+01 2.197361187269474669e+01 4.055327762101350320e-02
1.176291913728879912e+01 6.779283868231530619e+01 2.044424218039590357e+01 3.799999999999999906e-02
1.017118593870388565e+01 6.811340263657940852e+01 2.171541142471669872e+01 3.799999999999999906e-02
1.094126154448047750e+01 6.879927881256064381e+01 2.025945964295888402e+01 3.799999999999999906e-02
8.659006219992111397e+00 7.108023885937851105e+01 2.026075492062936689e+01 4.013274609852094527e-02
1.041176441573865930e+01 6.948106881075742081e+01 2.010716677350391635e+01 3.799999999999999906e-02
8.933613805865075363e+00 7.005324943516529856e+01 2.101313675896962252e+01 3.799999999999999906e-02
9.493713374869669153e+00 7.060370844711576410e+01 1.990257817801458273e+01 3.799999999999999906e-02
7.791568617851948986e+00 7.226619765756043989e+01 1.994223372458761290e+01 4.143392011971680500e-02
1.032741175986432935e+01 6.862602211637519645e+01 2.104656612376048130e+01 3.799999999999999906e-02
8.965516313790367064e+00 6.901322528004345713e+01 2.202125840616618646e+01 3.799999999999999906e-02
9.651543869071119275e+00 6.964984598748995381e+01 2.069861014343892691e+01 3.799999999999999906e-02
7.465433278873557121e+00 7.225876233394953374e+01 2.027580438717690825e+01 4.103506210464115400e-02
1.029621638861435606e+01 6.750964822085651917e+01 2.219413539052912654e+01 3.799999999999999906e-02
8.965273876377095164e+00 6.748496369073144763e+01 2.354976243289146254e+01 3.799999999999999906e-02
9.676851789978892171e+00 6.817708477554879209e+01 2.214606343447232462e+01 3.799999999999999906e-02
7.480577613952785754e+00 7.078908366710064115e+01 2.173033871894658375e+01 4.046230226179901857e-02
9.895200932358356738e+00 6.919620475147466721e+01 2.090859431616697606e+01 3.799999999999999906e-02
8.783383132844429397e+00 6.928603507468058353e+01 2.193058179247500306e+01 3.799999999999999906e-02
9.291192056093249718e+00 7.052894925700600481e+01 2.017985868690074724e+01 3.799999999999999906e-02
7.434742994387082859e+00 7.183487531746411037e+01 2.073038168814881033e+01 4.009097980473747685e-02
1.089229614752232500e+01 6.848369308845620651e+01 2.062401076402146671e+01 3.799999999999999906e-02
9.288896483907990387e+00 6.962074051800820484e+01 2.109036299808379766e+01 3.799999999999999906e-02
9.897844768406990568e+00 7.022088671610246990e+01 1.988126851549054663e+01 3.799999999999999906e-02
7.852190111423878349e+00 7.215895691847860860e+01 1.998885297009751127e+01 3.944024454824952147e-02
1.113949448275176302e+01 6.736636083510941830e+01 2.149414468213883467e+01 3.800000000000000600e-02
9.502586730473094434e+00 6.811170688917351868e+01 2.238570638035337979e+01 3.800000000000000600e-02
9.906236219346286731e+00 6.963557463847929796e+01 2.045818914217441886e+01 3.800000000000000600e-02
8.027851096971446054e+00 7.106618554060936788e+01 2.090596336241919317e+01 3.898929650985603207e-02
1.070831073926159682e+01 6.743267744576046141e+01 2.185901181497793289e+01 3.799999999999999906e-02
9.414106542448196890e+00 6.667903200988564549e+01 2.390686144766616650e+01 3.799999999999999906e-02
1.012742511410862711e+01 6.755833281286510328e+01 2.231424207302627138e+01 3.799999999999999906e-02
8.034541997099204025e+00 6.956559145657216447e+01 2.239986654632862084e+01 3.847302451131578982e-02
1.080273379687905511e+01 6.834595228265932576e+01 2.085131392046161380e+01 3.799999999999999906e-02
9.343189665371999908e+00 6.830295808828445558e+01 2.235385224634353563e+01 3.799999999999999906e-02
1.007404948440609083e+01 6.896810583809629236e+01 2.095784467749760438e+01 3.799999999999999906e-02
7.823639389156081592e+00 7.126845745149721267e+01 2.090790315934670573e+01 3.805617215812951565e-02
1.078306303511439523e+01 7.036804747630387169e+01 1.884888948858172952e+01 3.799999999999999906e-02
9.630909712228104880e+00 7.067053015247087444e+01 1.969856013530102956e+01 3.799999999999999906e-02
1.020021322254888929e+01 7.127409291279343506e+01 1.852569386465767920e+01 3.799999999999999906e-02
8.565105662669006747e+00 7.279904930215761283e+01 1.863584503517339996e+01 4.304239446473191039e-02
1.085480217046748486e+01 6.907517381787528166e+01 2.007002401165723171e+01 3.800000000000001293e-02
9.818206506652582988e+00 6.932831875951315226e+01 2.085347473383427896e+01 3.800000000000001293e-02
9.884904596453797154e+00 7.062076441320385811e+01 1.949433099034234829e+01 3.800000000000001293e-02
8.689187225447746243e+00 7.196701510810409275e+01 1.934379766644816456e+01 4.278930676385192533e-02
1.061233857716158369e+01 6.814358519171037187e+01 2.124407623112804089e+01 3.799999999999999906e-02
9.433902625376623163e+00 6.887845836863328941e+01 2.168763900599007854e+01 3.799999999999999906e-02
9.949903336583904689e+00 6.928049795390815291e+01 2.076959870950794596e+01 3.799999999999999906e-02
8.506580746090413925e+00 7.073694456576997425e+01 2.075647468813961183e+01 4.220694340494166030e-02
1.056572811621904506e+01 6.968276510441671689e+01 1.975150677936422738e+01 3.799999999999999906e-02
9.130991160289282149e+00 7.042210759340538573e+01 2.044690124630534811e+01 3.799999999999999906e-02
9.549031905639774109e+00 7.119880077614732272e+01 1.925216731821290139e+01 3.799999999999999906e-02
8.372344085602287933e+00 7.232506038228505929e+01 1.930259553211264034e+01 4.173508383840430352e-02
1.193407533267662401e+01 6.687739582521219006e+01 2.118852884211119303e+01 3.799999999999999906e-02
1.094054443885267069e+01 6.679297248331218384e+01 2.226648307783516145e+01 3.799999999999999906e-02
1.146607284316652731e+01 6.788257994143791052e+01 2.065134721539554974e+01 3.799999999999999906e-02
9.613350813959266716e+00 6.989118726874863796e+01 2.049546191729210065e+01 4.319687422467117371e-02
1.232778789047983281e+01 6.540993580942327412e+01 2.226227630009690017e+01 3.799999999999999906e-02
1.097219388242292659e+01 6.576225556800385164e+01 2.326555054957322355e+01 3.799999999999999906e-02
1.152587542628834782e+01 6.658435272804496208e+01 2.188977184566669010e+01 3.799999999999999906e-02
9.663544932070571747e+00 6.889232161554134848e+01 2.144413345238808333e+01 4.281513010660017299e-02
1.199049127436511242e+01 6.441903752486932433e+01 2.359047120076555260e+01 3.800000000000000600e-02
1.065773210539180660e+01 6.502789360856849044e+01 2.431437428603971185e+01 3.800000000000000600e-02
1.135414078959355422e+01 6.546597877557820766e+01 2.317988043482824168e+01 3.800000000000000600e-02
9.703267447612935470e+00 6.707181527869558124e+01 2.322491727369148151e+01 4.226529122120725734e-02
1.187615586753996588e+01 6.616764914861106206e+01 2.195619498384897739e+01 3.800000000000002681e-02
1.064171523346986348e+01 6.629694004178048772e+01 2.306134472474964525e+01 3.800000000000002681e-02
1.106673174373453428e+01 6.773887400806924575e+01 2.119439424819621465e+01 3.800000000000002681e-02
9.492037714382917102e+00 6.907671272860589795e+01 2.143124955701117429e+01 4.190820520234475599e-02
1.217244922711659605e+01 6.786676506509533624e+01 1.996078570778806238e+01 3.799999999999999906e-02
1.080342851886776323e+01 6.842006828957393338e+01 2.077650319155830516e+01 3.799999999999999906e-02
1.145971363439778301e+01 6.921748493751694298e+01 1.932280142808528467e+01 3.799999999999999906e-02
9.846903852334822460e+00 7.073007659620080290e+01 1.942301955146437820e+01 4.089822767087807065e-02
1.205161623179733432e+01 6.743546720024484387e+01 2.051291656795782714e+01 3.799999999999999906e-02
1.080990292119411222e+01 6.742853461283817751e+01 2.176156246596772093e+01 3.799999999999999906e-02
1.132047099347816754e+01 6.845399364498392458e+01 2.022553536153790077e+01 3.799999999999999906e-02
9.595315169055492532e+00 7.009600685713581925e+01 2.030867797380868467e+01 4.050222775614135268e-02
1.193596793205393958e+01 6.610813927011881219e+01 2.195589279782723935e+01 3.800000000000000600e-02
9.976120339169247231e+00 6.831264980010791987e+01 2.171122986072283112e+01 3.800000000000000600e-02
1.107123578944126763e+01 6.768934146352658843e+01 2.123942274703216171e+01 3.800000000000000600e-02
9.074485591755333758e+00 7.052584164505098840e+01 2.039967276319368139e+01 3.995780461312709031e-02
1.196992423099527691e+01 6.758291631038839853e+01 2.044715945861632633e+01 3.799999999999999906e-02
1.026233085154241387e+01 6.879307219296924814e+01 2.094459695548833622e+01 3.799999999999999906e-02
1.082769717587683367e+01 6.929115079217923778e+01 1.988115203194392677e+01 3.799999999999999906e-02
9.601725752267579850e+00 7.001761465754162828e+01 2.038065959019079898e+01 3.956154992321096048e-02
1.067682385345017160e+01 6.919397699607777952e+01 2.012919915047205066e+01 3.799999999999999906e-02
9.138865217694604581e+00 7.019512236966799890e+01 2.066601241263738942e+01 3.799999999999999906e-02
1.013896839017030693e+01 6.997398215428115975e+01 1.988704945554854575e+01 3.799999999999999906e-02
8.280614811881756410e+00 7.175858977889112111e+01 1.996079540922711715e+01 4.101041537390453379e-02
1.044417034872757633e+01 6.838374971975281369e+01 2.117207993151960110e+01 3.799999999999999906e-02
9.489889426302848818e+00 6.830730599207669229e+01 2.220280458162046955e+01 3.799999999999999906e-02
1.005014172757084268e+01 6.909021931897193269e+01 2.085963895345722818e+01 3.799999999999999906e-02
8.159782584693697771e+00 7.122092288976847385e+01 2.061929452553781061e+01 4.061285210088863562e-02
1.040210405382765124e+01 6.744970237592974627e+01 2.214819357024260071e+01 3.799999999999999906e-02
9.091021009738971870e+00 6.784105706404950809e+01 2.306792192621153248e+01 3.799999999999999906e-02
9.797357776543709207e+00 6.846138296434304493e+01 2.174125925911324941e+01 3.799999999999999906e-02
8.203218677025295946e+00 6.955900688984678482e+01 2.223777443312792812e+01 4.003607704421244251e-02
1.020802924506158860e+01 6.910778805208818198e+01 2.068418270285022942e+01 3.799999999999999906e-02
8.990732200866325741e+00 6.947851819310339749e+01 2.153074960603026611e+01 3.799999999999999906e-02
9.622038881179580727e+00 6.999518186649287088e+01 2.038277925232754484e+01 3.799999999999999906e-02
7.947788801875643294e+00 7.137013005692855927e+01 2.068208114119580543e+01 3.968762607851274854e-02
1.103293954659885756e+01 6.857896104776391155e+01 2.038809940563723444e+01 3.799999999999999906e-02
9.676204608436576038e+00 6.932618689154708136e+01 2.099760850001633372e+01 3.799999999999999906e-02
9.968686221639130096e+00 7.041667591563548001e+01 1.961463786272539167e+01 3.799999999999999906e-02
8.425254746436776188e+00 7.153134641180203346e+01 2.004339884176119924e+01 3.898913401957451036e-02
1.102414683004488083e+01 6.789561922944723449e+01 2.108023394050788113e+01 3.800000000000004069e-02
9.827326243878072631e+00 6.763750204431090651e+01 2.253517171181101375e+01 3.800000000000004069e-02
1.037116020807202332e+01 6.866809258685026407e+01 2.096074720507771971e+01 3.800000000000004069e-02
8.523033698181121665e+00 7.062992768811895417e+01 2.084703861369992950e+01 3.854245190798741977e-02
1.107286905816511613e+01 6.641682010645544665e+01 2.251031083537943545e+01 3.799999999999999906e-02
9.664581471718802774e+00 6.652341787284638031e+01 2.381200065543480449e+01 3.799999999999999906e-02
1.035161145602704025e+01 6.722739924667411060e+01 2.242098929729885981e+01 3.799999999999999906e-02
8.542519691693598816e+00 6.889794783780804721e+01 2.255953247049835753e+01 3.801822832417250247e-02
1.112708708733741680e+01 6.757517693100434997e+01 2.129773598165824566e+01 3.799999999999999906e-02
9.652636140503654261e+00 6.805309424080570579e+01 2.229426961869064172e+01 3.799999999999999906e-02
1.024954514119406745e+01 6.888449751406206190e+01 2.086595734474385466e+01 3.799999999999999906e-02
8.340586927700458730e+00 7.072930382890798739e+01 2.093010924339156276e+01 3.799999999999999906e-02
