EM1 EM2 EM3 cv
4.265188092507750639e+01 3.398842144519995401e+01 2.335969762972253960e+01 4.558250003145136037e-02
4.299779006351605659e+01 3.798527410816920025e+01 1.901693582831475737e+01 5.021487812298390530e-02
4.174947705745693582e+01 3.762043072267515953e+01 2.063009221986790109e+01 4.750059036494257841e-02
4.234358539798728316e+01 3.710697313443623813e+01 2.054944146757648582e+01 5.031133479267198977e-02
4.323867422243653635e+01 3.603654176506412199e+01 2.072478401249934166e+01 5.085666519486330139e-02
4.171467274341867437e+01 3.420469487298571210e+01 2.408063238359561353e+01 4.498008268686025379e-02
4.264475332532143170e+01 3.736006606339081060e+01 1.999518061128776480e+01 4.954846532686175281e-02
4.141030137776698439e+01 3.695677902798428960e+01 2.163291959424871891e+01 4.681780070740665378e-02
4.206030772785510408e+01 3.638704775338739950e+01 2.155264451875748932e+01 4.971228070958896850e-02
4.195824942729678497e+01 3.622952745948132502e+01 2.181222311322190777e+01 5.014682326646135307e-02
4.106780659152098423e+01 3.345766834963122704e+01 2.547452505884778517e+01 4.465180607497313409e-02
4.202690168768147316e+01 3.662971086425124412e+01 2.134338744806728627e+01 4.894060332397115465e-02
4.075804981503458890e+01 3.627318557814059830e+01 2.296876460682481635e+01 4.642189066361708527e-02
4.139769148647416586e+01 3.572285822663181420e+01 2.287945028689402349e+01 4.939974456377955320e-02
4.130213476875336198e+01 3.556330542485808621e+01 2.313455980638855181e+01 4.983039137110566869e-02
4.145360414284628092e+01 3.461158794681575301e+01 2.393480791033796251e+01 4.444730360528997143e-02
4.234152762273718906e+01 3.775401970347149927e+01 1.990445267379131522e+01 4.902617743995800470e-02
4.114880492962920755e+01 3.735825631367787025e+01 2.149293875669292575e+01 4.639604466577734038e-02
4.185816852832389401e+01 3.667982285732532688e+01 2.146200861435076845e+01 4.921457256080004339e-02
4.172610794763080122e+01 3.662471631008831707e+01 2.164917574228086750e+01 4.976895229297771672e-02
4.431605081085233167e+01 3.141733802525366315e+01 2.426661116389401229e+01 4.509417996568620968e-02
4.545184534715685487e+01 3.435725490465656407e+01 2.019089974818658462e+01 4.995584438712234732e-02
4.415229431813137495e+01 3.404288317114173168e+01 2.180482251072688626e+01 4.730112557567150294e-02
4.477892526029069131e+01 3.349773248959566985e+01 2.172334225011365305e+01 5.000604434200967008e-02
4.465287797883237886e+01 3.338776043890739942e+01 2.195936158226023238e+01 5.045644821071493258e-02
4.397547380804009975e+01 3.078203971714212628e+01 2.524248647481777397e+01 4.447064162328849546e-02
4.506659329333986364e+01 3.374441512698412282e+01 2.118899157967600644e+01 4.926289542430808271e-02
4.375293620260502081e+01 3.342577782294272026e+01 2.282128597445226958e+01 4.659539293941931948e-02
4.458655494616071735e+01 3.277402561707742734e+01 2.263941943676186241e+01 4.938825105783790914e-02
4.533779458958149178e+01 3.189626007149035658e+01 2.276594533892814809e+01 4.972141207997000933e-02
4.311899762116445345e+01 3.025206671957367277e+01 2.662893565926187378e+01 4.420592723662284534e-02
4.670232680727997376e+01 3.133773182983550143e+01 2.195994136288452481e+01 4.867859088435473602e-02
4.306270297095678501e+01 3.276992106259368853e+01 2.416737596644952646e+01 4.623879352208803278e-02
4.371278664736414044e+01 3.221223698540149627e+01 2.407497636723437040e+01 4.911252522142470212e-02
4.358937909193112858e+01 3.210178062472689220e+01 2.430884028334198277e+01 4.944009176367678005e-02
4.391731845871991169e+01 3.096171647054580234e+01 2.512096507073428242e+01 4.396605606550247486e-02
4.479677935939121625e+01 3.412345277074035721e+01 2.107976786986841233e+01 4.876615600923935728e-02
4.370708257212316994e+01 3.368081838965122898e+01 2.261209903822560818e+01 4.620679786602884670e-02
4.413209149653152963e+01 3.325797721852603672e+01 2.260993128494243720e+01 4.891861467824715898e-02
4.462411349753302403e+01 3.274210852346601541e+01 2.263377797900095345e+01 4.937183505741003786e-02
4.354234854408932875e+01 3.290785945695091641e+01 2.354979199895974773e+01 4.455864017872498278e-02
4.459084855532257308e+01 3.594546948309159973e+01 1.946368196158582364e+01 4.901753260076072843e-02
4.336320028002332094e+01 3.554908571915240856e+01 2.108771400082428116e+01 4.647453118145195017e-02
4.390707596858066353e+01 3.504812074867838589e+01 2.104480328274094703e+01 4.908890461220129231e-02
4.382731034869194531e+01 3.492663416840254342e+01 2.124605548290552548e+01 4.966104297647799815e-02
4.389889281658754072e+01 3.175182514754765606e+01 2.434928203586479611e+01 4.391076249242781976e-02
4.417352421333225010e+01 3.535740479658337421e+01 2.046907099008439701e+01 4.831049611983583708e-02
4.296280444763295492e+01 3.493744331456900909e+01 2.209975223779803599e+01 4.575132713705675619e-02
4.352189878849777926e+01 3.445216367305430083e+01 2.202593753844792701e+01 4.845505988392864033e-02
4.348182475235731914e+01 3.422297968729125728e+01 2.229519556035142003e+01 4.890938918110394190e-02
4.288471730895354028e+01 3.125341679131796724e+01 2.586186589972849248e+01 4.364035758862453568e-02
4.347845319651050033e+01 3.470847542241671135e+01 2.181307138107278476e+01 4.772548099192120558e-02
4.230115805917502314e+01 3.427540625818885189e+01 2.342343568263611786e+01 4.539411703255795405e-02
4.285875041504426974e+01 3.381459613038055778e+01 2.332665345457516892e+01 4.817705820574891967e-02
4.308877514210111315e+01 3.343668812395168999e+01 2.347453673394720397e+01 4.862673327102705334e-02
4.300146020492523746e+01 3.261015638744731859e+01 2.438838340762744394e+01 4.342188663952095684e-02
4.407791637548546504e+01 3.557715146613142565e+01 2.034493215838311642e+01 4.781770004823285986e-02
4.276125098409524838e+01 3.528458383774810159e+01 2.195416517815665713e+01 4.537098169964911415e-02
4.321058181148151789e+01 3.481753358859592851e+01 2.197188459992256071e+01 4.799203289507330411e-02
4.327705714642235790e+01 3.456049901730784057e+01 2.216244383626981218e+01 4.856823720248028275e-02
4.293128799745451118e+01 3.317409674477281811e+01 2.389461525777267425e+01 4.482916521142465971e-02
4.368485483256830548e+01 3.642506525724324717e+01 1.989007991018844379e+01 4.941611921932304030e-02
4.247144143665342142e+01 3.599423261152129783e+01 2.153432595182528431e+01 4.684706655371448369e-02
4.308957693694363655e+01 3.543278362442615048e+01 2.147763943863021296e+01 4.922127732195592797e-02
4.297342246702577739e+01 3.532852353795007616e+01 2.169805399502415710e+01 4.984853206657298419e-02
4.490243607185653474e+01 3.097296516385686971e+01 2.412459876428659911e+01 4.416677367095982187e-02
4.335078761990656204e+01 3.576467060215902904e+01 2.088454177793440536e+01 4.868924645745217189e-02
4.212401470098172496e+01 3.533056450413689475e+01 2.254542079488136963e+01 4.610307028059630607e-02
4.265217896167371947e+01 3.488482764312892215e+01 2.246299339519736193e+01 4.856864061940460026e-02
4.258303098542025111e+01 3.469967926735122887e+01 2.271728974722850936e+01 4.907923913531998805e-02
4.189747736251548105e+01 3.181412252307082866e+01 2.628840011441369029e+01 4.386531939523165974e-02
4.261365043889236404e+01 3.512085588616850629e+01 2.226549367493913323e+01 4.807886763797138835e-02
4.285030037402549397e+01 3.349162491198279668e+01 2.365807471399170581e+01 4.572107819928774436e-02
4.318015441978511859e+01 3.351662845917634570e+01 2.330321712103854637e+01 4.826584253056677432e-02
4.373509714264111636e+01 3.265132965636311724e+01 2.361357320099576285e+01 4.877207447607077861e-02
4.337624009945000125e+01 3.199632164421594283e+01 2.462743825633406303e+01 4.367900694007908341e-02
4.310912071679751989e+01 3.610659448679751193e+01 2.078428479640496462e+01 4.820130363142816066e-02
4.189727432612837532e+01 3.571178727605548175e+01 2.239093839781614292e+01 4.573014198888376847e-02
4.245060587566617016e+01 3.519537847416939513e+01 2.235401565016443826e+01 4.810431550144652485e-02
4.232219861999062260e+01 3.509290712873874440e+01 2.258489425127062944e+01 4.873863100808948495e-02
4.290854334841920803e+01 3.298278764110871464e+01 2.410866901047207733e+01 4.420124543137448486e-02
4.369769497321640017e+01 3.622467876574064150e+01 2.007762626104295478e+01 4.858059817354969806e-02
4.253652505605003853e+01 3.571815509358530960e+01 2.174531985036466253e+01 4.595497714765681141e-02
4.308074611426649625e+01 3.530693119122392432e+01 2.161232269450957233e+01 4.866298897573108351e-02
4.300806308904316211e+01 3.514729108533466473e+01 2.184464582562217316e+01 4.928462643170998525e-02
4.457875678290452015e+01 3.081648959006286148e+01 2.460475362703262192e+01 4.351231664944830990e-02
4.339318935174848235e+01 3.554040104169565950e+01 2.106640960655585459e+01 4.782408564194778194e-02
4.211544067258860480e+01 3.514534650397825999e+01 2.273921282343312811e+01 4.518024581106822035e-02
4.270030491411608864e+01 3.467427307382559576e+01 2.262542201205831560e+01 4.798549532061918005e-02
4.264424825343365910e+01 3.443695692291858279e+01 2.291879482364775455e+01 4.848935223360718860e-02
4.189172826229509639e+01 3.152393045872763011e+01 2.658434127897726995e+01 4.322456551889216486e-02
4.273919261287105087e+01 3.482893746708176508e+01 2.243186992004718405e+01 4.721552348910532104e-02
4.229883701606309643e+01 3.384205937625193883e+01 2.385910360768495764e+01 4.480733836401329384e-02
4.328725904116260637e+01 3.265501001803776404e+01 2.405773094079963670e+01 4.769385149765324045e-02
4.296148083194674427e+01 3.282784389471725461e+01 2.421067527333599401e+01 4.819317557723573620e-02
4.297697002181057258e+01 3.234132843722372286e+01 2.468170154096571522e+01 4.303000178098254080e-02
4.306576373153637149e+01 3.595172867043983445e+01 2.098250759802377630e+01 4.733528079142423212e-02
4.192120517150578252e+01 3.550120786041287602e+01 2.257758696808134502e+01 4.480981181612801040e-02
4.247774690654848939e+01 3.502651522796233508e+01 2.249573786548916488e+01 4.752523588692443568e-02
4.240524901050662976e+01 3.485764048761793532e+01 2.273711050187543847e+01 4.815431406538990544e-02
4.382982869835024786e+01 3.364201042373790784e+01 2.252816087791184074e+01 4.562563184659892968e-02
4.475981020595803983e+01 3.678365228190084935e+01 1.845653751214111082e+01 5.098952491560015954e-02
4.323955050927419563e+01 3.660881064464248880e+01 2.015163884608331912e+01 4.779963071504171601e-02
4.399307130003742827e+01 3.594153891750297447e+01 2.006538978245960791e+01 5.070652820609932582e-02
4.396645709272812752e+01 3.577923023689281479e+01 2.025431267037906480e+01 5.116820486469956381e-02
4.342579511071552645e+01 3.305514897356395210e+01 2.351905591572052145e+01 4.499039109855458574e-02
4.410454686687873505e+01 3.635761625310643552e+01 1.953783688001484009e+01 5.031716770012426704e-02
4.301723238185010700e+01 3.587992524237292713e+01 2.110284237577696231e+01 4.709679105916993180e-02
4.363899127663253097e+01 3.528253661436267663e+01 2.107847210900479240e+01 5.009214266535493704e-02
4.359106754214165846e+01 3.513890950627534693e+01 2.127002295158298750e+01 5.044251642252783191e-02
4.289072119506348457e+01 3.218955033174417935e+01 2.491972847319233253e+01 4.455001136714092230e-02
4.343324416593268467e+01 3.569510961673890392e+01 2.087164621732841141e+01 4.963977940297274044e-02
4.236437008113421854e+01 3.518236148297798849e+01 2.245326843588780008e+01 4.660902312432124023e-02
4.302577836368616460e+01 3.460846562784767855e+01 2.236575600846615686e+01 4.969413851057604553e-02
4.295940545675083655e+01 3.444037864084568668e+01 2.260021590240345546e+01 5.003870732420209050e-02
4.318744601125464300e+01 3.344861517813205865e+01 2.336393881061330902e+01 4.443766949562262536e-02
4.385647915998784185e+01 3.669560489542900683e+01 1.944791594458315842e+01 4.978056559619646604e-02
4.276830955975042059e+01 3.626791976325168321e+01 2.096377067699790686e+01 4.665540536767018298e-02
4.339295392078376068e+01 3.565695526631961343e+01 2.095009081289662234e+01 4.958129788537143229e-02
4.342693751209800013e+01 3.542867689751106042e+01 2.114438559039092880e+01 5.004624957664869506e-02
4.733015497076310396e+01 2.938581046250499540e+01 2.328403456673190064e+01 4.534487505904324922e-02
4.696741741202006892e+01 3.339573678665865941e+01 1.963684580132127522e+01 5.093004232718711249e-02
4.586218543264859449e+01 3.294046410336445518e+01 2.119735046398695744e+01 4.779190489888666266e-02
4.642307301476906645e+01 3.241821900668520584e+01 2.115870797854571705e+01 5.059530323025342863e-02
4.630953037595669031e+01 3.231662068970980783e+01 2.137384893433350541e+01 5.096190187819812228e-02
4.599409045147859132e+01 2.944058875001641695e+01 2.456532079850499528e+01 4.469420286451220026e-02
4.653237626213991973e+01 3.283193969169932558e+01 2.063568404616075824e+01 5.023198614620517227e-02
4.548602860882117938e+01 3.226854378001708312e+01 2.224542761116173750e+01 4.707361940958069979e-02
4.604550732755965470e+01 3.176726886398850525e+01 2.218722380845183650e+01 4.996406660802119731e-02
4.594988491414581233e+01 3.166531383680031198e+01 2.238480124905386148e+01 5.021610194894357559e-02
4.483138484652293698e+01 2.918053476314262795e+01 2.598808039033443862e+01 4.431478793198231902e-02
4.668614896911803669e+01 3.143395777037417815e+01 2.187989326050779226e+01 4.957761471928865543e-02
4.479453749628382297e+01 3.162170804541713665e+01 2.358375445829903683e+01 4.662470488691054099e-02
4.551267910341930900e+01 3.096900090595126187e+01 2.351831999062942913e+01 4.960152388641470012e-02
4.549974978525633418e+01 3.079736809506950124e+01 2.370288211967416814e+01 4.984550313777479785e-02
4.563130906213800841e+01 2.985987018855332664e+01 2.450882074930867205e+01 4.416885896972411185e-02
4.644713161204830953e+01 3.306256818149505250e+01 2.049030020645663441e+01 4.972206898363332184e-02
4.518725819307509539e+01 3.272227170792341155e+01 2.209047009900150371e+01 4.666484010382934700e-02
4.616245624739614328e+01 3.197901443976299873e+01 2.185852931284085443e+01 4.948012401119265130e-02
4.567021716580993029e+01 3.206766174197846198e+01 2.226212109221160773e+01 4.984668758834757268e-02
4.534732365974040391e+01 3.171581441375121457e+01 2.293686192650838862e+01 4.490131701537830589e-02
4.609574465758694117e+01 3.490734262195958593e+01 1.899691272045348356e+01 5.010205733757606278e-02
4.499473656219379336e+01 3.446661783192516282e+01 2.053864560588104737e+01 4.707154075626806405e-02
4.553306608427502766e+01 3.397965258766666352e+01 2.048728132805828750e+01 4.978378150415196934e-02
4.553562169135588533e+01 3.376198744759543047e+01 2.070239086104868065e+01 5.026217239497162564e-02
4.622038881180129977e+01 3.003324251737646478e+01 2.374636867082223546e+01 4.422341611514820497e-02
4.567561887626914086e+01 3.436548532469988260e+01 1.995889579903096589e+01 4.939407061055631903e-02
4.457973766152243655e+01 3.386004847116788596e+01 2.156021386730967748e+01 4.633569102807501977e-02
4.522142655121665200e+01 3.331837019373030984e+01 2.146020325505304527e+01 4.913462191654002775e-02
4.506498992133198556e+01 3.319194883753795011e+01 2.174306124113006788e+01 4.949794272387209038e-02
4.610730051290592257e+01 2.897187752322073706e+01 2.492082196387333326e+01 4.383615081187609147e-02
4.508704166320234918e+01 3.361281612485601755e+01 2.130014221194162261e+01 4.873581433797834900e-02
4.470028206627463874e+01 3.263529875728588792e+01 2.266441917643947335e+01 4.588159853742240779e-02
4.686407772789644355e+01 3.084767449512294490e+01 2.228824777698060089e+01 4.876833513101853229e-02
4.752146130200527097e+01 3.015229643460445175e+01 2.232624226339027018e+01 4.912564142178593024e-02
4.556911506854634553e+01 3.068219095426232457e+01 2.374869397719132635e+01 4.371604431168898269e-02
4.543765741261359636e+01 3.469277287051097147e+01 1.986956971687542506e+01 4.888894830511696099e-02
4.440098463710289423e+01 3.420470456072902010e+01 2.139431080216807501e+01 4.593497139860370365e-02
4.492024394305997248e+01 3.371060629421472754e+01 2.136914976272529998e+01 4.865630778198832412e-02
4.486803993411547253e+01 3.354994250820074342e+01 2.158201755768378050e+01 4.913823092876156567e-02
4.496513868874030351e+01 3.141939525338417027e+01 2.361546605787552267e+01 4.513373533045826613e-02
4.518697446357600001e+01 3.538486607382073856e+01 1.942815946260326854e+01 5.043648061593907633e-02
4.417249489495419823e+01 3.487123700834467144e+01 2.095626809670113389e+01 4.739344243902515741e-02
4.468013348849478916e+01 3.439292144397507656e+01 2.092694506753012718e+01 4.987602592905745341e-02
4.459527928303923971e+01 3.428155107019502879e+01 2.112316964676573505e+01 5.041093362397900540e-02
4.431325178472641824e+01 3.135871471908835417e+01 2.432803349618522404e+01 4.444500112478295961e-02
4.479939056499658534e+01 3.481506348413791585e+01 2.038554595086548460e+01 4.971095665401756986e-02
4.373689289399891322e+01 3.426082699398649822e+01 2.200228011201458500e+01 4.663941366028717672e-02
4.416989281101083975e+01 3.386877231365384944e+01 2.196133487533532147e+01 4.921192310399712111e-02
4.408293030836257742e+01 3.366201228340265317e+01 2.225505740823476586e+01 4.963261442651200478e-02
4.347704113342317100e+01 3.070033490649229080e+01 2.582262396008454175e+01 4.402689137142767190e-02
4.408470055611806515e+01 3.415870274696003861e+01 2.175659669692188913e+01 4.902851364190857070e-02
4.327153690839874400e+01 3.336489344330222906e+01 2.336356964829902338e+01 4.616080584277459931e-02
4.517856482763265547e+01 3.197621956877599203e+01 2.284521560359134895e+01 4.882095325528997692e-02
4.352459497537322619e+01 3.298714299564239383e+01 2.348826202898437643e+01 4.923477911710327087e-02
4.388841269278889001e+01 3.187491799779092005e+01 2.423666930942018993e+01 4.393702043737993806e-02
4.456136169987789231e+01 3.514484515321288427e+01 2.029379314690924474e+01 4.920854880071873216e-02
4.355132047882376156e+01 3.461772980975451475e+01 2.183094971142174145e+01 4.624389442153851310e-02
4.402682447662441234e+01 3.418202121459265896e+01 2.179115430878293580e+01 4.873093044744241514e-02
4.398161271960596252e+01 3.400510108488653316e+01 2.201328619550750076e+01 4.927074503077479017e-02
4.508853776351125475e+01 3.160166433498958938e+01 2.330979790149915232e+01 4.452234298314047128e-02
4.521733369087045418e+01 3.521672099337699535e+01 1.956594531575255758e+01 4.964269929025443007e-02
4.411000787643672538e+01 3.473263149586647813e+01 2.115736062769679648e+01 4.653592459850026952e-02
4.484141623559318646e+01 3.413815859548235920e+01 2.102042516892446855e+01 4.934020414599503412e-02
4.483791585092962606e+01 3.387442480512444121e+01 2.128765934394592918e+01 4.986901898583580989e-02
4.690840537157647816e+01 2.890209407696190169e+01 2.418950055146162015e+01 4.380197780898680698e-02
4.478932086391686340e+01 3.462362306949212609e+01 2.058705606659100340e+01 4.888452401474181058e-02
4.371682857376178077e+01 3.410509236846666425e+01 2.217807905777154076e+01 4.574923808979591139e-02
4.429366018829631457e+01 3.361953510883755314e+01 2.208680470286614295e+01 4.864894484182637202e-02
4.441627024757949727e+01 3.325506910347492351e+01 2.232866064894557923e+01 4.906099671550819691e-02
4.353118232848443370e+01 3.054606655859658559e+01 2.592275111291898781e+01 4.339539790460216623e-02
4.411394474363037688e+01 3.394387613256571257e+01 2.194217912380392121e+01 4.820298401777553532e-02
4.479620154203525573e+01 3.231236649591213705e+01 2.289143196205260367e+01 4.527911359743902464e-02
4.439438881895334532e+01 3.247662915850772691e+01 2.312898202253892421e+01 4.826870516761123941e-02
4.365540375775528048e+01 3.264871590220727171e+01 2.369588034003744426e+01 4.867247869167019847e-02
4.564113871406597411e+01 3.055088679247645800e+01 2.380797449345756078e+01 4.330081985740671241e-02
4.454506601182092851e+01 3.496626527944972906e+01 2.048866870872934598e+01 4.838259048323528821e-02
4.352618046462870893e+01 3.444981044837109607e+01 2.202400908700019144e+01 4.535634652415218571e-02
4.410950928984336628e+01 3.393414415184179234e+01 2.195634655831484494e+01 4.817395448698545690e-02
4.404470189481542519e+01 3.377363992944361115e+01 2.218165817574095300e+01 4.870688160525130095e-02
4.674279478794242237e+01 3.071821003982841347e+01 2.253899517222916771e+01 4.545547129685116594e-02
4.729572504028393354e+01 3.383542186396527995e+01 1.886885309575078296e+01 5.133509780419524826e-02
4.627993956170593748e+01 3.346139495630161065e+01 2.025866548199244832e+01 4.786470386858130560e-02
4.686239805069729414e+01 3.288791884277492983e+01 2.024968310652777603e+01 5.091803114772429362e-02
4.685529519710260615e+01 3.273946042718827698e+01 2.040524437570910976e+01 5.129447602343752827e-02
4.630389515984187199e+01 3.014453764248886714e+01 2.355156719766927154e+01 4.484172298145115698e-02
4.694305671136219615e+01 3.326785606773607640e+01 1.978908722090173100e+01 5.067890702983071649e-02
4.586993064165564959e+01 3.285719476804314354e+01 2.127287459030121042e+01 4.718178508585572917e-02
4.646423167450027591e+01 3.229995278753331434e+01 2.123581553796641330e+01 5.032286149406950404e-02
4.644164924477752265e+01 3.214105327656348265e+01 2.141729747865898759e+01 5.058212531258942518e-02
4.878019480200779157e+01 2.691467571230175437e+01 2.430512948569045406e+01 4.443404700941331470e-02
4.622835344547324610e+01 3.261785576158657562e+01 2.115379079294017828e+01 5.001077033764094598e-02
4.506701354928719638e+01 3.225510222089472734e+01 2.267788422981807983e+01 4.672064622737836376e-02
4.588035485708475392e+01 3.151635963558135600e+01 2.260328550733390074e+01 4.995660774551360928e-02
4.574048524761792578e+01 3.151827032013829566e+01 2.274124443224378567e+01 5.020762726585759061e-02
4.616911622690427208e+01 3.050847166540287247e+01 2.332241210769286255e+01 4.423519041791424550e-02
4.668563817321888365e+01 3.363838756463695034e+01 1.967597426214416245e+01 5.008514464096457119e-02
4.566209316811087859e+01 3.323234039768478709e+01 2.110556643420433431e+01 4.668845483816814329e-02
4.621348048642509099e+01 3.270154515721009858e+01 2.108497435636481399e+01 4.976337198492200575e-02
4.623919579077720954e+01 3.251178275341641921e+01 2.124902145580637480e+01 5.014139401698413517e-02
4.899932585709451871e+01 2.740294916774376333e+01 2.359772497516171796e+01 4.519960954743395404e-02
4.976545760952107855e+01 3.044573405696741375e+01 1.978880833351151125e+01 5.127974135017200619e-02
4.863109758994871612e+01 3.009190345208704187e+01 2.127699895796424201e+01 4.786818154584794593e-02
4.918925799237779017e+01 2.958443233658863036e+01 2.122630967103358302e+01 5.082102715356191791e-02
4.914871298322102433e+01 2.944458059828709651e+01 2.140670641849187206e+01 5.110265367936966258e-02
4.898767022820973693e+01 2.677765564446217539e+01 2.423467412732809123e+01 4.457762201759610937e-02
4.928941530143439564e+01 2.992306403091255973e+01 2.078752066765303752e+01 5.060327828968658875e-02
4.816655644066345587e+01 2.953903604360869650e+01 2.229440751572784407e+01 4.717084795037274764e-02
4.871044688193472183e+01 2.905304150112370820e+01 2.223651161694156997e+01 5.021116680986652953e-02
4.873968021850387800e+01 2.880869458516203352e+01 2.245162519633408493e+01 5.037225760983581047e-02
4.771922707850149692e+01 2.644961090839577977e+01 2.583116201310271975e+01 4.423786387879053567e-02
4.872143824030357706e+01 2.922527639803602639e+01 2.205328536166039299e+01 4.996243945599229686e-02
5.058880416710870520e+01 2.659700583236444515e+01 2.281419000052683899e+01 4.675098252277985061e-02
5.072608240781203648e+01 2.654195780091166412e+01 2.273195979127630295e+01 4.988514756755699914e-02
4.867287445626082132e+01 2.789822590449270123e+01 2.342889963924649166e+01 5.003569479375684359e-02
4.838560188862913236e+01 2.730418201365158737e+01 2.431021609771928027e+01 4.399809570706676720e-02
4.928692130852557085e+01 3.012281732782680876e+01 2.059026136364762749e+01 5.003712719168555006e-02
4.811824059109568452e+01 2.970642954597681751e+01 2.217532986292748731e+01 4.671174959128116672e-02
4.959945839716947802e+01 2.862110167644479830e+01 2.177943992638572368e+01 4.967902073374629024e-02
4.882836778845852166e+01 2.877813223577322077e+01 2.239349997576827178e+01 4.996044786002693666e-02
4.853568669979673444e+01 2.853124590616496548e+01 2.293306739403830008e+01 4.478138006844480795e-02
4.889318129926583367e+01 3.191689914919419735e+01 1.918991955153997608e+01 5.050332537026244739e-02
4.783749879120303206e+01 3.150197260488869233e+01 2.066052860390826851e+01 4.718694602482222805e-02
4.830919642279825155e+01 3.105639139654589442e+01 2.063441218065585758e+01 5.005631891871682726e-02
4.832048244477545040e+01 3.088056690129728210e+01 2.079895065392726750e+01 5.044225119126278384e-02
4.769482770768966873e+01 2.835819968564399218e+01 2.394697260666633198e+01 4.413155567913288474e-02
4.844505239474592884e+01 3.137690633712824706e+01 2.017804126812581700e+01 4.981217060047340994e-02
4.739541474102826157e+01 3.093253949867620989e+01 2.167204576029552854e+01 4.647009441791163931e-02
4.787643837729410023e+01 3.049420447034388104e+01 2.162935715236202938e+01 4.942746542281949845e-02
4.785416957273732663e+01 3.031111651705082366e+01 2.183471391021185326e+01 4.969412512694737494e-02
4.802412919737718511e+01 2.671028653490656524e+01 2.526558426771623900e+01 4.378106866631791688e-02
4.769277259533534874e+01 3.079558854929802791e+01 2.151163885536662335e+01 4.916804620203390347e-02
4.720200210213911163e+01 2.999945192457252219e+01 2.279854597328836263e+01 4.604521243847264217e-02
4.968976151230562266e+01 2.826528069052448089e+01 2.204495779716989645e+01 4.909702231199195716e-02
4.766668851660504913e+01 2.933877313683095167e+01 2.299453834656399920e+01 4.935468134433997067e-02
4.766799919018412623e+01 2.853500669168316151e+01 2.379699411813271581e+01 4.356630826786993954e-02
4.830926463026452211e+01 3.162146943906588348e+01 2.006926593066960862e+01 4.924859371604789482e-02
4.737634833990295391e+01 3.115624648666149810e+01 2.146740517343555510e+01 4.601790400314583612e-02
4.769260528095025364e+01 3.083718059924409616e+01 2.147021411980566441e+01 4.889976218503949701e-02
4.768752840154392914e+01 3.065903796602287912e+01 2.165343363243318464e+01 4.928810511296465025e-02
4.851190526597356012e+01 2.838983732387924519e+01 2.309825741014719114e+01 4.493916120367309058e-02
4.803951539846518415e+01 3.239912841866095761e+01 1.956135618287385469e+01 5.075557494415464110e-02
4.695640679341536838e+01 3.192224788716132622e+01 2.112134531942330185e+01 4.742789486850604308e-02
4.744947097275288428e+01 3.153639706557729028e+01 2.101413196166982544e+01 5.008171469649041335e-02
4.748819106924725020e+01 3.130690970970976039e+01 2.120489922104299296e+01 5.052475084112072884e-02
4.725068027894891287e+01 2.855979060222821175e+01 2.418952911882287182e+01 4.427661615629439884e-02
4.768706551287123574e+01 3.179086146697775916e+01 2.052207302015100510e+01 5.004874405329189785e-02
4.658454312286563948e+01 3.135710975918127019e+01 2.205834711795307612e+01 4.669513661379088437e-02
4.701008202533967761e+01 3.099087863920688690e+01 2.199903933545343548e+01 4.944025272781963493e-02
4.752501626768466281e+01 3.042297958003593905e+01 2.205200415227941235e+01 4.976385533969333169e-02
4.684455835284971670e+01 2.735816264210635396e+01 2.579727900504392579e+01 4.389296510335748136e-02
4.804133029458773763e+01 3.031730496495341143e+01 2.164136474045884384e+01 4.937748236134227586e-02
4.591704835431104925e+01 3.064759454623481005e+01 2.343535709945413359e+01 4.624157376192390007e-02
4.633925364904086308e+01 3.035788627104917481e+01 2.330286007990996566e+01 4.908214439861952050e-02
4.869261866873218736e+01 2.855372541714759649e+01 2.275365591412021971e+01 4.939729997202097628e-02
4.979958978368912881e+01 2.693787663620519268e+01 2.326253358010568206e+01 4.371243188397151702e-02
4.737688006406803964e+01 3.218465925940053296e+01 2.043846067653143450e+01 4.948874330496395163e-02
4.638675618446199422e+01 3.173575256644669906e+01 2.187749124909131027e+01 4.624887932992573919e-02
4.698760286343374304e+01 3.116554951100432191e+01 2.184684762556193149e+01 4.891010753411744599e-02
4.681856721405410582e+01 3.114683085543215313e+01 2.203460193051374816e+01 4.935924022372489145e-02
4.786327512619885738e+01 2.878756654993627961e+01 2.334915832386486656e+01 4.437390019104164168e-02
4.799578632519257582e+01 3.225843018691405462e+01 1.974578348789337667e+01 5.002864248527355562e-02
4.701700142698229712e+01 3.178584042171014445e+01 2.119715815130756553e+01 4.663515194280802578e-02
4.750447306090514132e+01 3.132218295290125809e+01 2.117334398619360059e+01 4.959457531118564855e-02
4.750023434214093498e+01 3.115402859266638558e+01 2.134573706519268654e+01 5.003513059306402555e-02
4.977843747723825629e+01 2.656899327345945139e+01 2.365256924930228521e+01 4.368319938005797709e-02
4.754995710806691278e+01 3.170546782895581472e+01 2.074457506297726894e+01 4.929154421486922621e-02
4.653312208185078447e+01 3.122536348287265540e+01 2.224151443527655658e+01 4.586939884343411294e-02
4.787667465842958592e+01 3.029799772457349505e+01 2.182532761699691193e+01 4.892619098433823033e-02
4.708189679916105064e+01 3.051701437733793298e+01 2.240108882350101283e+01 4.924378951065736670e-02
4.638294175320965707e+01 2.783045910359068031e+01 2.578659914319966617e+01 4.331458859282925206e-02
4.715899259910541019e+01 3.088108166459632997e+01 2.195992573629826339e+01 4.862298042738050913e-02
4.678739419244151776e+01 2.949548515830952411e+01 2.371712064924895458e+01 4.542671236976529581e-02
4.870427839638241352e+01 2.865446599177796472e+01 2.264125561183962176e+01 4.857926662285465269e-02
4.752487238395662672e+01 2.878463071435166398e+01 2.369049690169170219e+01 4.888877961865063793e-02
4.874065095648804657e+01 2.751630986606782159e+01 2.374303917744413184e+01 4.312570273334577486e-02
4.735621622720940849e+01 3.202810932702748659e+01 2.061567444576309427e+01 4.873142443439050508e-02
4.636880179979593919e+01 3.158180415497456295e+01 2.204939404522949786e+01 4.542548878533397838e-02
4.687556731201623705e+01 3.110509905796074293e+01 2.201933363002302357e+01 4.840189498123868839e-02
4.686976336402167220e+01 3.092734605888408694e+01 2.220289057709423020e+01 4.884581769296295756e-02
4.521702163534200025e+01 3.170127765287382005e+01 2.308170071178417970e+01 4.622619400588446475e-02
4.572718484989550092e+01 3.500686504644981767e+01 1.926595010365468497e+01 5.199952692429301443e-02
4.465055174724136577e+01 3.461105437562839171e+01 2.073839387713024252e+01 4.862470586051315796e-02
4.514725954723982682e+01 3.408885152020104670e+01 2.076388893255913359e+01 5.204163407102403022e-02
4.521152076604128212e+01 3.389525674567511260e+01 2.089322248828360884e+01 5.219052734764113854e-02
4.485477358779274937e+01 3.106892993289834948e+01 2.407629647930890471e+01 4.562899696819662509e-02
4.533851155880288530e+01 3.440394939008213271e+01 2.025753905111499265e+01 5.135702669143536736e-02
4.428161848779034671e+01 3.395014969646808822e+01 2.176823181574156152e+01 4.796145218516575937e-02
4.475754845845447250e+01 3.346428567098022455e+01 2.177816587056530295e+01 5.146649100767791002e-02
4.480850866175720171e+01 3.323816951554393739e+01 2.195332182269885379e+01 5.149780907233866140e-02
4.423599397071230044e+01 3.023529559472188311e+01 2.552871043456580580e+01 4.525449656924465658e-02
4.460944765963873948e+01 3.374494043722413039e+01 2.164561190313713723e+01 5.072572386977089454e-02
4.360655648952121055e+01 3.327997326932570843e+01 2.311347024115308812e+01 4.752817659104864589e-02
4.430811433417233047e+01 3.267654530749196340e+01 2.301534035833569902e+01 5.112345826478531530e-02
4.412959190968366130e+01 3.257703950107472224e+01 2.329336858924162001e+01 5.114767097529757806e-02
4.469288749139111161e+01 3.134651854667849946e+01 2.396059396193039248e+01 4.495631106822578493e-02
4.513821714805418850e+01 3.472716015788355293e+01 2.013462269406225502e+01 5.071335902817222796e-02
4.410101788061500372e+01 3.430309459405853545e+01 2.159588752532645373e+01 4.740831775076961158e-02
4.453734485432044465e+01 3.383251427348414353e+01 2.163014087219541537e+01 5.085170617392598819e-02
4.461667876772695251e+01 3.361917461197052859e+01 2.176414662030252600e+01 5.099864985608532769e-02
4.759087161944170674e+01 2.841889409154378043e+01 2.399023428901450927e+01 4.606141231347578996e-02
4.818913514274468923e+01 3.152709544932063679e+01 2.028376940793468108e+01 5.201810500438878299e-02
4.706956069872655490e+01 3.111577834764168315e+01 2.181466095363176549e+01 4.870402199473404525e-02
4.747553321400864945e+01 3.071716317189825673e+01 2.180730361409309737e+01 5.202563398188496391e-02
4.757519406972942022e+01 3.045993695048404248e+01 2.196486897978652664e+01 5.208030881922329214e-02
4.696352522356387027e+01 2.794783118949434453e+01 2.508864358694177810e+01 4.545488483584071704e-02
4.770101980551772414e+01 3.097586285665529715e+01 2.132311733782697161e+01 5.135871806916446347e-02
4.676605731340693950e+01 3.035687384145108325e+01 2.287706884514198080e+01 4.802810280770959672e-02
4.703472196654409032e+01 3.012379720926614723e+01 2.284148082418976955e+01 5.143645990275238361e-02
4.700701464734107304e+01 2.997216299367605430e+01 2.302082235898287976e+01 5.137325412657129525e-02
4.631626417069566060e+01 2.714722419485766380e+01 2.653651163444667560e+01 4.514803317515043296e-02
4.939938974333654187e+01 2.885297022197782724e+01 2.174764003468562734e+01 5.075555194120123098e-02
4.661930282627211852e+01 2.915827641095154377e+01 2.422242076277634126e+01 4.764166195373165796e-02
4.670364818167875853e+01 2.925895022208699103e+01 2.403740159623424688e+01 5.113603204141173308e-02
4.645735977413021089e+01 2.926012764074572914e+01 2.428251258512405641e+01 5.106259380418792793e-02
4.953046049339969414e+01 2.606913951789810113e+01 2.440039998870221183e+01 4.480901276114614834e-02
4.751333901666269099e+01 3.127722720639735243e+01 2.120943377693997078e+01 5.074156473211863944e-02
4.644378834709662129e+01 3.089214205305923500e+01 2.266406959984415082e+01 4.750750353067181159e-02
4.740038673565186400e+01 2.987417945710218348e+01 2.272543380724594542e+01 5.084816542283224911e-02
4.714624515614255529e+01 3.004371829097287971e+01 2.281003655288455789e+01 5.089889811423100457e-02
4.785658170579883119e+01 2.917987074692263860e+01 2.296354754727853376e+01 4.566663045665737830e-02
4.728283195987561527e+01 3.299437021996104846e+01 1.972279782016333982e+01 5.127285099120076212e-02
4.624914091664783911e+01 3.259419187618630076e+01 2.115666720716587079e+01 4.805758856810347923e-02
4.662898484217122075e+01 3.219092847698330218e+01 2.118008668084548063e+01 5.129223661139990786e-02
4.669210248405777719e+01 3.198011843296916012e+01 2.132777908297306624e+01 5.144569889849350680e-02
4.807795556615712940e+01 2.803288336888668653e+01 2.388916106495618408e+01 4.503426613603946083e-02
4.683692779935334727e+01 3.245953160469665733e+01 2.070354059594999541e+01 5.059653749664148881e-02
4.584823211991578518e+01 3.195428739962331477e+01 2.219748048046090361e+01 4.735867122657868439e-02
4.621561580724637963e+01 3.159214825550217753e+01 2.219223593725144639e+01 5.068434342768980694e-02
4.620555525806994979e+01 3.140597355269640900e+01 2.238847118923364832e+01 5.071936071092785631e-02
4.655726471657960985e+01 2.755389357073241285e+01 2.588884171268797374e+01 4.471818262682832057e-02
4.610170337639158333e+01 3.185770744344272742e+01 2.204058918016568924e+01 4.999241980267354890e-02
4.539260039655319190e+01 3.120889074337916114e+01 2.339850886006764341e+01 4.696782135060311586e-02
4.631204197579848625e+01 3.038064984287012749e+01 2.330730818133137561e+01 5.037980129003025165e-02
4.677937057414913369e+01 2.979981263739943742e+01 2.342081678845143955e+01 5.040500396846839259e-02
4.620270675537490490e+01 2.953392353961410777e+01 2.426336970501098378e+01 4.440369557819438123e-02
4.666849235036729482e+01 3.276576764491119320e+01 2.056574000472152264e+01 4.998309085401822505e-02
4.572275767583501249e+01 3.228630935403080571e+01 2.199093297013418180e+01 4.684669831712703209e-02
4.602436850153507208e+01 3.193319615803136458e+01 2.204243534043356334e+01 5.010207099910517908e-02
4.616111074978938689e+01 3.166978505973268909e+01 2.216910419047791692e+01 5.025278831800480961e-02
4.759806024330298868e+01 2.886543581748152221e+01 2.353650393921549266e+01 4.571993700740435707e-02
4.643941084105495065e+01 3.353521133497417850e+01 2.002537782397087440e+01 5.141763570008290457e-02
4.543411997319785200e+01 3.303347869025839856e+01 2.153240133654374588e+01 4.818595230782638655e-02
4.572724807302003569e+01 3.273539486121586606e+01 2.153735706576409825e+01 5.121055097419006247e-02
4.584113949418758693e+01 3.247035979442751596e+01 2.168850071138490065e+01 5.142944606775694955e-02
4.815780740332537135e+01 2.743976996233323362e+01 2.440242263434139147e+01 4.507370197103978404e-02
4.600246910422943358e+01 3.294068383441505432e+01 2.105684706135551565e+01 5.072688779353919097e-02
4.505829859759800371e+01 3.236846286357982905e+01 2.257323853882215658e+01 4.747253178007416335e-02
4.527448228767012495e+01 3.213019070686933532e+01 2.259532700546054684e+01 5.058886075236113805e-02
4.578923584942225489e+01 3.143658606462828686e+01 2.277417808594945825e+01 5.068843553737779895e-02
4.544546312447525338e+01 2.797232629783187718e+01 2.658221057769287299e+01 4.472447267003353683e-02
4.525386994909071348e+01 3.231897597343129291e+01 2.242715407747800072e+01 5.009579928790072051e-02
4.524484881020785565e+01 3.104128855199830994e+01 2.371386263779383086e+01 4.705068668314370955e-02
4.687547322784009651e+01 2.987596930187905286e+01 2.324855747028085062e+01 5.025765031383942066e-02
4.603214324539382574e+01 3.020559841771029497e+01 2.376225833689587930e+01 5.034880957070250740e-02
4.682577349594499339e+01 2.856147158755051407e+01 2.461275491650448899e+01 4.444404088029201699e-02
4.578600837139533297e+01 3.327619059567949478e+01 2.093780103292517580e+01 5.011654551732534768e-02
4.483729957257875753e+01 3.277278150241947685e+01 2.238991892500175496e+01 4.696393049967300531e-02
4.506168772664883448e+01 3.248103522974658119e+01 2.245727704360457366e+01 5.000412818137843496e-02
4.513721526911348292e+01 3.220659701075418724e+01 2.265618772013232984e+01 5.022249059755357070e-02
4.686499528153009209e+01 2.938507340164311188e+01 2.374993131682679604e+01 4.513749763856689246e-02
4.638491860649302367e+01 3.339254714243045186e+01 2.022253425107653158e+01 5.066805145503743696e-02
4.539840736529688314e+01 3.288509688745460124e+01 2.171649574724851917e+01 4.737249043323425030e-02
4.577784961916901096e+01 3.249506793000119131e+01 2.172708245082980127e+01 5.070811120336957134e-02
4.587863385288304130e+01 3.225244526563695757e+01 2.186892088148000823e+01 5.091761962161941990e-02
4.560975953373045400e+01 2.928050223982523192e+01 2.510973822644432119e+01 4.446248228602543706e-02
4.602158916777741382e+01 3.276550120452944270e+01 2.121290962769313992e+01 4.994579466178042382e-02
4.490181107865342369e+01 3.228716359064888053e+01 2.281102533069770288e+01 4.662894862558136094e-02
4.536051989318440292e+01 3.188055745565253929e+01 2.275892265116305779e+01 5.006052622630351862e-02
4.537983425747474797e+01 3.167392075627298453e+01 2.294624498625227815e+01 5.014867589722687286e-02
4.480959831192651421e+01 2.876883255635637227e+01 2.642156913171710997e+01 4.412666452393642497e-02
4.609806928915642033e+01 3.150368517472048424e+01 2.239824553612310254e+01 4.931630037690091367e-02
4.758627122843802226e+01 2.877085083177793479e+01 2.364287793978404650e+01 4.621586438753378517e-02
4.802245260640517444e+01 2.855118228776791156e+01 2.342636510582691045e+01 4.974035643401767542e-02
4.734812483327485211e+01 2.911038449585032950e+01 2.354149067087481129e+01 4.981846611925237062e-02
4.847755091818604001e+01 2.722355274343411935e+01 2.429889633837985485e+01 4.383578721468997519e-02
4.573863209916094519e+01 3.313623911320131299e+01 2.112512878763773472e+01 4.933367593994421318e-02
4.480228725170417192e+01 3.262425083452114194e+01 2.257346191377468614e+01 4.612104687672582276e-02
4.521715725168306932e+01 3.220737299325018199e+01 2.257546975506674158e+01 4.947967943467391355e-02
4.541943862598216697e+01 3.191111713454468557e+01 2.266944423947315812e+01 4.968719228250966652e-02
4.463097351312725181e+01 3.199364441638878276e+01 2.337538207048395833e+01 4.314938107749153456e-02
4.517268010036674042e+01 3.526201917091842830e+01 1.956530072871483483e+01 4.927991978989638283e-02
4.406536621366559814e+01 3.486859883514043901e+01 2.106603495119396285e+01 4.605749030307360742e-02
4.459598784808501648e+01 3.436154278866019496e+01 2.104246936325478856e+01 4.928118104500024688e-02
4.473548895309460249e+01 3.408799891634576085e+01 2.117651213055963666e+01 4.925427274200373795e-02
4.426063915541170246e+01 3.132905484357668513e+01 2.441030600101161241e+01 4.256491678259931993e-02
4.478263386682813518e+01 3.467934890486115762e+01 2.053801722831071785e+01 4.864097434754376809e-02
4.365556248812637108e+01 3.424352812171477467e+01 2.210090939015885425e+01 4.540277217462922177e-02
4.437957958648299694e+01 3.358378863095200728e+01 2.203663178256499577e+01 4.871624435359238336e-02
4.432226836547959437e+01 3.346679146602955512e+01 2.221094016849085051e+01 4.856376066348820630e-02
4.369313264350572723e+01 3.052411193106975418e+01 2.578275542542452214e+01 4.215970230041794081e-02
4.407571293937240142e+01 3.402341480632649251e+01 2.190087225430110252e+01 4.795923181088803527e-02
4.300408226856199434e+01 3.359272218904003893e+01 2.340319554239796318e+01 4.493862828455567199e-02
4.354572635922406221e+01 3.305411644142743199e+01 2.340015719934850225e+01 4.835197592090584306e-02
4.369059295299688728e+01 3.272695171678995507e+01 2.358245533021315765e+01 4.818572289466254571e-02
4.417975592203376323e+01 3.167422028549558277e+01 2.414602379247065400e+01 4.191859620942968434e-02
4.456453852095727797e+01 3.503122416962626318e+01 2.040423730941645530e+01 4.801658445636269174e-02
4.360288040129183429e+01 3.457280279977672421e+01 2.182431679893144150e+01 4.488246150033747828e-02
4.400993645650184050e+01 3.410989872473037110e+01 2.188016481876779196e+01 4.812657307267866752e-02
4.412761899260907938e+01 3.384864959608001556e+01 2.202373141131090151e+01 4.809513481483852770e-02
4.767808965640367802e+01 2.829481178665547247e+01 2.402709855694084951e+01 4.319044891492104105e-02
4.767066213956544374e+01 3.174610249857549249e+01 2.058323536185906022e+01 4.949222300813635456e-02
4.650394160010473854e+01 3.137375097736346774e+01 2.212230742253179727e+01 4.635605446403705948e-02
4.693428904987938921e+01 3.096372100076485623e+01 2.210198994935575456e+01 4.945168949144072845e-02
4.728587773193731891e+01 3.050033127348340756e+01 2.221379099457928419e+01 4.932574882406167566e-02
4.675233975303580536e+01 2.763360648147499532e+01 2.561405376548919577e+01 4.260710849572149628e-02
4.742490647076122912e+01 3.095015637692680954e+01 2.162493715231196489e+01 4.883851941320983131e-02
4.592577313599029765e+01 3.087859058391168787e+01 2.319563628009800738e+01 4.569439131586014446e-02
4.669102515028777844e+01 3.027874424458837765e+01 2.303023060512383680e+01 4.887930074534747871e-02
4.705132035717426930e+01 2.984821427675135652e+01 2.310046536607436707e+01 4.862364031610928727e-02
4.571294424905757836e+01 2.749232669009290575e+01 2.679472906084951234e+01 4.227747097760017198e-02
4.969526122343543761e+01 2.802069125606959688e+01 2.228404752049496196e+01 4.819138366147002195e-02
4.561508825822689772e+01 2.970812337635696565e+01 2.467678836541614018e+01 4.527774384918367007e-02
4.783705009092925309e+01 2.847376610384703355e+01 2.368918380522372757e+01 4.855935313516163837e-02
4.915266052072878722e+01 2.693324474662393797e+01 2.391409473264727126e+01 4.829120465303871068e-02
4.618632882817662022e+01 2.854886833123688561e+01 2.526480284058649417e+01 4.199530990187020502e-02
4.700801033647609728e+01 3.148560937509197188e+01 2.150638028843193439e+01 4.824727023947000815e-02
4.594941814826389503e+01 3.113633041519936029e+01 2.291425143653674468e+01 4.521060378396352109e-02
4.641759994788137078e+01 3.057513027420202079e+01 2.300726977791659777e+01 4.832170264417567918e-02
4.640785955844155097e+01 3.046894100180061216e+01 2.312319943975785108e+01 4.818761442877394358e-02
4.622729056461133723e+01 2.994009462819052203e+01 2.383261480719813719e+01 4.264046509186533024e-02
4.679206121866923951e+01 3.324708884894778294e+01 1.996084993238298466e+01 4.858410087789200027e-02
4.574280977401352288e+01 3.277068786319175331e+01 2.148650236279471670e+01 4.554744477996591073e-02
4.612564072688160621e+01 3.241613834041859121e+01 2.145822093269979902e+01 4.856445901705821327e-02
4.623755709032680983e+01 3.217115427444541353e+01 2.159128863522777664e+01 4.853946804049962677e-02
4.592137016504863567e+01 2.921258948836853975e+01 2.486604034658283524e+01 4.202628346328949466e-02
4.637500871455522145e+01 3.268492547034495033e+01 2.094006581509983533e+01 4.791406634209641885e-02
4.525256976569169609e+01 3.226302694099236135e+01 2.248440329331594612e+01 4.486227403031745747e-02
4.566414064008809248e+01 3.186197957204360875e+01 2.247387978786830587e+01 4.797177513280245775e-02
4.577073675129823016e+01 3.156373812103109699e+01 2.266552512767067995e+01 4.781592566140490524e-02
4.509697277061486886e+01 2.869696934492581875e+01 2.620605788445930528e+01 4.168610804978564732e-02
4.597420827124969378e+01 3.186119684845747102e+01 2.216459488029283520e+01 4.726142990812458311e-02
4.600708698561718535e+01 3.040721553392562271e+01 2.358569748045720260e+01 4.444137591463901554e-02
4.705600650178107713e+01 2.989606159167184884e+01 2.304793190654707757e+01 4.764637341511243629e-02
4.585533742685148439e+01 3.037904686540536048e+01 2.376561570774315157e+01 4.747857816903355149e-02
4.791099984949138957e+01 2.802940625235058292e+01 2.405959389815802751e+01 4.142797675784175293e-02
4.615632899248956278e+01 3.297873833772741392e+01 2.086493266978301975e+01 4.732427703807522840e-02
4.510865156744677051e+01 3.261178320125254970e+01 2.227956523130067623e+01 4.438673014638041397e-02
4.551481629205051860e+01 3.218502146592755508e+01 2.230016224202192632e+01 4.741792207039548235e-02
4.563596426384567906e+01 3.191546095213834633e+01 2.244857478401597461e+01 4.738619244890776572e-02
4.539851537937798298e+01 3.042095743467304558e+01 2.418052718594896433e+01 4.291709618273817362e-02
4.594940573193412092e+01 3.372950969695849466e+01 2.032108457110737376e+01 4.894667628251077318e-02
4.487307116336471324e+01 3.324147265781467553e+01 2.188545617882061478e+01 4.589677000859944400e-02
4.527799088021426144e+01 3.287763438756758205e+01 2.184437473221816717e+01 4.867755101698683501e-02
4.539217276220516339e+01 3.264239404984999027e+01 2.196543318794484989e+01 4.872466441068853266e-02
4.570302590011555566e+01 2.934568230578076253e+01 2.495129179410366405e+01 4.228937170240971294e-02
4.552989309307855592e+01 3.313906964934174226e+01 2.133103725757969471e+01 4.825781367884873774e-02
4.445462805309828269e+01 3.268104919145635989e+01 2.286432275544536097e+01 4.519379258590932452e-02
4.481415138070617132e+01 3.232912550510414462e+01 2.285672311418968761e+01 4.806823709577298653e-02
4.494492911277626490e+01 3.202384161659664130e+01 2.303122927062708314e+01 4.798471716394449305e-02
4.425436772412684405e+01 2.915077611958466974e+01 2.659485615628849331e+01 4.191153705660964623e-02
4.752608212044484759e+01 3.066112631518959475e+01 2.181279156436555411e+01 4.757795380450639128e-02
4.490267300671801820e+01 3.109441712265508428e+01 2.400290987062690107e+01 4.474385619512000201e-02
4.577884244077128528e+01 3.063265481317844419e+01 2.358850274605027764e+01 4.771422931742039242e-02
4.479258576341310061e+01 3.092008289443446145e+01 2.428733134215245215e+01 4.761708702424619077e-02
4.802086736041270143e+01 2.770448841649205463e+01 2.427464422309524394e+01 4.169536529673568276e-02
4.532501242142713949e+01 3.347150206478978873e+01 2.120348551378306823e+01 4.767450560643649027e-02
4.430469650767401646e+01 3.301396480152527602e+01 2.268133869080072174e+01 4.472564679520181496e-02
4.478524004121705815e+01 3.257262892954567235e+01 2.264213102923727661e+01 4.751509110125511082e-02
4.479648989798057812e+01 3.236865692896304125e+01 2.283485317305637352e+01 4.755718357962859799e-02
4.609863086363675677e+01 2.970636319891670141e+01 2.419500593744654182e+01 4.228014909500818486e-02
4.592896539643888332e+01 3.355970810075008615e+01 2.051132650281102698e+01 4.814756410031893058e-02
4.491730975939165660e+01 3.304097115989333844e+01 2.204171908071500852e+01 4.503578401318551749e-02
4.550207721651421622e+01 3.255517176705431126e+01 2.194275101643147252e+01 4.813539089785814212e-02
4.543837562579632561e+01 3.240159783549389516e+01 2.216002653870978278e+01 4.817169824833215930e-02
4.696735174642895316e+01 2.807756687511899329e+01 2.495508137845204999e+01 4.162097848769213265e-02
4.547997289737628535e+01 3.296673045931756718e+01 2.155329664330614747e+01 4.742680898563540748e-02
4.439282870073317611e+01 3.251706012374121002e+01 2.309011117552561387e+01 4.429796923938656567e-02
4.580417030760263941e+01 3.157239450666159897e+01 2.262343518573575807e+01 4.749986795910206977e-02
4.503519252000526052e+01 3.176030109870058382e+01 2.320450638129415566e+01 4.740486927951104851e-02
4.438496935437030544e+01 2.884607331519985252e+01 2.676895733042983494e+01 4.125764966508446707e-02
4.683133871820157168e+01 3.100036658445106497e+01 2.216829469734737046e+01 4.674909358045525876e-02
4.532431058173140315e+01 3.032992752734159936e+01 2.434576189092699749e+01 4.385639198713377207e-02
4.767001492151561592e+01 2.857506120719339648e+01 2.375492387129098404e+01 4.715952061742507279e-02
4.655301200976278864e+01 2.922510925575528162e+01 2.422187873448192263e+01 4.704753031484073394e-02
4.726779112892705115e+01 2.819360495267301303e+01 2.453860391839993227e+01 4.103281118734564137e-02
4.530172580385591630e+01 3.330427369936784032e+01 2.139400049677625049e+01 4.684351970465545217e-02
4.434371872791102476e+01 3.280973070195441466e+01 2.284655057013455703e+01 4.383288495432652310e-02
4.658750239929397452e+01 3.134133965542205402e+01 2.207115794528397146e+01 4.695267571974868354e-02
4.485352317594715998e+01 3.214665660937674119e+01 2.299982021467610238e+01 4.698268461053346084e-02
