1.922511764783923027e+01 4.357619755850844712e+01 3.719868479365231906e+01 5.717419742801287119e-02
1.953959086777877729e+01 4.577100578380024842e+01 3.468940334842097428e+01 5.396419172363868533e-02
1.857174057106425735e+01 4.442682533585297477e+01 3.700143409308275722e+01 5.678711017170642167e-02
2.004896604565205465e+01 4.138064028166346731e+01 3.857039367268448871e+01 5.751849928900203829e-02
1.955956397061911645e+01 4.224229821288974307e+01 3.819813781649114048e+01 6.156965801888604484e-02
1.931786569624329175e+01 4.150554255218692390e+01 3.917659175156978080e+01 5.581027588538908790e-02
1.983878114583800212e+01 4.337801719858460814e+01 3.678320165557739330e+01 5.267672880926380780e-02
1.930194300798703821e+01 4.209244286126521217e+01 3.860561413074775317e+01 5.559366462800594683e-02
2.062057665576030274e+01 3.936949791051493008e+01 4.000992543372476007e+01 5.640191285551002937e-02
2.040421974742533351e+01 4.050052995388983845e+01 3.909525029868481738e+01 6.029530780659405481e-02
2.041045496025095574e+01 3.953446163840324346e+01 4.005508340134581147e+01 5.552064389301654412e-02
1.961222640745001655e+01 4.155999891064157481e+01 3.882777468190841574e+01 5.179381441108793505e-02
1.951445879200203493e+01 4.055437236094176967e+01 3.993116884705618475e+01 5.517155049900424046e-02
2.015004734550463183e+01 3.821855999752605726e+01 4.163139265696931801e+01 5.597320969336078839e-02
2.027348125107051402e+01 3.903890604160603317e+01 4.068761270732345281e+01 5.958624865022975337e-02
1.900804586866527046e+01 4.214214974096553590e+01 3.884980439036919364e+01 5.543060851474839595e-02
1.976183046347032501e+01 4.390769014977195184e+01 3.633047938675771604e+01 5.202569115960270496e-02
1.924613154216655886e+01 4.258699723800335590e+01 3.816687121983008524e+01 5.507294642955715830e-02
2.028082000543335184e+01 3.999154896161887507e+01 3.972763103294777665e+01 5.590585536299999547e-02
1.941651464951099015e+01 4.178993403352781399e+01 3.879355131696119230e+01 5.974906154757805843e-02
2.277035067613265440e+01 3.796946449459755968e+01 3.926018482926978947e+01 5.753009564209150134e-02
2.217481979779581280e+01 4.029046346691174563e+01 3.753471673529244157e+01 5.435060425838075110e-02
2.187608532140523465e+01 3.904551308251863162e+01 3.907840159607614083e+01 5.700874545561267909e-02
2.239953200366167962e+01 3.677205002913676424e+01 4.082841796720155259e+01 5.755511452011084772e-02
2.265852423511653413e+01 3.753553227959177718e+01 3.980594348529168514e+01 6.183649636362092972e-02
2.247692989926201435e+01 3.690381227956591914e+01 4.061925782117206296e+01 5.612232961347586591e-02
2.248899956827127511e+01 3.853552095510331554e+01 3.897547947662540224e+01 5.301540070164502405e-02
2.171857696712113395e+01 3.786773105780481785e+01 4.041369197507405175e+01 5.576394205960635841e-02
2.212708673581614960e+01 3.572515711320917831e+01 4.214775615097466499e+01 5.639880745305789200e-02
2.237232772636250289e+01 3.651512043995706591e+01 4.111255183368043475e+01 6.052047516367217023e-02
2.206454753524383250e+01 3.580785195756051564e+01 4.212760050719564475e+01 5.598336560012280583e-02
2.197552590845420184e+01 3.739538485492007425e+01 4.062908923662571681e+01 5.229162408883541308e-02
2.126571073497927244e+01 3.677365441308755578e+01 4.196063485193317888e+01 5.550224670550336914e-02
2.163442409372072817e+01 3.465962007830124492e+01 4.370595582797802336e+01 5.614561939570938270e-02
2.185931535616612464e+01 3.534383518217355657e+01 4.279684946166031523e+01 5.996180108735808117e-02
2.230100353490760057e+01 3.743092928216218240e+01 4.026806718293020992e+01 5.585644417821025720e-02
2.122409221167214000e+01 3.957414255017628335e+01 3.920176523815157310e+01 5.249048988395928206e-02
2.147564750450874271e+01 3.845093911051124280e+01 4.007341338498000738e+01 5.536485559722691130e-02
2.192112137968335972e+01 3.625729013572505721e+01 4.182158848459157952e+01 5.601180699667213103e-02
2.213859402659733888e+01 3.702077283532646845e+01 4.084063313807619267e+01 6.008082962730405124e-02
2.156811997558364880e+01 4.005365227245103910e+01 3.837822775196530500e+01 5.648148182691688224e-02
2.117001269579111877e+01 4.287552302180755248e+01 3.595446428240132519e+01 5.330775302969510687e-02
2.038446991448120471e+01 4.148852023895040730e+01 3.812700984656839154e+01 5.609945573250126050e-02
2.192463179910237159e+01 3.853480742633504263e+01 3.954056077456258578e+01 5.654545896854697856e-02
2.220628075870990159e+01 3.921000397189455811e+01 3.858371526939554030e+01 6.073122340022966276e-02
2.194389750606858414e+01 3.860016279618478308e+01 3.945593969774663634e+01 5.501384321720365761e-02
2.060763645408563605e+01 4.136514091074873534e+01 3.802722263516563572e+01 5.191576157991290713e-02
2.093992021619884625e+01 3.965823894455520104e+01 3.940184083924595626e+01 5.479794189553222061e-02
2.164066354457920127e+01 3.735895651803294726e+01 4.100037993738786213e+01 5.532586756920140209e-02
2.192877719276533810e+01 3.809406907762675587e+01 3.997715372960789892e+01 5.935995908382356301e-02
2.167402080822810717e+01 3.739188596375821305e+01 4.093409322801367267e+01 5.485420473185773776e-02
2.140400996283931789e+01 3.908643525693988607e+01 3.950955478022080314e+01 5.116349587889211514e-02
2.084557043888999317e+01 3.831137021098389539e+01 4.084305935012611144e+01 5.451545804715131338e-02
2.126048068111255063e+01 3.618427912255425127e+01 4.255524019633319455e+01 5.504717320245183787e-02
2.145628965665866517e+01 3.693060059931205075e+01 4.161310974402928764e+01 5.877931699320950581e-02
2.189141839328540939e+01 3.904147979773235733e+01 3.906710180898223683e+01 5.476843649572164796e-02
2.028761874759716122e+01 4.207140689736971950e+01 3.764097435503311573e+01 5.140791598245913335e-02
2.004355721018684378e+01 4.100796806415782214e+01 3.894847472565533764e+01 5.442213507376604531e-02
2.150172694288866992e+01 3.784498280860179165e+01 4.065329024850952777e+01 5.496296247131530338e-02
2.168250586590926332e+01 3.864448703164009657e+01 3.967300710245063300e+01 5.893904171578424195e-02
2.006308596823137336e+01 4.054532765021564700e+01 3.939158638155296899e+01 5.663521465721378656e-02
2.108473629108882719e+01 4.221459807258200669e+01 3.670066563632916257e+01 5.340133265685029218e-02
1.989838648750349748e+01 4.138797386856297322e+01 3.871363964393353285e+01 5.610576251590866648e-02
2.101549736833240800e+01 3.866839608042651122e+01 4.031610655124107723e+01 5.640438865380929118e-02
2.130405079655509581e+01 3.943272935147555813e+01 3.926321985196935316e+01 6.089169099039725558e-02
2.108493595321655434e+01 3.881939884562633836e+01 4.009566520115710375e+01 5.517183395320991723e-02
1.983350343526453941e+01 4.116588399174310808e+01 3.900061257299235962e+01 5.200940961532352080e-02
2.029518709138851662e+01 3.979396426499999251e+01 3.991084864361149442e+01 5.481285069251532610e-02
2.077446800619262746e+01 3.760078803634189626e+01 4.162474395746547629e+01 5.519909963490444993e-02
2.107744182723680382e+01 3.831552501294670776e+01 4.060703315981648132e+01 5.952570333397038532e-02
2.076995671322265480e+01 3.759358396412940806e+01 4.163645932264793004e+01 5.498031089496577956e-02
2.065476684502021243e+01 3.925734679903344215e+01 4.008788635594633831e+01 5.121922889419270458e-02
2.000466912418521304e+01 3.855261926529038163e+01 4.144271161052441244e+01 5.449456238940655894e-02
2.030295331417966409e+01 3.647407839035383148e+01 4.322296829546650798e+01 5.488410913566995480e-02
2.060033013270552971e+01 3.712750759423360591e+01 4.227216227306085017e+01 5.890849954784656978e-02
2.095014195106903543e+01 3.935068541214897664e+01 3.969917263678199504e+01 5.491490140096090544e-02
1.953887421117595125e+01 4.197913076850800707e+01 3.848199502031604879e+01 5.149195150634182372e-02
1.966541059514936052e+01 4.082210678707298257e+01 3.951248261777765691e+01 5.442073830283469804e-02
2.046930613703024449e+01 3.819870700882337644e+01 4.133198685414638618e+01 5.481440713150455973e-02
2.081345658599486015e+01 3.885745298408360782e+01 4.032909042992153559e+01 5.909163452795282434e-02
2.083249764312387242e+01 4.002974689708469924e+01 3.913775545979143544e+01 5.539700673815099036e-02
2.018583483492822950e+01 4.256015595122239148e+01 3.725400921384937192e+01 5.225466807999527147e-02
2.011164962450646598e+01 4.094515007177569998e+01 3.894320030371783758e+01 5.504961770990001585e-02
2.121280793629590278e+01 3.839510338282552482e+01 4.039208868087857240e+01 5.566757513641704819e-02
2.134295650135931410e+01 3.931475893723316517e+01 3.934228456140752428e+01 5.967781342740353934e-02
2.124185154463457792e+01 3.861073015266200770e+01 4.014741830270341438e+01 5.387959650842671228e-02
2.087794048812551040e+01 4.042809016054395954e+01 3.869396935133051585e+01 5.080797298955092717e-02
2.053652539297765145e+01 3.952062458071964812e+01 3.994285002630269332e+01 5.371169734253583572e-02
2.097654509201496609e+01 3.733393801566653991e+01 4.168951689231848690e+01 5.442452363677441340e-02
2.108575157522729882e+01 3.821515908448011345e+01 4.069908934029259484e+01 5.826933866592486772e-02
2.086625136228206046e+01 3.740836424578634478e+01 4.172538439193158410e+01 5.373184943686268311e-02
2.080739848522611624e+01 3.900471022387180398e+01 4.018789129090207268e+01 5.004835199729058826e-02
2.012964459957652252e+01 3.832550530712062908e+01 4.154485009330284839e+01 5.343557075193194200e-02
2.056910276041563890e+01 3.619104874802813043e+01 4.323984849155623067e+01 5.414833612012077274e-02
2.066327989741206395e+01 3.699742322124618710e+01 4.233929688134174540e+01 5.768043422337884585e-02
2.106618588795734226e+01 3.913228993165768088e+01 3.980152418038498752e+01 5.365212314671709282e-02
2.021065344673928266e+01 4.128743695681331616e+01 3.850190959644739763e+01 5.032122994379700787e-02
2.003505819994027348e+01 4.019855290184331409e+01 3.976638889821641243e+01 5.335074391692602030e-02
2.077059377356943770e+01 3.790459420256525647e+01 4.132481202386530583e+01 5.407288866092910956e-02
2.086978078160407435e+01 3.872938190695309402e+01 4.040083731144282808e+01 5.785541181615486833e-02
2.186389165180459315e+01 4.166843921574482579e+01 3.646766913245058106e+01 5.747943217518916570e-02
2.011175824734153395e+01 4.570771510022869677e+01 3.418052665242977639e+01 5.433428174143650063e-02
2.048546483378376237e+01 4.319784801298216337e+01 3.631668715323406360e+01 5.678672187530887233e-02
2.143046865165542769e+01 4.018180585725718856e+01 3.838772549108738730e+01 5.763749938853630905e-02
2.173099932540350565e+01 4.114880606306875421e+01 3.712019461152773658e+01 6.170340132278198664e-02
2.156377356827859515e+01 4.030320346623888383e+01 3.813302296548253167e+01 5.609332074849206207e-02
2.132854990632140613e+01 4.268248234519200679e+01 3.598896774848657998e+01 5.302528820268162524e-02
1.953574795455933000e+01 4.204927396539520146e+01 3.841497808004548631e+01 5.556125773529212164e-02
2.152047384149584275e+01 3.888527154302623501e+01 3.959425461547792224e+01 5.648754903024955781e-02
2.126977757521501644e+01 3.997268536337306699e+01 3.875753706141191657e+01 6.040171507977235010e-02
2.126348869209648029e+01 3.905277707289465638e+01 3.968373423500886332e+01 5.574491367547228238e-02
1.945028757338870307e+01 4.171530427880662018e+01 3.883440814780467321e+01 5.209130640575277554e-02
2.061874526571412503e+01 3.991393517356043930e+01 3.946731956072543568e+01 5.508385634796259672e-02
2.100604242481204764e+01 3.768027158892809325e+01 4.131368598625986976e+01 5.599885060072431336e-02
2.123180219600428487e+01 3.850869064523288188e+01 4.025950715876282260e+01 5.964197394902313182e-02
2.130439773734412867e+01 4.102125417703874888e+01 3.767434808561711179e+01 5.572468271326108669e-02
2.027269979692492186e+01 4.406232761050048907e+01 3.566497259257458552e+01 5.238732703955208819e-02
1.947064545778663813e+01 4.273382150669164048e+01 3.779553303552171428e+01 5.505663187302741596e-02
2.106310482592005684e+01 3.955266185483579022e+01 3.938423331924415294e+01 5.600901754551548123e-02
2.072374615829397726e+01 4.074388109313752437e+01 3.853237274856849126e+01 5.987041822277249653e-02
2.374211235041711276e+01 3.744589224847825903e+01 3.881199540110462465e+01 5.795578479217301099e-02
2.311121736868484433e+01 3.993756124596934853e+01 3.695122138534580358e+01 5.484497175408706293e-02
2.298825297325158346e+01 3.839210673272131658e+01 3.861964029402709286e+01 5.712171435392328356e-02
2.334284539411362047e+01 3.625596560931691670e+01 4.040118899656946638e+01 5.778981712988806585e-02
2.360551536208956946e+01 3.713939365255367875e+01 3.925509098535675889e+01 6.207848456505794116e-02
2.325131919647977696e+01 3.654262758621540996e+01 4.020605321730481307e+01 5.652698059305966832e-02
2.190212613613259407e+01 3.881729965562361429e+01 3.928057420824378454e+01 5.349215080181861370e-02
2.269351436665612454e+01 3.736044618932686490e+01 3.994603944401700346e+01 5.584987939009532221e-02
2.307383240555088477e+01 3.523188650552106083e+01 4.169428108892804374e+01 5.660403065483985557e-02
2.334551097037648404e+01 3.596930529200660942e+01 4.068518373761690299e+01 6.073888856455423452e-02
2.294612155101476603e+01 3.532378628125209019e+01 4.173009216773314733e+01 5.632978468498285596e-02
2.281962435241519316e+01 3.696449548103243643e+01 4.021588016655238818e+01 5.271465814674309441e-02
2.226729068515277987e+01 3.619734549938279855e+01 4.153536381546442158e+01 5.552963070637084719e-02
2.241429630219247926e+01 3.438279665437932664e+01 4.320290704342819055e+01 5.628681414555850027e-02
2.281962172350624840e+01 3.484377551515742510e+01 4.233660276133631584e+01 6.012750186487655218e-02
2.313235705588236613e+01 3.715487714315582224e+01 3.971276580096181164e+01 5.627124171617837317e-02
2.198052920093843809e+01 3.931308639713722641e+01 3.870638440192434615e+01 5.297771499536514661e-02
2.247421915370327028e+01 3.788464267365687732e+01 3.964113817263985595e+01 5.546218493821696016e-02
2.286222735840975417e+01 3.577561505244555207e+01 4.136215758914470086e+01 5.622924994699041862e-02
2.301545335769850453e+01 3.654554631408645093e+01 4.043900032821505164e+01 6.031279954467394511e-02
2.301380566677668327e+01 3.930372926919632448e+01 3.768246506402699225e+01 5.697632842013684862e-02
2.211537949821801874e+01 4.268622540317402070e+01 3.519839509860796056e+01 5.387949360107758406e-02
2.083892995797202019e+01 4.132251048603315979e+01 3.783855955599482002e+01 5.627658157748098577e-02
2.282027796342913106e+01 3.793330700441166670e+01 3.924641503215919869e+01 5.684588618565700885e-02
2.144239605173905971e+01 3.953449013782042698e+01 3.902311381044051330e+01 6.103742796467610809e-02
2.284016545973033274e+01 3.809273988727249360e+01 3.906709465299717010e+01 5.548846154170126999e-02
2.187915341865602770e+01 4.062232732277259117e+01 3.749851925857138468e+01 5.246996093931996508e-02
2.221711732358209801e+01 3.909288369202089086e+01 3.868999898439702179e+01 5.494693120412851711e-02
2.249838792336748128e+01 3.685728155952858742e+01 4.064433051710393130e+01 5.559464758213573943e-02
2.287981248807236412e+01 3.758169964554804920e+01 3.953848786637958312e+01 5.964151603757679443e-02
2.254675973412002321e+01 3.687899088238710732e+01 4.057424938349286236e+01 5.526924594842017729e-02
2.235303093819667453e+01 3.856819609339370913e+01 3.907877296840960923e+01 5.166424053930657873e-02
2.192097295947697333e+01 3.772654637240518838e+01 4.035248066811783474e+01 5.460465960757029252e-02
2.221557808599131434e+01 3.563346911656090299e+01 4.215095279744777201e+01 5.525295862670733665e-02
2.237877065067773330e+01 3.642533826078382475e+01 4.119589108853843129e+01 5.900674104456601204e-02
2.208173049727767534e+01 3.897864782960903085e+01 3.893962167311328670e+01 5.525378124184279066e-02
2.193333287679148924e+01 4.117869902037070062e+01 3.688796810283780303e+01 5.197253151588126369e-02
2.093096665887191321e+01 4.059582851754891664e+01 3.847320482357917371e+01 5.458268731329164736e-02
2.242592198664184977e+01 3.734623445582901269e+01 4.022784355752914109e+01 5.524475222360227672e-02
2.264911967207525834e+01 3.812545757916888078e+01 3.922542274875584667e+01 5.923190503769470983e-02
2.128424467053979541e+01 3.990400646916386762e+01 3.881174886029634052e+01 5.710319246128391785e-02
2.058225925384639865e+01 4.292633298583300672e+01 3.649140776032059819e+01 5.394536961387853824e-02
1.999122195454214435e+01 4.128815894745308412e+01 3.872061909800476798e+01 5.627392361975461915e-02
2.181125716023520766e+01 3.831145147233857529e+01 3.987729136742622416e+01 5.669574832659814156e-02
2.219527372907641549e+01 3.896556114826010031e+01 3.883916512266348775e+01 6.118372367609548057e-02
2.191500393361492272e+01 3.837335199586524936e+01 3.971164407051983147e+01 5.562262093187533146e-02
2.072731497694413250e+01 4.086133302167145587e+01 3.841135200138441519e+01 5.253868439830607084e-02
2.132542393795862878e+01 3.923102887680828132e+01 3.944354718523309344e+01 5.495392541989874147e-02
2.168035779760512227e+01 3.713837898899711831e+01 4.118126321339775586e+01 5.546439714633864815e-02
2.197910618745876121e+01 3.784222965054544119e+01 4.017866416199579760e+01 5.979597439978374951e-02
2.158909548162735348e+01 3.717326547847533647e+01 4.123763903989730295e+01 5.537350349544243461e-02
2.145437743020641364e+01 3.883399787598725794e+01 3.971162469380632842e+01 5.169667584149103406e-02
2.094974421653229868e+01 3.807085502483304396e+01 4.097940075863466092e+01 5.457900703173111656e-02
2.130076885414840859e+01 3.591863540975075608e+01 4.278059573610084243e+01 5.508748642724775602e-02
2.151102604419683217e+01 3.663260076781389074e+01 4.185637318798927708e+01 5.912628271780155653e-02
2.154534605825420002e+01 3.913916809030761357e+01 3.931548585143818286e+01 5.537494639444281302e-02
2.009286529983196701e+01 4.174421356865415333e+01 3.816292113151387611e+01 5.202922009316209018e-02
2.067649778433199614e+01 4.000325156176215557e+01 3.932025065390585183e+01 5.457410477068898313e-02
2.145619104111502651e+01 3.769678458755252137e+01 4.084702437133245212e+01 5.509058973982447482e-02
2.171979328328671954e+01 3.838309984933238184e+01 3.989710686738091283e+01 5.937293034373695988e-02
2.091780733192947395e+01 3.996476560503627695e+01 3.911742706303424200e+01 5.589247529899651901e-02
2.117272411886536432e+01 4.226813820870802374e+01 3.655913767242660839e+01 5.282887264209115696e-02
2.064826838623842775e+01 4.063257968616822779e+01 3.871915192759335156e+01 5.523552692176919576e-02
2.210005797095307400e+01 3.798817195475186992e+01 3.991177007429505608e+01 5.597183780115852492e-02
2.223015763245557253e+01 3.884735462341355827e+01 3.892248774413086210e+01 5.999358632597943941e-02
2.193300789672371920e+01 3.823584661322519196e+01 3.983114549005109950e+01 5.435584173777910366e-02
2.059394350243768557e+01 4.071959714613212356e+01 3.868645935143018022e+01 5.136659871486033702e-02
2.144755940443864262e+01 3.903350594658198958e+01 3.951893464897938202e+01 5.386928052584048776e-02
2.189234544182326658e+01 3.685379652052603205e+01 4.125385803765070847e+01 5.469867964303614521e-02
2.197934071470140083e+01 3.785413098558143474e+01 4.016652829971715022e+01 5.856165295790879965e-02
2.169459484067201771e+01 3.698782580834203060e+01 4.131757935098595169e+01 5.414930087671689790e-02
2.157185320086362168e+01 3.861898824194129531e+01 3.980915855719509011e+01 5.055372521948586079e-02
2.110980939749190810e+01 3.782206281780680968e+01 4.106812778470128222e+01 5.353247548762814223e-02
2.154794884708518055e+01 3.560557258792584889e+01 4.284647856498898477e+01 5.435750682161422098e-02
2.159004481644219453e+01 3.651025625231499561e+01 4.189969893124281697e+01 5.791932931431059695e-02
2.186648595840479459e+01 3.874288943328218693e+01 3.939062460831301848e+01 5.413905073954819458e-02
2.032162226613902689e+01 4.150004970213372957e+01 3.817832803172723999e+01 5.088956487538710827e-02
2.111848035188276285e+01 3.968053278884949009e+01 3.920098685926774351e+01 5.351887552643674190e-02
2.166932309381331478e+01 3.742011631891607237e+01 4.091056058727060218e+01 5.435984928626869106e-02
2.177979531685038239e+01 3.824956191276740469e+01 3.997064277038221292e+01 5.815986429637327870e-02
2.360033162772681692e+01 4.022477072802267628e+01 3.617489764425049970e+01 5.782265823844484620e-02
2.230625902897293855e+01 4.419196661403331206e+01 3.350177435699374939e+01 5.468194581890707673e-02
2.189688123273028708e+01 4.222309186580057627e+01 3.588002690146913665e+01 5.702173332317745508e-02
2.282890290434598768e+01 3.896719163896835170e+01 3.820390545668566062e+01 5.786679591738247419e-02
2.366855994176609101e+01 3.951813646355153509e+01 3.681330359468237390e+01 6.193680147299054223e-02
2.323785979081014830e+01 3.898043511993630261e+01 3.778170508925355620e+01 5.644519265875139885e-02
2.275496003131670264e+01 4.155151102193454449e+01 3.569352894674877064e+01 5.338287104827380697e-02
2.107312426434631192e+01 4.062785305968291993e+01 3.829902267597077525e+01 5.580332431442290575e-02
2.329050187625801271e+01 3.750026981790914959e+01 3.920922830583283769e+01 5.671947838487725879e-02
2.315253831349597036e+01 3.853704084828169130e+01 3.831042083822233479e+01 6.064008725991527210e-02
2.290594612754541615e+01 3.777457585838141796e+01 3.931947801407316945e+01 5.611833809290248110e-02
2.108199879817720657e+01 4.028724015446962170e+01 3.863076104735317529e+01 5.246411894403871928e-02
2.218311109508195145e+01 3.868673488930134852e+01 3.913015401561669648e+01 5.534429169460362841e-02
2.280370676680007946e+01 3.635354447233645203e+01 4.084274876086347206e+01 5.625272858815914129e-02
2.294006757021523057e+01 3.719095804625819568e+01 3.986897438352657019e+01 5.989375013962921351e-02
2.290232413102006248e+01 3.965623976233101899e+01 3.744143610664892208e+01 5.607241690387947813e-02
2.135540859274268399e+01 4.338471870005186304e+01 3.525987270720546007e+01 5.273590530980361984e-02
2.118403774205307499e+01 4.128381243533240053e+01 3.753214982261451382e+01 5.529138654084116838e-02
2.298141463961005471e+01 3.814570203147945193e+01 3.887288332891048981e+01 5.623786831695821997e-02
2.287411157969888009e+01 3.911836166372854962e+01 3.800752675657256674e+01 6.010132906790083274e-02
2.542587322342064482e+01 3.619554836173638535e+01 3.837857841484297694e+01 5.830554453018807481e-02
2.511265175623371704e+01 3.813567601414330710e+01 3.675167222962298297e+01 5.519891513755053464e-02
2.423982220204716853e+01 3.739831768624773645e+01 3.836186011170509857e+01 5.736369855603750539e-02
2.505746238690964134e+01 3.500349526978742887e+01 3.993904234330292979e+01 5.803383974695534159e-02
2.548345047875704594e+01 3.568361056289090527e+01 3.883293895835205234e+01 6.231698466471122244e-02
2.508708994524618774e+01 3.517176486211234021e+01 3.974114519264146139e+01 5.688483489134373711e-02
2.505495340894727008e+01 3.679043628872850746e+01 3.815461030232422956e+01 5.385777615582416911e-02
2.447284467050499757e+01 3.602220302956889952e+01 3.950495229992611002e+01 5.609848853018718079e-02
2.488410199156902536e+01 3.394594057905844409e+01 4.116995742937253056e+01 5.685162365476165158e-02
2.503521253859308615e+01 3.471613915164539321e+01 4.024864830976152064e+01 6.098277220476903265e-02
2.450142739087272048e+01 3.414331433533635618e+01 4.135525827379092334e+01 5.671194974519717241e-02
2.452623055125858187e+01 3.567638224697167715e+01 3.979738720176973743e+01 5.309700181987748319e-02
2.401835487908750366e+01 3.492720006458482374e+01 4.105444505632767260e+01 5.579867185185385242e-02
2.438508973980345118e+01 3.286852455774971560e+01 4.274638570244682967e+01 5.655729143260786879e-02
2.459259830548517911e+01 3.358562105380591589e+01 4.182178064070891566e+01 6.038704201730320936e-02
2.491934464227959012e+01 3.571035263065394361e+01 3.937030272706645917e+01 5.662701457233190738e-02
2.474275890660199906e+01 3.744148250849367798e+01 3.781575858490433006e+01 5.333271211184843069e-02
2.423600735036031040e+01 3.658729194701444953e+01 3.917670070262524007e+01 5.570494398572922029e-02
2.464903668440880580e+01 3.450161238993062085e+01 4.084935092566056625e+01 5.647674442692395685e-02
2.489422126744367603e+01 3.521889017118122212e+01 3.988688856137509475e+01 6.055046460231331557e-02
2.494632333944393565e+01 3.777468364030977455e+01 3.727899302024628980e+01 5.735049870027947999e-02
2.420670950478405814e+01 4.078699359588041773e+01 3.500629689933550992e+01 5.425793879038556117e-02
2.377856352415660268e+01 3.907178860387524821e+01 3.714964787196815621e+01 5.653776037530175436e-02
2.470877079486139749e+01 3.650511292826787013e+01 3.878611627687075014e+01 5.710887461924222391e-02
2.490887988924894358e+01 3.734042823138396017e+01 3.775069187936708914e+01 6.129666154092557745e-02
2.440836155262193685e+01 3.697445436622152926e+01 3.861718408115653745e+01 5.587231387776918357e-02
2.422784580389274467e+01 3.871962428802972767e+01 3.705252990807753122e+01 5.286065587977972074e-02
2.405749676929907110e+01 3.755681644548713649e+01 3.838568678521377819e+01 5.521660964465734123e-02
2.438938713373203271e+01 3.550494744327160390e+01 4.010566542299635984e+01 5.586394739865788162e-02
2.468354324142146794e+01 3.622941702626985006e+01 3.908703973230868911e+01 5.990672220816957438e-02
2.422923188996352195e+01 3.560466496535091352e+01 4.016610314468557164e+01 5.567690019568904969e-02
2.404195134475511608e+01 3.728390540531967190e+01 3.867414324992520136e+01 5.207049807288364335e-02
2.361713837611387135e+01 3.642702662276388281e+01 3.995583500112223874e+01 5.489376453925033650e-02
2.395008982476183945e+01 3.436902679208481715e+01 4.168088338315335761e+01 5.554356226996753909e-02
2.415300933959009555e+01 3.512113233645827393e+01 4.072585832395162697e+01 5.928785029298366122e-02
2.420138797577516598e+01 3.741158122848928258e+01 3.838703079573556209e+01 5.563316626392795367e-02
2.382666673114675504e+01 3.960023519119840074e+01 3.657309807765484777e+01 5.235011939923794183e-02
2.353568045142962717e+01 3.834959934653729619e+01 3.811472020203308375e+01 5.484339685848810958e-02
2.417714727950865239e+01 3.606986087813241681e+01 3.975299184235892369e+01 5.551115761290379563e-02
2.438133579837727893e+01 3.682009814818383120e+01 3.879856605343888987e+01 5.949039440423096320e-02
2.397755898170204603e+01 3.811505056906854350e+01 3.790739044922940337e+01 5.743582745675401835e-02
2.255356177588165423e+01 4.130224087443008330e+01 3.614419734968826248e+01 5.427861317672162678e-02
2.162808402267342345e+01 3.985598704119515645e+01 3.851592893613140944e+01 5.649728682964254983e-02
2.364846074961880262e+01 3.691048847379990860e+01 3.944105077658128522e+01 5.693037360461466329e-02
2.398330772164034386e+01 3.762756130966661772e+01 3.838913096869303843e+01 6.140804286193939782e-02
2.363667055776159387e+01 3.708119517209808436e+01 3.928213427014032533e+01 5.596356205966077774e-02
2.275853570591890218e+01 3.914209467486423222e+01 3.809936961921686560e+01 5.288466513713962341e-02
2.302950409500346396e+01 3.793374566962130956e+01 3.903675023537522293e+01 5.518617285893181318e-02
2.341167613976527306e+01 3.585457034689528655e+01 4.073375351333944394e+01 5.570515302714350997e-02
2.370216125774603100e+01 3.656318617202773424e+01 3.973465257022622410e+01 6.002777102276979360e-02
2.323540544633601712e+01 3.593216053639707042e+01 4.083243401726691957e+01 5.573584768723629373e-02
2.308631070745486724e+01 3.757411161306909975e+01 3.933957767947603656e+01 5.205660176382403276e-02
2.261052120121268416e+01 3.677958466338034071e+01 4.060989413540696802e+01 5.482779288351600361e-02
2.298658971358287673e+01 3.470594732508951097e+01 4.230746296132761586e+01 5.534725650903428440e-02
2.322325523353365284e+01 3.539491558505098112e+01 4.138182918141535538e+01 5.937066602156480105e-02
2.317703645945597657e+01 3.787671220918146275e+01 3.894625133136256778e+01 5.571082700428141299e-02
2.285774630216824477e+01 3.967488612025436368e+01 3.746736757757739156e+01 5.236244645389320079e-02
2.275595474304661181e+01 3.852139563730599292e+01 3.872264961964739882e+01 5.479766225328157325e-02
2.316337255111538340e+01 3.643415947175074621e+01 4.040246797713388105e+01 5.532586494757496531e-02
2.342164332704690111e+01 3.714649385625549627e+01 3.943186281669760973e+01 5.959736906813211527e-02
2.403484023513258450e+01 3.796110062860851997e+01 3.800405913625889553e+01 5.625922722414046506e-02
2.266158567880509267e+01 4.106231587343589240e+01 3.627609844775901848e+01 5.319494795141532090e-02
2.231791478741693169e+01 3.933818970022084471e+01 3.834389551236223070e+01 5.548840878114619235e-02
2.385894871914852899e+01 3.662735431284711751e+01 3.951369696800436060e+01 5.622852299822979349e-02
2.396538320040213321e+01 3.755245862900261500e+01 3.848215817059524824e+01 6.025002414492643121e-02
2.369557712127452476e+01 3.692761951146093935e+01 3.937680336726452879e+01 5.473239051388625181e-02
2.214316324779691669e+01 3.929552178490438052e+01 3.856131496729871344e+01 5.174632252363903923e-02
2.315151338389177837e+01 3.771589309299644555e+01 3.913259352311177253e+01 5.412955958321522681e-02
2.358548860969378680e+01 3.558040738999950747e+01 4.083410400030670928e+01 5.495973679613008062e-02
2.374223376322358803e+01 3.643861102160394694e+01 3.981915521517245793e+01 5.882419713996717842e-02
2.332878322973530771e+01 3.575667255453558369e+01 4.091454421572910150e+01 5.454857448308444295e-02
2.323532992074628112e+01 3.731819057950510654e+01 3.944647949974861234e+01 5.094913800693991884e-02
2.274045217712188105e+01 3.657441548117249397e+01 4.068513234170562498e+01 5.381249530743573151e-02
2.320102194350593194e+01 3.441402104961883168e+01 4.238495700687524703e+01 5.464061381965335668e-02
2.327055864956606612e+01 3.527406447915578269e+01 4.145537687127816184e+01 5.819635092198542636e-02
2.320936521405472064e+01 3.769957280584490888e+01 3.909106198010037758e+01 5.451081721099864524e-02
2.233930888253571823e+01 3.972268034925539837e+01 3.793801076820889051e+01 5.125684380381295008e-02
2.293243392258303004e+01 3.827619760247477387e+01 3.879136847494218898e+01 5.377252608081747182e-02
2.340869890791374885e+01 3.612192457664536960e+01 4.046937651544087799e+01 5.461867599994103817e-02
2.350610009492967478e+01 3.698567005863511525e+01 3.950822984643522062e+01 5.841457184610798770e-02
2.255996438867462928e+01 4.068372836575561990e+01 3.675630724556975082e+01 5.809762541172253103e-02
2.179650252817221201e+01 4.387034084494855790e+01 3.433315662687923009e+01 5.482229057697472763e-02
2.143730488056898054e+01 4.204640594227358719e+01 3.651628917715743938e+01 5.717805146491551638e-02
2.200821166102534221e+01 3.948678641054993932e+01 3.850500192842471847e+01 5.811913499766492575e-02
2.264883724691352995e+01 4.009784189195874404e+01 3.725332086112773311e+01 6.208429983406636016e-02
2.220712528809618647e+01 3.959106117732083163e+01 3.820181353458298190e+01 5.672203143522936558e-02
2.203560492251599712e+01 4.162285737697151689e+01 3.634153770051248244e+01 5.352395403739011737e-02
2.071662344011468448e+01 4.104430045006917993e+01 3.823907610981613914e+01 5.595701941057252410e-02
2.174428071610797986e+01 3.838951863116417229e+01 3.986620065272785496e+01 5.697161289860757510e-02
2.243875905956625871e+01 3.894457759639669803e+01 3.861666334403704326e+01 6.078688137607772546e-02
2.150268708732732392e+01 3.873882272728324949e+01 3.975849018538942659e+01 5.641484035799717439e-02
2.103700852230969431e+01 4.041087886999063983e+01 3.855211260769966941e+01 5.263134137397356554e-02
2.126550877202475931e+01 3.932180494288704153e+01 3.941268628508819205e+01 5.551622914880743193e-02
2.175311170378596515e+01 3.691541655908601172e+01 4.133147173712801958e+01 5.652398874664612410e-02
2.176124884062635800e+01 3.794113279461957688e+01 4.029761836475406511e+01 6.006022390250539272e-02
2.094437312207955415e+01 4.071975837986171598e+01 3.833586849805872987e+01 5.630840325685301101e-02
2.168805662384273703e+01 4.248306637821436027e+01 3.582887699794290626e+01 5.283896864049954234e-02
1.986201121732993613e+01 4.179491599080712660e+01 3.834307279186294437e+01 5.540804449612340282e-02
2.189426912838653649e+01 3.882714294622914508e+01 3.927858792538432198e+01 5.645115371666967891e-02
2.175681842192519966e+01 3.987162620541371183e+01 3.837155537266107075e+01 6.021255577702502165e-02
2.423140129340570681e+01 3.685532696160484534e+01 3.891327174498943720e+01 5.864355837304677938e-02
2.420882553745871135e+01 3.859017590531200881e+01 3.720099855722926208e+01 5.540022838106032493e-02
2.366996339649758241e+01 3.767657502118760959e+01 3.865346158231481155e+01 5.758115577640991745e-02
2.403368228209411228e+01 3.555899628218936925e+01 4.040732143571651136e+01 5.834942437863880477e-02
2.437759191997355046e+01 3.629150958790710746e+01 3.933089849211933142e+01 6.252194226439719560e-02
2.388922325496445254e+01 3.583214276047058178e+01 4.027863398456496213e+01 5.722736229059136731e-02
2.392433990407236877e+01 3.741646754257946128e+01 3.865919255334816285e+01 5.406041524001161530e-02
2.338423517343711211e+01 3.661247137901052184e+01 4.000329344755236605e+01 5.631566953634639661e-02
2.370259192045402941e+01 3.455238039292715513e+01 4.174502768661881191e+01 5.716913402912372766e-02
2.405645202038162367e+01 3.524339161456700253e+01 4.070015636505137024e+01 6.118820141822713110e-02
2.349736038407992922e+01 3.468346625970895047e+01 4.181917335621111675e+01 5.707351602129184104e-02
2.343512193666190768e+01 3.627260426471556798e+01 4.029227379862251723e+01 5.332858755078096619e-02
2.055928864293317915e+01 3.853169250054407513e+01 4.090901885652275638e+01 5.603551651439928061e-02
2.326436946079465429e+01 3.343939845099406227e+01 4.329623208821129055e+01 5.689527395483914146e-02
2.353001241457138804e+01 3.412449171720769669e+01 4.234549586822091527e+01 6.061221130950730784e-02
2.377977505292917115e+01 3.633184859314805237e+01 3.988837635392278003e+01 5.692509511520675580e-02
2.374312012007581174e+01 3.792478294025079322e+01 3.833209693967339859e+01 5.349765278479604036e-02
2.318427744051322748e+01 3.715888802185958895e+01 3.965683453762718358e+01 5.588255402136139971e-02
2.347914176084197280e+01 3.511181201716217259e+01 4.140904622199585816e+01 5.675136296828455634e-02
2.382408895341011146e+01 3.577245071441103619e+01 4.040346033217886657e+01 6.071733083118239366e-02
2.382832013188215825e+01 3.841862703675909785e+01 3.775305283135875811e+01 5.769627543975917178e-02
2.241970646360649155e+01 4.174242709790428307e+01 3.583786643848922893e+01 5.446780965153305565e-02
2.223674568843826194e+01 3.982267383716358466e+01 3.794058047439815340e+01 5.675981366538174200e-02
2.355308295215077408e+01 3.714648054319103920e+01 3.930043650465818672e+01 5.743246232586183414e-02
2.383606362232048070e+01 3.795626590442576997e+01 3.820767047325374932e+01 6.150574726311393292e-02
2.338994055603425437e+01 3.741450475046760005e+01 3.919555469349815269e+01 5.622224374432194249e-02
2.274423887061230687e+01 3.947498621991569223e+01 3.778077490947200090e+01 5.307139222658512068e-02
2.292028640217190727e+01 3.823957812379831722e+01 3.884013547402977196e+01 5.543723515961752196e-02
2.325260990932060778e+01 3.610408892330939779e+01 4.064330116736999798e+01 5.618775815588360201e-02
2.356697930331324287e+01 3.685543898692623799e+01 3.957758170976052270e+01 6.011625492058458170e-02
2.307876553809063935e+01 3.623206617276733255e+01 4.068916828914203876e+01 5.604640038887957754e-02
2.296109296313144554e+01 3.792345340695016631e+01 3.911545362991839170e+01 5.231090814104623343e-02
2.256545708446439846e+01 3.700962662185428798e+01 4.042491629368131356e+01 5.513447621961433537e-02
2.267663995625658657e+01 3.511783597359146114e+01 4.220552407015195939e+01 5.589037177870225664e-02
2.305971565896501474e+01 3.572564191902085184e+01 4.121464242201412986e+01 5.951742760880489314e-02
2.298798757785343128e+01 3.813558780272985871e+01 3.887642461941670291e+01 5.593867483404041385e-02
2.269736225036801613e+01 4.006692811457644865e+01 3.723570963505552811e+01 5.252385737814019295e-02
2.266465064426246911e+01 3.877457042738084425e+01 3.856077892835668308e+01 5.502569779056803306e-02
2.307351693585927777e+01 3.666183110269591339e+01 4.026465196144481951e+01 5.579336813826696329e-02
2.331310226032287503e+01 3.740260028016158600e+01 3.928429745951554253e+01 5.966173449584104282e-02
2.257942357837060143e+01 3.890481683309100447e+01 3.851575958853840120e+01 5.772120057628721268e-02
2.256145723695217242e+01 4.097060730987711707e+01 3.646793545317071761e+01 5.443199701352776504e-02
2.139671416118081737e+01 4.005212453594858601e+01 3.855116130287060372e+01 5.666637244361682341e-02
2.256900303166591115e+01 3.752046231411262056e+01 3.991053465422147895e+01 5.719801091571015406e-02
2.290582189219693632e+01 3.825537667126632613e+01 3.883880143653674111e+01 6.157089795124898179e-02
2.238189613019303081e+01 3.785058469979549045e+01 3.976751917001148939e+01 5.625389008336634245e-02
2.082715409941189577e+01 4.021931494816605124e+01 3.895353095242206365e+01 5.303886082203792401e-02
2.197206662944900657e+01 3.854608440004359693e+01 3.948184897050740005e+01 5.535269978555839437e-02
2.231505425868719072e+01 3.644249230810274298e+01 4.124245343321005919e+01 5.597031731040157804e-02
2.268218074775484894e+01 3.711219802884939867e+01 4.020562122339575239e+01 6.018850222698553937e-02
2.212811037603048803e+01 3.653657763117101354e+01 4.133531199279849488e+01 5.604467730451397761e-02
2.205812494467851792e+01 3.816764862635145761e+01 3.977422642897001737e+01 5.223804024701860643e-02
2.153578326564669965e+01 3.739820580980692455e+01 4.106601092454637580e+01 5.501549050016966286e-02
2.187797145987756053e+01 3.526462185095444823e+01 4.285740668916798768e+01 5.563496760352210080e-02
2.220499275129835581e+01 3.593748537495550011e+01 4.185752187374612987e+01 5.955225134074285803e-02
2.233084083012745680e+01 3.829147010201651113e+01 3.937768906785603917e+01 5.595811219425519956e-02
2.122598617562893963e+01 4.047188131232680774e+01 3.830213251204424552e+01 5.248042966341211896e-02
2.163929612564946225e+01 3.920634508927874862e+01 3.915435878507179268e+01 5.492789048407491909e-02
2.208804406084587413e+01 3.701253573972172006e+01 4.089942019943240581e+01 5.555422791797392373e-02
2.241296223985906266e+01 3.767788192921893398e+01 3.990915583092199626e+01 5.972252339082210343e-02
2.290632973399912586e+01 3.860781889018994661e+01 3.848585137581093107e+01 5.653177477489293445e-02
2.233600942155422686e+01 4.085602331056468017e+01 3.680796726788109652e+01 5.333458889371252287e-02
2.236596035465418453e+01 3.938446009771414680e+01 3.824957954763165446e+01 5.564435847743202934e-02
2.277498902270775716e+01 3.721732762990696131e+01 4.000768334738528864e+01 5.648547267152102813e-02
2.293992548871885262e+01 3.811131147481021486e+01 3.894876303647093607e+01 6.039736650937350265e-02
2.256705569402944889e+01 3.756412942303401792e+01 3.986881488293651898e+01 5.500977574692637873e-02
2.220373903237606683e+01 3.933189385189629661e+01 3.846436711572761880e+01 5.188568956114624625e-02
2.213526785521385065e+01 3.829904218836590957e+01 3.956568995642025044e+01 5.428416958514985236e-02
2.251931291690737424e+01 3.617026280327783638e+01 4.131042427981478227e+01 5.521767933261656491e-02
2.271301116999319447e+01 3.699772821966796243e+01 4.028926061033885020e+01 5.897116511508466996e-02
2.222892659065444576e+01 3.636157203866594045e+01 4.140950137067961379e+01 5.484519281312538047e-02
2.215800348068787073e+01 3.792161259709651944e+01 3.992038392221561338e+01 5.111582478437323024e-02
2.173196216232912192e+01 3.708674011212094968e+01 4.118129772554993195e+01 5.398616912934621481e-02
2.211733149136661680e+01 3.501555691160942274e+01 4.286711159702395690e+01 5.491931144669185555e-02
2.224741457895129315e+01 3.580067113379972454e+01 4.195191428724897520e+01 5.836311707329245452e-02
2.242375758321242785e+01 3.813097206676774675e+01 3.944527035001983251e+01 5.474488827424143361e-02
2.074293727375232521e+01 4.050516317506531294e+01 3.875189955118236895e+01 5.135870695232763739e-02
2.193788454784810682e+01 3.882818241838293005e+01 3.923393303376896313e+01 5.388896155186730791e-02
2.234839337129803383e+01 3.669086167157896483e+01 4.096074495712299068e+01 5.483504309629984308e-02
2.249690408561763633e+01 3.752257035407137664e+01 3.998052556031097993e+01 5.852457511403749008e-02
2.279428001364631129e+01 4.039379698806676799e+01 3.681192299828692427e+01 5.662729409264628810e-02
2.168264225276480772e+01 4.375803736824821044e+01 3.455932037898698184e+01 5.358764792824054907e-02
2.059394261876681398e+01 4.244032743015841902e+01 3.696572995107477055e+01 5.586040847118428632e-02
2.255018177864233664e+01 3.903181534531111652e+01 3.841800287604654329e+01 5.670926571404288213e-02
2.146673708932059910e+01 4.054008137002170997e+01 3.799318154065768738e+01 6.076337220083231905e-02
2.205170658972640041e+01 3.954900772300697298e+01 3.839928568726662661e+01 5.525544958083204033e-02
2.157379760861922335e+01 4.170177964449872832e+01 3.672442274688204122e+01 5.230123440894615672e-02
2.136473637656286328e+01 4.046182682567726374e+01 3.817343679775986232e+01 5.465234896516576318e-02
2.216601480526858481e+01 3.798446795845756441e+01 3.984951723627385434e+01 5.558238334648576973e-02
2.256659352538768459e+01 3.873927681214573937e+01 3.869412966246656538e+01 5.947828030136979860e-02
2.199923028711528517e+01 3.813316421341014717e+01 3.986760549947456411e+01 5.495317719792442573e-02
2.147547194136609150e+01 4.012723738291551712e+01 3.839729067571838073e+01 5.139810866610153295e-02
2.129470696305626021e+01 3.931630465057099144e+01 3.938898838637274480e+01 5.421368563084213305e-02
2.175258066491186071e+01 3.683392022577079672e+01 4.141349910931734257e+01 5.513653843548681210e-02
2.205322525515979848e+01 3.759077646544891138e+01 4.035599827939130080e+01 5.874980954436689884e-02
2.062051570470058692e+01 4.075541074474757153e+01 3.862407355055183444e+01 5.489607670041425636e-02
2.132779205136029432e+01 4.241422382818204539e+01 3.625798412045765673e+01 5.166164473760052889e-02
2.073918349393456140e+01 4.130281970040862660e+01 3.795799680565681200e+01 5.415296648562578641e-02
2.206253660915372450e+01 3.854264870869644710e+01 3.939481468214983551e+01 5.510964996898395918e-02
2.233851948774261231e+01 3.929178059603085416e+01 3.836969991622652998e+01 5.895132320911072865e-02
2.451363338476933151e+01 3.655115144676962302e+01 3.893521516846104902e+01 5.730121879806032714e-02
2.401860126534525719e+01 3.854136590796672834e+01 3.744003282668801802e+01 5.431281974761697356e-02
2.383429415471146129e+01 3.745033007353129051e+01 3.871537577175725886e+01 5.639425988150349039e-02
2.418717566325020840e+01 3.533191536175731073e+01 4.048090897499246665e+01 5.706678589889357944e-02
2.452130435662337504e+01 3.606925833507219181e+01 3.940943730830442604e+01 6.132242987052798078e-02
2.407088252856840427e+01 3.562368674512746480e+01 4.030543072630412382e+01 5.590107123816932116e-02
2.398472930749518284e+01 3.727851358525451531e+01 3.873675710725030541e+01 5.299393378492650575e-02
2.350969266655337364e+01 3.644509603740956294e+01 4.004521129603705987e+01 5.515009774867688647e-02
2.384607397420959529e+01 3.435439939035105539e+01 4.179952663543934221e+01 5.591481118963494146e-02
2.419823579777603939e+01 3.503821816125503830e+01 4.076354604096891876e+01 6.000871488911463381e-02
2.362562378213889147e+01 3.454969602670485784e+01 4.182468019115624713e+01 5.575559699623216375e-02
2.346345993625398663e+01 3.616194813936077423e+01 4.037459192438523559e+01 5.225648039123534372e-02
2.307024674885849080e+01 3.531259770536433251e+01 4.161715554577717313e+01 5.487582494906010494e-02
2.339074862753383499e+01 3.326307681799796967e+01 4.334617455446820600e+01 5.564714632982880466e-02
2.112905975559099758e+01 3.702164668207776543e+01 4.184929356233124054e+01 5.943527420237400966e-02
2.392367660887840586e+01 3.612575402324192453e+01 3.995056936787968027e+01 5.565470174024573363e-02
2.331344610372045523e+01 3.814536180672428856e+01 3.854119208955526688e+01 5.247873070136348239e-02
2.328675480415450494e+01 3.699738062664233951e+01 3.971586456920315555e+01 5.476844667662764121e-02
2.367543342891695346e+01 3.488878608929326219e+01 4.143578048178977724e+01 5.554740712616935278e-02
2.396183992241809690e+01 3.559157787623295377e+01 4.044658220134894577e+01 5.958660254233637266e-02
2.343493605295595117e+01 3.845738788863793189e+01 3.810767605840612049e+01 5.628537728674522234e-02
2.356307877690413122e+01 4.065529617490353331e+01 3.578162504819233192e+01 5.331051231958406494e-02
2.174801748890202191e+01 3.987369461963061212e+01 3.837828789146736597e+01 5.550744847470598375e-02
2.374911733667630287e+01 3.688705555461569929e+01 3.936382710870799428e+01 5.608637452440316806e-02
2.407214369100105600e+01 3.767541908605329581e+01 3.825243722294564463e+01 6.024523835280059386e-02
2.366942068132239640e+01 3.714352348054583075e+01 3.918705583813176929e+01 5.482239926917346212e-02
2.235138437901006725e+01 3.952996590712964320e+01 3.811864971386027889e+01 5.193307953292464890e-02
2.303132387079737242e+01 3.811207384072527304e+01 3.885660228847734743e+01 5.420424764921690647e-02
2.344944877347178291e+01 3.586330454328973616e+01 4.068724668323849158e+01 5.486781632532129055e-02
2.375207957596251518e+01 3.664360834003750966e+01 3.960431208399997161e+01 5.887451671275625159e-02
2.328458035090800138e+01 3.599320261600190918e+01 4.072221703309007523e+01 5.465550663515671842e-02
2.304887920543279378e+01 3.778749851725638109e+01 3.916362227731082157e+01 5.116580683385162781e-02
2.271195585687168261e+01 3.681225512295647206e+01 4.047578902017184532e+01 5.390703410399302203e-02
2.292193339591995738e+01 3.477678592382037692e+01 4.230128068025966570e+01 5.457529222685952169e-02
2.324060871200353517e+01 3.551672726509463729e+01 4.124266402290182043e+01 5.827742446374802737e-02
2.343664250456162179e+01 3.776357259590736959e+01 3.879978489953101217e+01 5.459723023529068631e-02
2.206821134311250887e+01 4.030259113368174440e+01 3.762919752320573963e+01 5.143497093432466277e-02
2.266511880632260656e+01 3.868170053431150279e+01 3.865318065936589420e+01 5.384498743563584378e-02
2.325820522750910158e+01 3.642192015006735062e+01 4.031987462242354781e+01 5.452552209378472292e-02
2.347799658053312299e+01 3.719257104718204943e+01 3.932943237228482047e+01 5.846997974753622568e-02
2.261930687174177379e+01 3.873225468119888859e+01 3.864843844705932696e+01 5.645381483256147609e-02
2.252003036992735474e+01 4.070125578175739633e+01 3.677871384831524892e+01 5.341598396205242405e-02
2.236207275656623139e+01 3.947701808989118888e+01 3.816090915354256907e+01 5.555548744492089935e-02
2.277298723775585998e+01 3.725419759373622242e+01 3.997281516850791405e+01 5.598082884476526799e-02
2.314102937907116342e+01 3.795281053122946702e+01 3.890616008969935535e+01 6.043837776782880894e-02
2.261526903344827844e+01 3.758699010088025005e+01 3.979774086567147151e+01 5.499511977078744285e-02
2.216497781498914676e+01 3.941689513248462617e+01 3.841812705252623061e+01 5.203994903677383599e-02
2.213237807557651138e+01 3.833270087445433205e+01 3.953492104996915657e+01 5.426019475109618295e-02
2.249450346819852697e+01 3.620620900712335555e+01 4.129928752467812814e+01 5.477994789481915178e-02
2.287062058564898237e+01 3.686536142566384910e+01 4.026401798868716497e+01 5.907348708964864359e-02
2.235871999838915158e+01 3.627551232778981216e+01 4.136576767382102560e+01 5.479420946322596797e-02
2.208991790897934493e+01 3.814637017214168679e+01 3.976371191887897538e+01 5.123373509942494297e-02
2.176161018902745070e+01 3.713447578729071807e+01 4.110391402368183122e+01 5.392669289329159177e-02
2.208815443123789279e+01 3.504437598729013814e+01 4.286746958147197262e+01 5.444799559940219358e-02
2.231268257291126389e+01 3.574144275380505320e+01 4.194587467328368291e+01 5.843841382913099458e-02
2.256524489358761798e+01 3.799478524408927171e+01 3.943996986232311031e+01 5.475734450263754910e-02
2.066194006711885933e+01 4.062145829780082096e+01 3.871660163508030905e+01 5.153183704371373103e-02
2.184575225886481320e+01 3.908584377635271778e+01 3.906840396478246902e+01 5.388683238792206509e-02
2.229559286546573915e+01 3.676869633028307760e+01 4.093571080425118680e+01 5.441218914149255348e-02
2.260391222076930973e+01 3.747685636309723378e+01 3.991923141613346360e+01 5.865696530395505398e-02
2.301864278759916971e+01 3.840334851014797124e+01 3.857800870225285905e+01 5.523685968107750616e-02
2.228766374908287062e+01 4.065086141366506212e+01 3.706147483725207792e+01 5.230043727288545552e-02
2.237065204036325383e+01 3.926909937829027086e+01 3.836024858134648241e+01 5.451201405895275687e-02
2.299186488640252790e+01 3.693986655493530691e+01 4.006826855866216874e+01 5.524597852425794375e-02
2.314661198570600220e+01 3.784719021678765927e+01 3.900619779750634564e+01 5.924544953190739177e-02
2.277579854145125182e+01 3.733270394912302237e+01 3.989149750942572581e+01 5.372411702156038721e-02
2.246026775668341102e+01 3.910325410034837290e+01 3.843647814296820542e+01 5.086801223445078235e-02
2.226454666805018690e+01 3.808236405013800407e+01 3.965308928181180903e+01 5.316866965185407939e-02
2.270681882488465320e+01 3.591795709515915291e+01 4.137522407995619744e+01 5.400238723731751178e-02
2.286128898102559859e+01 3.676341617918980376e+01 4.037529483978458700e+01 5.783625017644278277e-02
2.245576098729864611e+01 3.609164180539277567e+01 4.145259720730857822e+01 5.356767454084029184e-02
2.224266171395211344e+01 3.780064581638799837e+01 3.995669246965988464e+01 5.009432647552122114e-02
2.188117466422855273e+01 3.693287989887609513e+01 4.118594543689534504e+01 5.287647782947632602e-02
2.230941283991015922e+01 3.473895429321915884e+01 4.295163286687068904e+01 5.370887556984122596e-02
2.241786018802584834e+01 3.558273690617519946e+01 4.199940290579895219e+01 5.722892918511289506e-02
2.268713753303535086e+01 3.779081717108750382e+01 3.952204529587714887e+01 5.351799477496935187e-02
2.180201926929661482e+01 3.985324626536679204e+01 3.834473446533658603e+01 5.039280127501692685e-02
2.210880289208258276e+01 3.860574300945547321e+01 3.928545409846194048e+01 5.282653072478663003e-02
2.252529599840750762e+01 3.645682070222218840e+01 4.101788329937030397e+01 5.367240433887685708e-02
2.267115380207275521e+01 3.730347435280260981e+01 4.002537184512463853e+01 5.744023525309618905e-02
