7.004161195254805072e+00 9.483814921227763151e+00 8.351202388351744332e+01 7.481554280051712358e-02
6.165414528625068336e+00 9.504246587892120957e+00 8.433033888348279561e+01 7.417826497667760755e-02
7.055747937424156291e+00 9.224392750707716360e+00 8.371985931186813445e+01 7.562261181341893568e-02
6.638994257717229175e+00 9.612897956090090901e+00 8.374810778619267637e+01 7.463887393386588187e-02
6.710044931976032245e+00 8.989839634440619065e+00 8.430011543358335757e+01 7.634469152839712391e-02
6.250018397020412841e+00 9.049617243004483669e+00 8.470036435997509727e+01 7.209165962712611730e-02
5.944411011736669082e+00 9.044297604277501179e+00 8.501129138398583507e+01 7.134053572920112662e-02
6.859418771998139874e+00 8.839774109781263434e+00 8.430080711822058959e+01 7.338343521404185055e-02
6.454135167951459806e+00 9.154614925641226364e+00 8.439124990640731028e+01 7.200183221897665797e-02
6.440699026292418417e+00 8.545708324601172023e+00 8.501359264910639979e+01 7.343317446599278986e-02
6.494297328954390380e+00 8.190290599524677972e+00 8.531541207152092454e+01 7.279468105133399258e-02
6.140330821005123951e+00 8.230704870564848008e+00 8.562896430843004225e+01 7.246977105614639536e-02
6.921379241383935010e+00 7.968890905919547407e+00 8.510972985269653179e+01 7.310262525840570402e-02
6.620125424175378193e+00 8.287010854880168864e+00 8.509286372094445028e+01 7.220504212585986126e-02
6.628960311276123285e+00 7.721454626976491653e+00 8.564958506174738773e+01 7.407980790849838515e-02
6.351359649846799016e+00 9.524964549779610934e+00 8.412367580037359005e+01 7.133862044380444301e-02
5.931774335222899097e+00 9.562857638538263316e+00 8.450536802623885535e+01 7.080966813010133865e-02
6.760633665104699652e+00 9.314870099673299819e+00 8.392449623522199431e+01 7.197230396491006987e-02
6.523516079859313699e+00 9.655581329409326230e+00 8.382090259073136451e+01 7.119908029182417386e-02
6.610747722844890539e+00 9.057202884135049814e+00 8.433204939302004277e+01 7.307940971344160930e-02
7.936433740088422617e+00 7.617617391192358589e+00 8.444594886871922768e+01 7.841985858921766972e-02
7.354289719361003286e+00 7.708603190556011064e+00 8.493710709008298920e+01 7.796913624595544490e-02
8.240836635760743434e+00 7.617812179032122266e+00 8.414135118520712808e+01 7.911807671004381093e-02
7.858208520260224539e+00 7.831490034678584067e+00 8.431030144506119939e+01 7.830285100048867131e-02
7.992109307443600485e+00 7.327848794674369337e+00 8.468004189788203462e+01 7.984818695840815994e-02
7.482860483753156267e+00 7.415074179697968226e+00 8.510206533654887551e+01 7.595558442741631722e-02
7.078722533485301227e+00 7.402513627431523524e+00 8.551876383908316370e+01 7.538047589155751071e-02
7.946616060446394236e+00 7.333745625742883689e+00 8.471963831381071941e+01 7.708543962741987166e-02
7.587013926507980344e+00 7.530170240405831272e+00 8.488281583308618394e+01 7.589733577986937374e-02
7.689027348589480226e+00 7.050613508631622395e+00 8.526035914277889560e+01 7.717953764407774198e-02
7.712403187987045605e+00 6.774760209696949254e+00 8.551283660231601402e+01 7.708069294546247840e-02
7.249418664928822587e+00 6.751240795992199395e+00 8.599934053907897180e+01 7.690242924153474491e-02
8.018048686120609503e+00 6.662271213464808994e+00 8.531968010041457262e+01 7.729105258277875479e-02
7.629143847860772709e+00 6.831198242149665312e+00 8.553965790998957175e+01 7.655641624173122051e-02
7.761812970437186543e+00 6.383656869114394894e+00 8.585453016044841945e+01 7.824726403771441186e-02
7.602468559995671171e+00 7.729278346136858602e+00 8.466825309386747733e+01 7.532514115351811312e-02
7.175307168125844903e+00 7.750815660065134338e+00 8.507387717180903053e+01 7.496363356085407326e-02
8.029163513985986711e+00 7.687011085880993910e+00 8.428382540013301139e+01 7.582421131067293429e-02
7.710740373955808913e+00 7.863909071784450866e+00 8.442535055425975088e+01 7.521656777195644128e-02
7.804902717542031354e+00 7.384665643512726696e+00 8.481043163894524639e+01 7.691471285774183209e-02
7.609919685772481124e+00 8.833924120202926389e+00 8.355615619402458094e+01 7.741330972783966313e-02
7.194449371389397996e+00 8.817393498421377984e+00 8.398815713018923645e+01 7.697041651779334970e-02
7.804152616480505067e+00 8.690733330473420892e+00 8.350511405304607138e+01 7.815733432651299217e-02
7.640791042907673969e+00 9.008643606059470343e+00 8.335056535103285569e+01 7.730277893661635646e-02
7.622929925408511664e+00 8.374598068926028205e+00 8.400247200566545303e+01 7.886098390129005209e-02
7.179798367444386820e+00 7.863915420208066109e+00 8.495628621234754974e+01 7.483090764824271157e-02
6.911184318168429819e+00 8.318919109293025471e+00 8.476989657253854205e+01 7.427273977975716590e-02
7.748449776845053094e+00 8.423893620323990916e+00 8.382765660283097020e+01 7.602692620291981451e-02
7.415270061158111936e+00 8.547482117540202040e+00 8.403724782130169046e+01 7.479082360531831564e-02
7.495000819878755216e+00 8.049007641942491631e+00 8.445599153817875049e+01 7.608655483714212020e-02
7.086531414457380329e+00 7.185253560055635091e+00 8.572821502548698902e+01 7.588892247839142124e-02
6.628543896885942033e+00 7.187171188341579864e+00 8.618428491477249054e+01 7.572799530752058472e-02
7.715466789871239683e+00 7.572304224677695039e+00 8.471222898545106261e+01 7.614677489375673569e-02
7.523923199321759903e+00 7.790933648169627190e+00 8.468514315250860136e+01 7.537288502779196375e-02
7.552088611824774311e+00 7.332791782194840735e+00 8.511511960598038229e+01 7.708561293599509867e-02
7.423060284157417144e+00 8.761836868813180246e+00 8.381510284702940794e+01 7.422999259728470245e-02
7.025026453229570755e+00 8.876047503561734331e+00 8.409892604320870646e+01 7.388843220639548792e-02
7.737974265986926170e+00 8.768882180351511124e+00 8.349314355366156803e+01 7.478350910908063143e-02
7.461405442728483273e+00 9.048776904802917187e+00 8.348981765246858799e+01 7.413893323419434855e-02
7.435938127271874976e+00 8.408558051309107384e+00 8.415550382141901764e+01 7.585343281152859274e-02
7.428954095692403392e+00 8.726785716424545924e+00 8.384426018788305157e+01 7.636827828558534481e-02
7.022383435051962053e+00 8.704963668491043194e+00 8.427265289645698942e+01 7.589554655938696159e-02
7.635059991507050725e+00 8.567507338455975230e+00 8.379743267003696872e+01 7.715555780130942121e-02
7.417489191346417599e+00 8.841242366331460545e+00 8.374126844232212363e+01 7.624529741394162063e-02
7.526043340061627340e+00 8.338595374782112657e+00 8.413536128515626444e+01 7.785181318281922391e-02
7.151614033523830294e+00 7.919100785908356421e+00 8.492928518056781684e+01 7.376955938527755829e-02
6.746816274572574379e+00 8.200446650897315948e+00 8.505273707453011411e+01 7.317667308004176252e-02
7.590965429285844834e+00 8.262577619809052365e+00 8.414645695090510458e+01 7.501368055267189361e-02
7.222962662612721019e+00 8.381060443682640582e+00 8.439597689370462774e+01 7.371677890227015806e-02
7.334643175628220213e+00 7.920196478157565778e+00 8.474516034621420602e+01 7.505459291846745817e-02
7.325065644052261682e+00 7.497002587297308729e+00 8.517793176865042426e+01 7.474876994281136333e-02
6.964765530290942586e+00 7.486576246533260814e+00 8.554865822317580637e+01 7.456143740767071093e-02
7.538724841885837691e+00 7.330100007898034953e+00 8.513117515021612292e+01 7.503403912460034075e-02
7.374195436001978798e+00 7.635288083620467070e+00 8.499051648037755058e+01 7.420932193015614131e-02
7.388646721207061674e+00 7.185605007022516588e+00 8.542574827177041641e+01 7.597163339008961014e-02
7.188223764410968109e+00 8.582651109242283027e+00 8.422912512634674442e+01 7.312270898897491045e-02
6.804057739725855924e+00 8.718864403457363466e+00 8.447707785681679127e+01 7.274981865496038536e-02
7.431435024253852717e+00 8.460320841357539479e+00 8.410824413438861313e+01 7.371732737164311822e-02
7.248735211744645746e+00 8.864322014082647527e+00 8.388694277417270939e+01 7.301869145001410599e-02
7.344871942351191230e+00 8.382417094620318920e+00 8.427271096302848719e+01 7.478540465800760650e-02
7.406379855612667207e+00 8.858837956755033716e+00 8.373478218763229108e+01 7.627509937463042289e-02
6.960703102777686446e+00 8.784896900417416887e+00 8.425439999680489223e+01 7.578201326287602180e-02
7.634077951860664513e+00 8.710522519648357331e+00 8.365539952849097460e+01 7.704256464582653896e-02
7.440560372446377357e+00 8.967872670679399860e+00 8.359156695687421745e+01 7.615873621142690841e-02
7.534038212115016897e+00 8.443321753691218845e+00 8.402264003419377048e+01 7.780681216822868396e-02
7.002440169087957855e+00 7.836247988048485880e+00 8.516131184286355449e+01 7.368038351313060952e-02
6.652512818804131811e+00 8.241421850971187624e+00 8.510606533022468057e+01 7.306310274063584909e-02
7.569657732368377800e+00 8.390175031748279721e+00 8.404016723588334514e+01 7.490209444263802585e-02
7.151923592779501071e+00 8.412710588237436227e+00 8.443536581898307247e+01 7.363268175327336573e-02
7.268355397403611917e+00 7.954574502380560297e+00 8.477707010021582335e+01 7.501193910889591976e-02
7.236608664747706143e+00 7.511429010846096155e+00 8.525196232440620747e+01 7.466718624557390493e-02
6.892815603539974134e+00 7.561704710007015606e+00 8.554547968645300671e+01 7.446017150856838740e-02
7.587472764351047338e+00 7.503640200042416275e+00 8.490888703560653994e+01 7.493290643716306321e-02
7.413926660353504339e+00 7.773143327722826790e+00 8.481293001192366887e+01 7.413276934254954542e-02
7.415999649275404337e+00 7.299514618723859094e+00 8.528448573200073213e+01 7.593396936515810214e-02
7.177265411228010983e+00 8.652480795291928928e+00 8.417025379348005742e+01 7.302474264468625242e-02
6.791823470949541530e+00 8.822989657048740497e+00 8.438518687200171087e+01 7.262830010730648989e-02
7.622616257787737659e+00 8.762755774561048483e+00 8.361462796765123073e+01 7.359651928020995160e-02
7.292650520717415041e+00 9.001369894305119246e+00 8.370597958497747015e+01 7.292658199687837572e-02
7.363932745899766985e+00 8.450747768583372732e+00 8.418531948551687094e+01 7.473487067156193986e-02
6.735535304366811360e+00 9.431486813024239524e+00 8.383297788260894379e+01 7.503326161402155969e-02
6.232468323127254628e+00 9.522884921689216853e+00 8.424464675518353829e+01 7.446007918106138657e-02
7.067214600193945095e+00 9.331650230715091254e+00 8.360113516909095210e+01 7.598931309846658488e-02
6.675667992284871843e+00 9.697199660124459442e+00 8.362713234759065983e+01 7.502419107437989509e-02
6.764038080920364848e+00 9.074420553828069558e+00 8.416154136525156559e+01 7.673184804989602315e-02
6.533367317430702315e+00 9.008230034841046674e+00 8.445840264772824924e+01 7.228739028772553088e-02
6.061603504367023554e+00 9.034338407533269333e+00 8.490405808809970267e+01 7.158896206211333435e-02
7.095643272762644393e+00 8.845650845205192070e+00 8.405870588203217153e+01 7.371235442002049831e-02
6.501698916207192980e+00 9.199874468323381294e+00 8.429842661546942395e+01 7.235343204797248240e-02
6.606302659340100192e+00 8.547838888906907684e+00 8.484585845175298857e+01 7.378491951225706058e-02
6.727582855800103623e+00 8.090633796168638980e+00 8.518178334803124585e+01 7.295188504079092029e-02
6.300367795749886923e+00 8.191418275509661839e+00 8.550821392874044591e+01 7.268528144453725859e-02
7.051135348856207408e+00 7.951497842044163100e+00 8.499736680909963127e+01 7.340452681837410231e-02
6.701372977728556002e+00 8.288288193795361636e+00 8.501033882847607970e+01 7.253030588616386776e-02
6.779014064931756955e+00 7.740191587275503160e+00 8.548079434779273811e+01 7.440612182630132465e-02
6.521557582037959655e+00 9.421271320573406882e+00 8.405717109738864679e+01 7.158158182615381726e-02
6.210714693247241236e+00 9.555493598411338496e+00 8.423379170834142826e+01 7.110439182650322987e-02
7.045344120044786607e+00 9.357314172124649332e+00 8.359734170783055163e+01 7.235675681842336504e-02
6.556278976516439982e+00 9.726625633031842355e+00 8.371709539045171766e+01 7.160098260524619396e-02
6.744468235910629161e+00 8.554305733134503598e+00 8.470122603095487079e+01 7.348062082558558250e-02
8.201270023990419489e+00 7.584890016222832543e+00 8.421383995978675330e+01 7.867481591324601564e-02
7.544809594754934068e+00 7.726069811509627350e+00 8.472912059373544480e+01 7.827409885160954706e-02
8.397855468193258233e+00 7.664774507704040118e+00 8.393737002410270520e+01 7.951292275488242023e-02
8.020190758483517257e+00 7.892392191112843847e+00 8.408741705040364423e+01 7.871435055450134999e-02
8.131155108778125751e+00 7.386604193340609470e+00 8.448224069788126656e+01 8.026329105276849840e-02
7.750844935245009282e+00 7.364544751237447784e+00 8.488461031351752695e+01 7.617457061380716876e-02
7.275484111975986323e+00 7.399848463465363402e+00 8.532466742455864050e+01 7.565079104748689831e-02
8.137729619626142608e+00 7.477401593076693054e+00 8.438486878729716523e+01 7.744140616123859622e-02
7.746300393766142989e+00 7.562701044078716350e+00 8.469099856215514421e+01 7.627398899586280978e-02
7.851635309292692710e+00 7.071334218127190319e+00 8.507703047258010542e+01 7.755903094768926143e-02
8.043509157682732891e+00 6.623209920095847636e+00 8.533328092222140526e+01 7.725867598231656030e-02
7.536997522908863267e+00 6.700482513064858203e+00 8.576251996402628208e+01 7.713465616675373171e-02
8.311368655560626095e+00 6.607173707037095056e+00 8.508145763740226641e+01 7.761385671762420502e-02
7.960581433219080516e+00 6.820499051090711973e+00 8.521891951569020307e+01 7.690132402724468574e-02
8.068607713133189918e+00 6.372896057853858487e+00 8.555849622901295959e+01 7.859488648630279239e-02
7.841410863687228172e+00 7.698042838207332039e+00 8.446054629810544156e+01 7.559524123078296964e-02
7.356894068451882873e+00 7.771248283709258686e+00 8.487185764783885134e+01 7.527851860214015978e-02
8.201854028894077331e+00 7.706315803533663633e+00 8.409183016757225460e+01 7.623224613272190642e-02
7.750441795709977377e+00 7.975649334166936555e+00 8.427390887012309406e+01 7.564175007868870204e-02
7.936905780281057865e+00 7.479134154302604642e+00 8.458396006541633483e+01 7.734295410487039557e-02
7.958796230512850123e+00 8.082857375313881931e+00 8.395834639417326173e+01 7.767971699065499835e-02
7.377023003386483424e+00 8.207624307055716883e+00 8.441535268955779259e+01 7.728291982077215017e-02
8.292015891122574089e+00 8.023660584850485833e+00 8.368432352402692231e+01 7.856216848788134810e-02
7.896956863429575257e+00 8.277491063135673954e+00 8.382555207343474990e+01 7.772541453333424444e-02
7.997794455357248644e+00 7.756045837642750129e+00 8.424615970700000389e+01 7.928562216051390776e-02
7.574458331432841973e+00 7.784910394642523990e+00 8.464063127392464025e+01 7.506140902874798571e-02
7.094954602717011838e+00 7.769302656367232274e+00 8.513574274091575944e+01 7.455410189124954401e-02
7.968184029348996944e+00 7.721513298376085466e+00 8.431030267227491493e+01 7.639349881858756297e-02
7.527015058071355291e+00 7.959693670532313803e+00 8.451329127139634068e+01 7.517862263249731891e-02
7.615997600226585895e+00 7.458500061434589767e+00 8.492550233833883055e+01 7.647654684990444485e-02
7.686331670052493514e+00 7.090956019004564403e+00 8.522271231094295274e+01 7.607746539876418523e-02
7.325737802807608112e+00 7.137248865639486795e+00 8.553701333155291309e+01 7.597164276998415178e-02
8.108948782859306093e+00 7.315757198264699390e+00 8.457529401887597942e+01 7.647984575358313108e-02
7.619614198666121219e+00 7.244363879659594829e+00 8.513602192167428484e+01 7.572963855542037825e-02
7.609904235977133169e+00 6.791308201181359472e+00 8.559878756284510359e+01 7.744389211961830166e-02
7.648996529952397871e+00 8.107967053332139074e+00 8.424303641671545506e+01 7.450661859623199101e-02
7.256336176193117105e+00 8.338820378888584628e+00 8.440484344491829916e+01 7.421506209492610695e-02
8.052530851070669016e+00 8.044257867295224074e+00 8.390321128163411402e+01 7.520331926112068521e-02
7.672143400008692993e+00 8.339376339439432684e+00 8.398848026055186722e+01 7.457617348446367311e-02
7.754381641234372680e+00 7.890637186907201617e+00 8.435498117185844080e+01 7.629303749036675519e-02
7.680540289399255371e+00 7.998168482195880280e+00 8.432129122840485991e+01 7.663219756855349507e-02
7.147701829666589290e+00 8.045821531746861766e+00 8.480647663858654539e+01 7.620576094700982905e-02
8.039263867154126331e+00 8.079760552471169532e+00 8.388097558037470947e+01 7.755329038103202233e-02
7.694710198572538573e+00 8.414164389637281971e+00 8.389112541179018478e+01 7.666130844806763600e-02
7.732706301067946875e+00 7.810338187682557276e+00 8.445695551124950384e+01 7.826909153535875630e-02
7.442416100557145420e+00 7.628894973845427252e+00 8.492868892559741312e+01 7.399515260755726298e-02
6.949219081003393583e+00 7.625713674425841582e+00 8.542506724457076928e+01 7.345321758080042285e-02
7.894208759865729341e+00 7.530311449524390355e+00 8.457547979060986165e+01 7.537368729138259338e-02
7.379003335587152712e+00 7.826041115274829707e+00 8.479495554913802380e+01 7.409908113727756152e-02
7.461663455629014230e+00 7.300938227059129204e+00 8.523739831731185745e+01 7.543789524020612369e-02
7.507189482105310674e+00 6.886852251487127319e+00 8.560595826640755490e+01 7.493137155624264578e-02
7.127549992895182207e+00 6.907823829255433701e+00 8.596462617784938232e+01 7.480125793802450129e-02
8.045620574097352318e+00 7.256890622529569512e+00 8.469748880337307639e+01 7.536027252626213702e-02
7.586260045626791459e+00 7.314720143322366752e+00 8.509901981105083735e+01 7.456148897804848463e-02
7.756919349735367675e+00 7.062599141572245998e+00 8.518048150869239521e+01 7.632420371042811236e-02
7.435852734192890168e+00 7.989803376566946724e+00 8.457434388924016844e+01 7.339436677694655131e-02
7.069313040317581454e+00 8.102479571238625056e+00 8.482820738844378639e+01 7.307276898250276986e-02
7.879446518343265815e+00 7.921426812435769627e+00 8.419912666922097344e+01 7.413188303006917890e-02
7.478215429981879048e+00 8.175556041219953940e+00 8.434622852879816435e+01 7.345111269259435582e-02
7.638007412878257796e+00 7.721866357188869934e+00 8.464012622993286072e+01 7.521827924341903393e-02
7.713664063947869742e+00 8.089936058898029358e+00 8.419639987715410712e+01 7.653490020711836705e-02
7.138072966946276132e+00 8.181402135165516398e+00 8.468052489788820480e+01 7.609054394638259389e-02
8.023482501851997739e+00 8.029299166026751422e+00 8.394721833212125262e+01 7.743882483206213085e-02
7.666697474814847979e+00 8.454123988157951075e+00 8.387917853702720095e+01 7.657164644276068244e-02
7.652146004656445122e+00 7.786029985882202631e+00 8.456182400946134692e+01 7.822078680755183144e-02
7.336345281164375010e+00 7.763829862717560815e+00 8.489982485611805885e+01 7.390449497298665071e-02
6.976044976515407114e+00 7.724277752077191472e+00 8.529967727140740408e+01 7.333815683994045209e-02
7.821966547945562453e+00 7.701640596413735551e+00 8.447639285564069667e+01 7.525989237902734608e-02
7.351010562775657675e+00 7.900521835610510912e+00 8.474846760161382520e+01 7.401261222487093283e-02
7.494703453156264850e+00 7.398615731042223587e+00 8.510668081580151068e+01 7.539236758134268412e-02
7.622858964105837742e+00 7.165792964640537832e+00 8.521134807125362443e+01 7.484899280567618163e-02
7.124815623622402505e+00 7.101997384974506389e+00 8.577318699140307956e+01 7.469817988741550563e-02
7.950266238957627962e+00 7.301703008164322384e+00 8.474803075287805143e+01 7.525785159705453142e-02
7.481994216501824724e+00 7.262616962158404021e+00 8.525538882133977836e+01 7.448367603650213331e-02
7.606110044560656647e+00 6.855912488281236783e+00 8.553797746715811456e+01 7.628448932930603776e-02
7.470579827521112826e+00 8.091039782999605023e+00 8.443838038947929192e+01 7.329527796328062783e-02
7.079275385383616559e+00 8.087312208398600433e+00 8.483341240621777501e+01 7.294928157908886490e-02
7.888926297486240635e+00 8.003023872263117511e+00 8.410804983025064985e+01 7.400920721643486355e-02
7.535074334398953688e+00 8.254930892475291770e+00 8.420999477312575721e+01 7.335683489080001285e-02
7.562645140253866138e+00 7.863977769946691510e+00 8.457337708979943613e+01 7.516568385715007017e-02
7.784272954918550091e+00 8.772763412219635626e+00 8.344296363286181872e+01 7.534951563719077816e-02
7.155619397529782155e+00 8.870757018943205452e+00 8.397362358352701506e+01 7.473251829045664263e-02
8.093391530263062350e+00 8.770190253106598277e+00 8.313641821663034648e+01 7.631156046873552312e-02
7.677822159366123778e+00 9.106801091296201633e+00 8.321537674933766482e+01 7.535202671146798425e-02
7.746176081013484094e+00 8.530307376474324244e+00 8.372351654251218633e+01 7.707261677941933120e-02
7.550355673218098751e+00 8.256118821183767054e+00 8.419352550559813153e+01 7.258332322608378184e-02
7.062206614289207707e+00 8.391292500027249801e+00 8.454650088568354249e+01 7.184051549058524666e-02
8.005787150555036646e+00 8.331928624575782649e+00 8.366228422486918248e+01 7.401231123712609383e-02
7.538546001120427498e+00 8.604884174440590172e+00 8.385656982443899210e+01 7.266062886191700099e-02
7.594389979714809336e+00 7.985148724046009505e+00 8.442046129623918205e+01 7.410485822125477406e-02
7.812978032065164946e+00 7.973825891793786980e+00 8.421319607614105962e+01 7.327211119578681819e-02
7.303376732222594647e+00 8.114808084970047020e+00 8.458181518280737521e+01 7.295885221337833348e-02
8.070251941777366156e+00 7.826266717355809810e+00 8.410348134086682137e+01 7.373040400242990289e-02
7.736875734960388939e+00 8.231207223420931030e+00 8.403191704161868358e+01 7.286370445831473475e-02
7.806657375600841497e+00 7.695800339984574912e+00 8.449754228441457826e+01 7.475281714912498932e-02
7.558832267963714102e+00 8.764608774055790974e+00 8.367655895798050381e+01 7.191277605276186202e-02
7.055135949036793086e+00 8.910556929470491383e+00 8.403430712149271642e+01 7.138994471400202102e-02
7.917644589824936574e+00 8.733318825857974588e+00 8.334903658431710483e+01 7.269369911378348315e-02
7.524244080200837459e+00 9.082266033095040214e+00 8.339348988670411700e+01 7.194424117235710681e-02
7.546218426455622463e+00 8.475185357574785527e+00 8.397859621596958846e+01 7.383857953296726895e-02
8.679083705601289722e+00 7.601579091974500990e+00 8.371933720242421373e+01 7.897211291924249865e-02
7.657016269941280484e+00 7.806752609624552086e+00 8.453623112043416654e+01 7.852813231679113548e-02
8.887260180123718101e+00 7.641201120508375411e+00 8.347153869936789761e+01 7.981579333879418314e-02
8.360812594966381184e+00 7.925908293696188878e+00 8.371327911133742816e+01 7.902442313412275099e-02
8.166103949074688728e+00 7.509721547414823561e+00 8.432417450351049126e+01 8.058790443973627704e-02
7.921526132005482168e+00 7.365100984747991575e+00 8.471337288324652093e+01 7.645116511101307522e-02
7.586992120948883311e+00 7.590493098034251318e+00 8.482251478101686359e+01 7.588362057012852657e-02
8.631341022700457444e+00 7.419887996072693781e+00 8.394877098122685766e+01 7.772230717822876944e-02
8.062427272396208267e+00 7.799540435728318677e+00 8.413803229187547572e+01 7.656216229624158986e-02
8.280838725025489566e+00 7.132364135924333937e+00 8.458679713905017650e+01 7.786140391743348599e-02
8.534419729540871913e+00 6.586214918951206698e+00 8.487936535150792849e+01 7.755606482031114635e-02
7.979275360846504128e+00 7.036721885890932171e+00 8.498400275326257258e+01 7.738781772351729926e-02
8.815162200542907556e+00 6.697101566067381384e+00 8.448773623338971106e+01 7.791376048362948226e-02
8.354856456471329906e+00 7.194099311949549325e+00 8.445104423157911810e+01 7.721132501989061425e-02
8.484159917721330046e+00 6.372016889518767435e+00 8.514382319275989630e+01 7.892052786646741591e-02
8.090747508762477835e+00 7.744576797419312264e+00 8.416467569381819658e+01 7.590383363207754697e-02
7.753450273412087590e+00 7.757875645962192479e+00 8.448867408062571371e+01 7.554472216083718550e-02
8.670523551979174570e+00 7.669790706137079361e+00 8.365968574188376294e+01 7.654863917525174533e-02
7.856003261431039775e+00 8.140841157510992687e+00 8.400315558105796754e+01 7.596542095689018392e-02
8.282661584802241350e+00 7.487888588583899718e+00 8.422944982661385893e+01 7.768144574262902946e-02
8.403624653553871227e+00 8.115987084274332020e+00 8.348038826217180031e+01 7.798613119086232615e-02
7.880879067479667377e+00 8.143908128000454383e+00 8.397521280451988446e+01 7.754778078478269387e-02
8.767629393905000512e+00 8.104193007673201166e+00 8.312817759842180010e+01 7.887302027504311530e-02
8.307050739579935339e+00 8.302828433807304620e+00 8.339012082661275826e+01 7.804361330055549495e-02
8.404711422567762824e+00 7.935771831475718407e+00 8.365951674595652321e+01 7.961851262995643663e-02
7.944913562365070625e+00 7.922764977340118975e+00 8.413232146029480418e+01 7.534719826138214227e-02
7.574176660755972179e+00 7.729079479534799901e+00 8.469674385970922970e+01 7.479412701849261214e-02
8.490952124699557402e+00 7.688529303743130150e+00 8.382051857155730090e+01 7.668231833159916411e-02
8.026848497108311165e+00 8.095830599441491415e+00 8.387732090345019742e+01 7.547451401463782517e-02
8.098902136910554717e+00 7.525666598775406335e+00 8.437543126431403095e+01 7.678646965726737550e-02
8.363382100950056852e+00 7.038860540021666168e+00 8.459775735902826455e+01 7.638364885505793955e-02
7.893869555649962955e+00 6.974550027476308145e+00 8.513158041687371735e+01 7.623295229761237191e-02
8.679193275698612098e+00 6.932784595291312080e+00 8.438802212901008204e+01 7.678984486918906394e-02
8.267626030005905235e+00 7.137815829349364094e+00 8.459455814064473600e+01 7.604904751819792363e-02
8.373650902644758531e+00 6.750024198829331468e+00 8.487632489852590822e+01 7.777859073715150118e-02
8.131306539498929453e+00 8.108201800331107378e+00 8.376049166016994718e+01 7.482635230491684053e-02
7.660449427982671367e+00 8.106882008825142094e+00 8.423266856319219187e+01 7.448903535663295439e-02
8.280501016263315250e+00 8.076934047894503976e+00 8.364256493584217367e+01 7.552694323091388440e-02
8.139644350466310740e+00 8.297352691315872164e+00 8.356300295821780821e+01 7.490762710219596443e-02
8.218570910694964482e+00 7.832741700863909529e+00 8.394868738844111533e+01 7.663973558101469519e-02
8.189212607928661569e+00 7.973856404453104396e+00 8.383693098761823137e+01 7.693669218985216274e-02
7.678017307823760795e+00 8.051181159223233408e+00 8.427080153295300136e+01 7.646686885683184887e-02
8.584551798622939600e+00 7.865752321854329487e+00 8.354969587952273002e+01 7.786270498147464247e-02
8.135734414766186973e+00 8.150495298109490250e+00 8.371377028712431922e+01 7.697727212042305978e-02
8.197797640122686857e+00 7.784041913953170244e+00 8.401816044592413846e+01 7.859868132105271576e-02
7.863336119058994989e+00 7.662278677563011620e+00 8.447438520337799162e+01 7.427893857099637787e-02
7.359938460905572910e+00 7.631764690826712716e+00 8.500829684826770460e+01 7.369306714344796283e-02
8.082165988439360405e+00 7.553795792709522949e+00 8.436403821885112109e+01 7.566198691050977920e-02
7.893722199962114772e+00 7.782238448680746323e+00 8.432403935135714335e+01 7.439399692427466071e-02
7.940862169202613785e+00 7.382460499157575740e+00 8.467667733163980870e+01 7.574598126309751989e-02
8.219420833542962157e+00 6.863438340979919339e+00 8.491714082547710518e+01 7.523763397268594388e-02
7.773525382104971015e+00 6.802058183430704119e+00 8.542441643446431954e+01 7.506237523462616634e-02
8.576357196177047726e+00 6.711470453007978954e+00 8.471217235081498131e+01 7.567189754078254560e-02
8.173528252651005133e+00 6.960749643251356922e+00 8.486572210409764239e+01 7.488122198282312625e-02
8.228316943246216653e+00 6.615726346721671369e+00 8.515595671003211464e+01 7.665825529855364862e-02
7.943741898988204930e+00 8.163911683270008268e+00 8.389234641774177703e+01 7.371283525136024251e-02
7.517079923577296263e+00 7.979942205170663883e+00 8.450297787125202831e+01 7.334590080818376157e-02
8.389827687836115544e+00 7.883238536990231360e+00 8.372693377517364866e+01 7.445524428189864707e-02
7.968398493603226385e+00 8.174741208162100037e+00 8.385686029823467891e+01 7.378126442670315810e-02
7.993719701991873094e+00 7.764380546695043073e+00 8.424189975131308472e+01 7.556285530108278192e-02
8.040692141067301790e+00 8.069915167141420653e+00 8.388939269179127223e+01 7.684040350713416956e-02
7.622433243188415197e+00 8.118829261978898870e+00 8.425873749483267261e+01 7.635331959257797563e-02
8.472502223840081115e+00 8.012797374417523599e+00 8.351470040174240239e+01 7.775083153321619978e-02
8.078706629458952904e+00 8.356722123364095367e+00 8.356457124717694285e+01 7.689121648143408538e-02
8.145317987118113834e+00 7.880176577086608347e+00 8.397450543579527960e+01 7.855205036217469128e-02
7.794012014637249131e+00 7.870151731669034589e+00 8.433583625369371362e+01 7.419002398468163562e-02
7.378415373087648277e+00 7.705868616435118668e+00 8.491571601047722595e+01 7.357941536451538533e-02
8.281098037079328122e+00 7.638232756599888873e+00 8.408066920632079189e+01 7.554990572313140251e-02
7.811459099384591376e+00 7.903722781566246525e+00 8.428481811904914878e+01 7.430945958436548093e-02
7.912446291494892314e+00 7.385007288623741672e+00 8.470254641988135802e+01 7.570135553634461945e-02
8.172694097902724053e+00 6.911236283588078955e+00 8.491606961850919788e+01 7.515707460270841522e-02
7.716132826572468240e+00 6.945439656912796522e+00 8.533842751651472724e+01 7.496105325697756394e-02
8.508302330526733570e+00 6.823433317612553672e+00 8.466826435186071365e+01 7.557131001674775861e-02
8.127290430227736451e+00 7.049181792953752357e+00 8.482352777681850853e+01 7.480522802423655859e-02
8.166410131039087972e+00 6.638275258452836169e+00 8.519531461050807764e+01 7.661983148990825221e-02
7.911435682708091832e+00 8.124773203139527666e+00 8.396379111415238583e+01 7.361561966693147552e-02
7.315246323707979670e+00 8.154759863673865183e+00 8.452999381261817291e+01 7.322408663101223625e-02
8.328118864965112778e+00 8.005481350568784293e+00 8.366639978446610826e+01 7.433540576226430052e-02
7.803096536033481634e+00 8.278052863620898094e+00 8.391885060034563537e+01 7.368960153051234974e-02
7.951056102182516128e+00 7.794156041392482415e+00 8.425478785642499702e+01 7.551167900683133927e-02
6.918198150901893939e+00 9.488526708745329330e+00 8.359327514035277318e+01 7.545662788155420297e-02
6.378538932337022516e+00 9.616653622657365119e+00 8.400480744500561059e+01 7.489097570219795108e-02
7.072028715362592699e+00 9.367460917626559080e+00 8.356051036701084911e+01 7.640143639030440303e-02
6.759274127488994033e+00 9.713813841102270530e+00 8.352691203140874165e+01 7.543951724193145858e-02
6.840770219514612727e+00 9.085207318161220513e+00 8.407402246232416587e+01 7.712290962968330887e-02
6.926999891347577432e+00 8.972416262817326071e+00 8.410058384583508939e+01 7.267916774166723048e-02
6.021162692534440808e+00 8.866445576760783709e+00 8.511239173070477193e+01 7.199135282670353353e-02
7.035302110643057105e+00 8.836635898421281610e+00 8.412806199093566306e+01 7.408850923992543747e-02
6.699440154275865034e+00 9.221761106003810937e+00 8.407879873972032669e+01 7.273709009945879267e-02
6.763869526414882039e+00 8.572229535069165962e+00 8.466390093851593690e+01 7.414522978422782851e-02
6.742410247901512221e+00 7.992908284731765178e+00 8.526468146736674214e+01 7.339409996004481185e-02
6.319711428858032498e+00 8.240778774347255364e+00 8.543950979679470947e+01 7.313811531891670215e-02
7.049742072287803474e+00 7.957677270121902957e+00 8.499258065759030956e+01 7.383317748844184236e-02
6.679342840875190035e+00 8.299474323916202323e+00 8.502118283520859165e+01 7.296541863954184026e-02
6.779257837087257599e+00 7.718838320613552462e+00 8.550190384229919971e+01 7.481284717452711674e-02
6.809934644890840438e+00 9.516428793831828159e+00 8.367363656127733407e+01 7.199049487171711725e-02
6.150114062825539740e+00 9.592255997318980931e+00 8.425762993985547666e+01 7.152164906746713569e-02
7.038889128479990376e+00 9.345851791132888664e+00 8.361525908038711918e+01 7.275232599136834122e-02
6.622429349519120656e+00 9.688794538985815663e+00 8.368877611149507345e+01 7.200130652158866218e-02
6.701671020885519248e+00 9.094177388968168074e+00 8.420415159014631001e+01 7.385739545217506752e-02
8.125834474131643503e+00 7.687998513735650796e+00 8.418616701213269948e+01 7.910556975157552462e-02
7.455232428413355983e+00 7.899157626486774220e+00 8.464560994509986358e+01 7.871147690898384897e-02
8.386262410063732631e+00 7.838947963997498825e+00 8.377478962593875167e+01 7.992924526832631549e-02
7.974857557264593666e+00 8.065367561990864687e+00 8.395977488074454698e+01 7.913486659371726795e-02
8.058443521647271623e+00 7.673095596176076505e+00 8.426846088217665454e+01 8.065983075472910047e-02
7.705532525768356678e+00 7.527036040516667192e+00 8.476743143371498945e+01 7.657242641375403003e-02
7.208541944396952061e+00 7.618238088007958098e+00 8.517321996759508806e+01 7.605795038185153567e-02
8.143786508563858106e+00 7.377185257149440289e+00 8.447902823428670160e+01 7.782306435105801334e-02
7.714749042359827058e+00 7.770824797223619740e+00 8.451442616041654787e+01 7.666211428428712504e-02
7.845696174758291619e+00 7.144419862616620875e+00 8.500988396262508218e+01 7.792533429998578509e-02
8.041281774616061639e+00 6.632218993386628902e+00 8.532649923199730324e+01 7.770164513997121492e-02
7.488501644483291919e+00 6.738305518960203244e+00 8.577319283655650395e+01 7.758824814300305239e-02
8.328575068830385675e+00 6.592796529230964708e+00 8.507862840193864429e+01 7.804325564928531189e-02
7.963594273210381047e+00 6.821052168162341722e+00 8.521535355862727101e+01 7.733574625510601652e-02
8.081411596951401322e+00 6.371932991944765590e+00 8.554665541110384197e+01 7.900371035017690613e-02
7.807070237342939478e+00 7.881853162160026294e+00 8.431107660049704577e+01 7.600233466631525769e-02
7.233380336752571971e+00 8.020475115488599371e+00 8.474614454775883132e+01 7.570116125717768485e-02
8.172673628407562063e+00 7.902153126060133204e+00 8.392517324553230651e+01 7.663142386224471025e-02
7.769007655605551399e+00 8.122294778346800470e+00 8.410869756604765257e+01 7.604545893860345518e-02
7.816065625245589565e+00 7.685468939508364627e+00 8.449846543524604670e+01 7.772391927824354174e-02
7.925314947813388855e+00 8.082453104602599581e+00 8.399223194758400268e+01 7.811561020918500464e-02
7.371447475482977296e+00 8.139749554113357988e+00 8.448880297040365406e+01 7.772851358104457264e-02
8.280051275987323933e+00 8.054545941946246401e+00 8.366540278206642256e+01 7.898460117085816246e-02
7.857502854474817333e+00 8.306418771350720931e+00 8.383607837417444841e+01 7.815206872238375513e-02
7.978736279500828310e+00 7.791656894550641255e+00 8.422960682594853665e+01 7.968819043281573367e-02
7.556515955237006033e+00 7.805681261122980885e+00 8.463780278364001219e+01 7.546452215220517123e-02
7.091338483020226846e+00 7.804766817801265688e+00 8.510389469917849681e+01 7.496693642767821020e-02
8.015148588852369471e+00 7.713644201533097267e+00 8.427120720961453060e+01 7.678059436927044124e-02
7.583369932034559113e+00 7.973025164339027526e+00 8.444360490362640803e+01 7.557266431476572510e-02
7.676634025231338754e+00 7.452103006728580503e+00 8.487126296804007097e+01 7.684785064011892541e-02
7.891602917154290964e+00 7.003246317804469712e+00 8.510515076504124465e+01 7.652686157999943894e-02
7.360292263523279033e+00 7.070067708035338683e+00 8.556964002844136985e+01 7.643188314657335669e-02
8.202820918864150102e+00 6.920030370448837509e+00 8.487714871068700973e+01 7.691639122160341679e-02
7.820659381643784158e+00 7.175815087398928149e+00 8.500352553095729036e+01 7.617143221100992900e-02
7.906931516989399000e+00 6.729152558061093359e+00 8.536391592494950942e+01 7.785982186337010724e-02
7.689408139595984792e+00 8.142810112962074243e+00 8.416778174744194985e+01 7.492496754112423774e-02
7.188592817684054559e+00 8.171045964013599061e+00 8.464036121830233128e+01 7.464290121947636525e-02
8.089433125298569394e+00 8.064662041381840396e+00 8.384590483331960797e+01 7.560848279853125964e-02
7.703154570310261740e+00 8.331503856568987842e+00 8.396534157312075308e+01 7.498591364957439553e-02
7.809666821111695079e+00 7.834952174267935554e+00 8.435538100462036937e+01 7.667849547559321688e-02
7.705534130740826271e+00 8.045772538037173405e+00 8.424869333122200032e+01 7.706045158639827919e-02
7.159127088313368859e+00 8.036893674302879376e+00 8.480397923738374288e+01 7.663984511436557068e-02
8.103055019276743209e+00 7.910871350818858616e+00 8.398607362990438219e+01 7.796722894279693727e-02
7.672823374501178684e+00 8.202727025351135737e+00 8.412444960014768469e+01 7.707930150193696706e-02
7.746554130046688691e+00 7.710123240497373409e+00 8.454332262945594323e+01 7.866289740019513643e-02
7.411081791351345593e+00 7.658916880135705263e+00 8.493000132851295803e+01 7.439051690579087661e-02
6.965911048376961290e+00 7.654736395403959115e+00 8.537935255621908937e+01 7.385886469036129220e-02
7.875718427487085727e+00 7.536719714055966968e+00 8.458756185845693665e+01 7.575371096783166391e-02
7.418879937624059728e+00 7.831620914584402904e+00 8.474949914779153914e+01 7.448567007557783948e-02
7.547725154400815484e+00 7.298496885702062897e+00 8.515377795989712695e+01 7.580084257451387419e-02
7.749855112538151403e+00 6.862437416805861723e+00 8.538770747065598243e+01 7.537465492010746171e-02
7.265254785055954123e+00 6.885183820884017258e+00 8.584956139406001796e+01 7.525520803533145009e-02
8.104322473264472748e+00 6.723480771951058976e+00 8.517219675478447982e+01 7.578959103307289502e-02
7.714018988897649365e+00 6.999769195619465201e+00 8.528621181548287211e+01 7.499789926578910582e-02
7.805741328501278886e+00 6.546872797041647374e+00 8.564738587445707196e+01 7.673271435619301306e-02
7.518148809418890188e+00 8.015379232234804974e+00 8.446647195834630395e+01 7.380569466110931121e-02
7.045121091076452124e+00 8.053509025705782420e+00 8.490136988321776812e+01 7.349331183341994977e-02
7.942534766125278978e+00 7.908996437907144461e+00 8.414846879596757390e+01 7.452895780026987105e-02
7.542733892631852122e+00 8.195205140831625101e+00 8.426206096653652367e+01 7.385305654152837795e-02
7.631206247039252766e+00 7.710081903829826722e+00 8.465871184913090985e+01 7.559621579448418116e-02
7.681088132477604802e+00 8.096584126735940856e+00 8.422232774078645434e+01 7.696151260678181505e-02
7.116527676729189622e+00 8.177293547405682261e+00 8.470617877586512634e+01 7.652501503953035300e-02
8.027066897957128688e+00 8.065878666602436908e+00 8.390705443544044329e+01 7.785281870391928816e-02
7.627024928688824090e+00 8.305007363705502854e+00 8.406796770760566062e+01 7.699114313463027715e-02
7.729204605454429000e+00 7.786336065921429572e+00 8.448445932862414054e+01 7.861406768549060453e-02
7.349858878674236706e+00 7.801396374177612891e+00 8.484874474714816017e+01 7.429949366740798422e-02
6.869565788235585835e+00 7.831607230350145166e+00 8.529882698141426545e+01 7.374428881287294069e-02
7.820585945794636729e+00 7.676300640321271906e+00 8.450311341388407982e+01 7.563935076705288751e-02
7.396882498630306557e+00 7.941697336430650012e+00 8.466142016493904521e+01 7.439913539157948230e-02
7.433578572964729680e+00 7.406870708564754935e+00 8.515955071847051272e+01 7.575520336833732604e-02
7.691768808657721834e+00 6.948031260106004581e+00 8.536019993123626648e+01 7.529264384958125889e-02
7.212977978072926177e+00 7.001686046702532806e+00 8.578533597522455523e+01 7.515261763297198527e-02
8.032015516298821822e+00 6.854333397224051438e+00 8.511365108647713384e+01 7.568771727438994290e-02
7.662769069895960072e+00 7.090150984157663316e+00 8.524707994594636773e+01 7.491988386511325149e-02
7.763671759228319758e+00 6.633240067801956741e+00 8.560308817296971995e+01 7.669286376547906903e-02
7.480527499177952677e+00 8.114711992517609218e+00 8.440476050830443455e+01 7.370600836742659256e-02
6.985100574537809415e+00 8.157640128568598215e+00 8.485725929689358793e+01 7.337022305578114190e-02
7.886239833045864955e+00 8.024725436621224617e+00 8.408903473033291220e+01 7.440697605023370576e-02
7.500576746147959106e+00 8.285613812022672775e+00 8.421380944182936901e+01 7.376006341407266576e-02
7.596434918278199611e+00 7.835128044413522730e+00 8.456843703730828565e+01 7.554286713815371035e-02
6.895173635457815919e+00 9.241358429475811320e+00 8.386346793506636743e+01 7.501693610553128444e-02
6.370957788985454506e+00 9.373242099882059364e+00 8.425580011113248702e+01 7.450866002102009278e-02
7.275618410813879500e+00 8.950332505181565423e+00 8.377404908400455952e+01 7.597225408585203676e-02
6.824430434837758241e+00 9.531337426313941208e+00 8.364423213884830943e+01 7.506422351214810107e-02
6.921307744303137000e+00 8.901585037297266467e+00 8.417710721839959831e+01 7.675906350965142066e-02
6.625900761069298817e+00 8.838494744062558084e+00 8.453560449486813866e+01 7.229661716372552671e-02
6.164150515414306142e+00 8.887666768636965031e+00 8.494818271594871817e+01 7.166310093994106289e-02
7.087696144535368781e+00 8.670491537229764845e+00 8.424181231823486371e+01 7.372040464849927144e-02
6.633806503518624886e+00 8.944261117086902857e+00 8.442193237939447670e+01 7.241818460990548378e-02
6.718825285082698606e+00 8.419600747566532206e+00 8.486157396735076475e+01 7.383815996024195583e-02
6.848477967633651353e+00 7.979596053037435688e+00 8.517192597932891829e+01 7.304507871318373369e-02
6.359901752487151505e+00 8.123448687031109117e+00 8.551664956048172428e+01 7.284522780096343297e-02
7.180393414735492641e+00 7.823798715736052678e+00 8.499580786952846267e+01 7.350038315063851802e-02
6.780146339069794692e+00 8.197403416205871096e+00 8.502245024472432533e+01 7.268416913684012937e-02
6.868403487296656174e+00 7.649774423317563965e+00 8.548182208938578697e+01 7.454613461891333726e-02
6.696852944355891957e+00 9.354030830486140147e+00 8.394911622515797944e+01 7.163272248856582258e-02
6.226538984051345871e+00 9.485708328144863088e+00 8.428775268780378838e+01 7.121943245788786570e-02
7.053115380604697116e+00 9.213065230206328948e+00 8.373381938918898015e+01 7.240839325961663520e-02
6.639180322895527731e+00 9.621335471145290086e+00 8.373948420595918662e+01 7.170922398882309534e-02
6.771678970526870067e+00 9.016319307175743702e+00 8.421200172229738712e+01 7.357710805466741166e-02
8.345721168996986350e+00 7.428185769761507018e+00 8.422609306124151374e+01 7.872142297839529457e-02
7.663867922012979506e+00 7.618251187309176942e+00 8.471788089067783289e+01 7.837998186140852919e-02
8.574488728457774656e+00 7.502736475125636240e+00 8.392277479641658999e+01 7.955968431815728381e-02
8.151612298736662154e+00 7.761297655421109276e+00 8.408709004584223123e+01 7.881610742912982526e-02
8.274347907518370349e+00 7.248686955439180402e+00 8.447696513704245547e+01 8.035143736481038801e-02
7.890172619066586179e+00 7.240008744665734852e+00 8.486981863626768074e+01 7.624777517760182588e-02
7.360839589378906922e+00 7.338984844841615285e+00 8.530017556577946891e+01 7.578321367595007574e-02
8.289190536693400446e+00 7.341175623081805490e+00 8.436963384022479318e+01 7.751603444322376080e-02
7.841149556952776045e+00 7.503848320562519270e+00 8.465500212248470291e+01 7.640292775680801451e-02
7.955912840018006804e+00 6.941414314505340855e+00 8.510267284547666122e+01 7.767589708034672302e-02
8.144531819536876327e+00 6.532774175230430913e+00 8.532269400523269098e+01 7.741177444924435269e-02
7.571961087835388682e+00 6.712653199739092358e+00 8.571538571242551541e+01 7.734847998979173245e-02
8.420428165666487885e+00 6.520352620236222307e+00 8.505921921409728270e+01 7.777130012787870916e-02
8.021273261388881082e+00 6.774249211059007791e+00 8.520447752755210047e+01 7.711327779693501194e-02
8.129003492312900647e+00 6.307722748080426989e+00 8.556327375960667325e+01 7.879455387286593560e-02
7.959432049603979209e+00 7.644594334473366892e+00 8.439597361592265656e+01 7.570913701696391218e-02
7.424082580492613381e+00 7.702747225980546730e+00 8.487317019352683189e+01 7.545241075572162170e-02
8.327858586324420997e+00 7.605080255601268213e+00 8.406706115807430990e+01 7.634935169842077540e-02
7.907742979738715761e+00 7.843024753886740363e+00 8.424923226637454832e+01 7.581316912813859665e-02
8.021660213296135211e+00 7.346055245657151289e+00 8.463228454104671528e+01 7.750102429190434961e-02
8.117053505663974988e+00 8.172599376780823377e+00 8.371034711755520163e+01 7.772355527469360092e-02
7.471471980150653280e+00 8.259125923304827310e+00 8.426940209654452474e+01 7.738980836490758075e-02
8.412783114374660087e+00 8.233252630421802110e+00 8.335396425520353603e+01 7.860538913412394579e-02
7.981680759649406376e+00 8.518593255580832135e+00 8.349972598476976771e+01 7.782434335144473858e-02
7.970213147574339629e+00 7.892240419235505122e+00 8.413754643319016679e+01 7.937197580450755519e-02
7.724997338449958839e+00 7.646229356126307941e+00 8.462877330542373500e+01 7.513243307325603859e-02
7.144676471516426375e+00 7.787728925106587319e+00 8.506759460337698897e+01 7.468408085827020482e-02
8.109725163954234262e+00 7.625442212564690792e+00 8.426483262348106962e+01 7.646474731998348373e-02
7.674161244511634727e+00 8.046989307863334773e+00 8.427884944762503494e+01 7.530420464040454842e-02
7.694019709139111818e+00 7.443157607287187005e+00 8.486282268357369674e+01 7.659067360267439450e-02
7.643099691452002631e+00 6.982545503511691010e+00 8.537435480503631879e+01 7.622977502900644964e-02
7.407289570587459515e+00 7.421225517591675036e+00 8.517148491182085479e+01 7.618427627896640075e-02
8.132110578078041385e+00 7.403721949206182096e+00 8.446416747271577208e+01 7.663668675487769755e-02
7.845297365720584892e+00 7.719505919323214727e+00 8.443519671495620571e+01 7.594083989621540354e-02
7.876434014681762186e+00 7.220205065718093174e+00 8.490336091960014642e+01 7.764265897157564267e-02
7.698743061202472759e+00 8.057546509311830363e+00 8.424371042948570221e+01 7.461930749471459845e-02
7.316704322015921136e+00 8.348091704478107999e+00 8.433520397350596909e+01 7.438728775545261351e-02
8.134284573952392350e+00 8.047690902302022664e+00 8.381802452374557788e+01 7.531805988274606345e-02
7.594285939666173491e+00 8.340414212538755478e+00 8.406529984779507458e+01 7.474513663366806615e-02
7.830232926783316394e+00 7.971402635600635556e+00 8.419836443761604983e+01 7.644932255768260854e-02
7.858477211041414279e+00 8.004119566872109459e+00 8.413740322208647626e+01 7.666694407987544035e-02
7.372187167760973381e+00 8.229996873001486080e+00 8.439781595923754764e+01 7.630056347760441615e-02
8.275803204139380753e+00 8.158820902004963571e+00 8.356537589385565923e+01 7.758602310187741324e-02
7.833222149094526188e+00 8.448161124395721089e+00 8.371861672650975095e+01 7.675115125301835983e-02
7.924948677766306737e+00 7.930921610251496112e+00 8.414412971198218827e+01 7.834373288993227991e-02
7.478576542000079819e+00 7.491829180265078492e+00 8.502959427773484435e+01 7.405634126989332766e-02
7.119353817432233278e+00 7.771302773321811408e+00 8.510934340924595176e+01 7.357451264435105331e-02
8.045952044903231126e+00 7.613145060303214251e+00 8.434090289479355818e+01 7.543425310198355327e-02
7.558757438312329491e+00 7.963354575404802738e+00 8.447788798628285178e+01 7.421631260178601641e-02
7.439171189646454074e+00 7.180844635477916071e+00 8.537998417487564495e+01 7.554092440197458791e-02
7.730527222416733402e+00 7.302061386480251493e+00 8.496741139110301333e+01 7.507186010457794767e-02
7.300428369190168354e+00 7.297348818746954180e+00 8.540222281206287391e+01 7.500469301912729425e-02
7.947197019306686983e+00 7.158906452930126285e+00 8.489389652776318940e+01 7.550661298978166014e-02
7.720347689657170775e+00 7.541189089010812197e+00 8.473846322133202591e+01 7.476429830730274562e-02
7.632421106959546009e+00 7.020557203031892790e+00 8.534702169000856031e+01 7.651072272274019037e-02
7.625582127138180510e+00 8.050651107190791578e+00 8.432376676567102436e+01 7.349794150885227695e-02
7.173147747520484785e+00 8.232949330428585455e+00 8.459390292205092976e+01 7.323739344404155138e-02
8.016964471794867819e+00 7.987018154183160412e+00 8.399601737402197443e+01 7.423548354126220661e-02
7.633582811062268547e+00 8.404826808488543577e+00 8.396159038044919498e+01 7.361140178643860166e-02
7.592075492306572748e+00 7.712033225086411647e+00 8.469589128260702182e+01 7.536360835235461630e-02
7.907129853644966566e+00 7.999176044210360992e+00 8.409369410214466711e+01 7.656904496332593568e-02
7.265707965521842837e+00 8.232769141248859057e+00 8.450152289322930699e+01 7.618335451369645517e-02
8.160015463992596807e+00 8.093417909478439753e+00 8.374656662652895989e+01 7.747239317217334553e-02
7.794440957790534696e+00 8.464193204539007809e+00 8.374136583767045749e+01 7.666231950557701735e-02
7.762102591897765969e+00 7.775919111472247458e+00 8.446197829662999368e+01 7.829494461970572250e-02
7.485303704673731851e+00 7.616970738806297270e+00 8.489772555651997266e+01 7.396498106475250800e-02
7.066143221177950906e+00 7.802506853095816375e+00 8.513134992572622650e+01 7.345965904963694393e-02
7.973825349929775541e+00 7.618636745421439649e+00 8.440753790464879103e+01 7.532120319177899870e-02
7.470912333881765122e+00 7.939549432391647343e+00 8.458953823372657155e+01 7.412925884402989107e-02
7.597197258660603580e+00 7.393561177605403323e+00 8.500924156373397977e+01 7.549330544562619927e-02
7.753608348955131291e+00 7.430452902026581263e+00 8.481593874901828656e+01 7.498971662252899850e-02
7.294957725034796781e+00 7.398845147666640365e+00 8.530619712729857440e+01 7.490207052646664920e-02
8.068587062402817978e+00 7.395744299033338187e+00 8.453566863856383407e+01 7.540461411717892803e-02
7.719321119273940823e+00 7.607995933979260883e+00 8.467268294674678941e+01 7.468464162300934850e-02
7.691233271623065804e+00 7.152558494827424340e+00 8.515620823354950630e+01 7.646900781267892966e-02
7.485771945316761489e+00 7.969806244755096358e+00 8.454442180992813860e+01 7.339790769061990683e-02
7.131249601375865055e+00 8.151331102551543140e+00 8.471741929607259181e+01 7.311419030806995401e-02
7.998870884354084332e+00 8.042540972139196498e+00 8.395858814350671651e+01 7.411334730246456337e-02
7.584433796191071053e+00 8.295693438934549135e+00 8.411987276487438692e+01 7.351697029500073310e-02
7.685608866651157278e+00 7.778951694463544619e+00 8.453543943888529100e+01 7.530904173885505370e-02
