8.420701541205092155e+01 1.005153700495315050e+01 5.741447582995940380e+00 6.891007396444329136e-02
8.175875321327539780e+01 9.164430905652245940e+00 9.076815881072354486e+00 6.784539525364671753e-02
8.207773721405366985e+01 1.068011356126315547e+01 7.242149224683168462e+00 7.027418228859728944e-02
8.354399438251570587e+01 9.297986952904127023e+00 7.158018664580175106e+00 6.994421849240008149e-02
8.457845827254207904e+01 8.699665456514445339e+00 6.721876270943477394e+00 6.958687459993309621e-02
8.407399441686041541e+01 9.725098763720753325e+00 6.200906819418835703e+00 6.868834157899439408e-02
8.070391474585665037e+01 9.332090134869957865e+00 9.963995119273386436e+00 6.751912880477246859e-02
8.134142636755258593e+01 1.073916555226215408e+01 7.919408080185255550e+00 7.001125053259396602e-02
8.278643317172945615e+01 9.333233604931699290e+00 7.880333223338841009e+00 6.967559266779846383e-02
8.380726110972405252e+01 8.745210081560280457e+00 7.447528808715670579e+00 6.930023395897172422e-02
8.321273506908981688e+01 9.895099313465468782e+00 6.892165617444717896e+00 6.861328352540983777e-02
8.017656554371328070e+01 9.192531500276556855e+00 1.063090295601015711e+01 6.752616280694298534e-02
8.079222197066452793e+01 1.060622877754653359e+01 8.601549251788934924e+00 6.990022611155546906e-02
8.220427135770756877e+01 9.242226049139439681e+00 8.553502593152998656e+00 6.958122385047398051e-02
8.332528982812058871e+01 8.630096348433497155e+00 8.044613823445908807e+00 6.923948523032867619e-02
8.400810957617592578e+01 9.968909837139555918e+00 6.022980586684520077e+00 6.880510420933731719e-02
8.084187619063986574e+01 9.460055623283393444e+00 9.698068186076726604e+00 6.770331555125350120e-02
8.179076802243923794e+01 1.059835978465365613e+01 7.610872192907102374e+00 7.014548180852749060e-02
8.288458105410904864e+01 9.458772045233764914e+00 7.656646900657184673e+00 6.981081988802161076e-02
8.400942194276423436e+01 8.837526709208805897e+00 7.153051348026961520e+00 6.947650354813456053e-02
8.516808447436359586e+01 8.878801897322754044e+00 5.953113628313650985e+00 6.880223199017498903e-02
8.224124726017197418e+01 8.319155261062027407e+00 9.439597478765969996e+00 6.775664677824372317e-02
8.376533717419924585e+01 8.832891841256687471e+00 7.401770984544062237e+00 7.013097185336070183e-02
8.442251627353192589e+01 8.205593299941702057e+00 7.371890426526371165e+00 6.988838047272905030e-02
8.537206979696658493e+01 7.685737346854777385e+00 6.942192856178645677e+00 6.953027901439046143e-02
8.462130516301748173e+01 8.818989786864898761e+00 6.559705050117622172e+00 6.857652830184282622e-02
8.169184733314845914e+01 8.163516054926184040e+00 1.014463661192535504e+01 6.742803933791866045e-02
8.236661773323825741e+01 9.475420144954288304e+00 8.157962121807456057e+00 6.986170390207108172e-02
8.378640817575983135e+01 8.139169648934368340e+00 8.074422175305793203e+00 6.961788983818875676e-02
8.476072162481841588e+01 7.607346927251305679e+00 7.631931447930264234e+00 6.923906294536390227e-02
8.414611307896001335e+01 8.731024156824455318e+00 7.122862764215518894e+00 6.849875722119705412e-02
8.115363034396821718e+01 8.052254419027400800e+00 1.079411523700438202e+01 6.743937226082495628e-02
8.177608155420691105e+01 9.377401608567931035e+00 8.846516837225165020e+00 6.974907520751957857e-02
8.319637718815118888e+01 8.059705386256771575e+00 8.743917425592048431e+00 6.952301811632587147e-02
8.425190159292323244e+01 7.522207640357969183e+00 8.225890766718789493e+00 6.917750811380200815e-02
8.482340357542209119e+01 8.865303442387157062e+00 6.311292982190761514e+00 6.869317624033641212e-02
8.181901438108627644e+01 8.303114462109149940e+00 9.877871156804573616e+00 6.761459403565006632e-02
8.254613099550080335e+01 9.552938629802094184e+00 7.900930374697090031e+00 6.999828483497262666e-02
8.393906014186303821e+01 8.231040668156156315e+00 7.829899189980801033e+00 6.975430096345439090e-02
8.499083552594237290e+01 7.683702566959003555e+00 7.325461907098616443e+00 6.941797950121762761e-02
8.458451117137126118e+01 9.583085469991171834e+00 5.832403358637563429e+00 6.864220358118074128e-02
8.264342702208479352e+01 8.273418420931957229e+00 9.083154556983252803e+00 6.760924869116581581e-02
8.241238751855090072e+01 1.022673890772487937e+01 7.360873573724227015e+00 6.998313170229351898e-02
8.411240717142706558e+01 8.643882851394371514e+00 7.243709977178547810e+00 6.974737604663984458e-02
8.474361004740721626e+01 8.389530970900171525e+00 6.866858981692606889e+00 6.941161659585554089e-02
8.396638551369612458e+01 9.584176520690125045e+00 6.449437965613749491e+00 6.841880677602156513e-02
8.108699183883034323e+01 8.886907570278095747e+00 1.002610059089156103e+01 6.728333345452058856e-02
8.172597345737329988e+01 1.023577238500499931e+01 8.038254157621691931e+00 6.971633464527061952e-02
8.315688993365498050e+01 8.873474943944291482e+00 7.969635122400733351e+00 6.947813634643307257e-02
8.418194583726835845e+01 8.281081830076175265e+00 7.536972332655462736e+00 6.912143193842840150e-02
8.347790994558283728e+01 9.503798262577232592e+00 7.018291791839916804e+00 6.834332167847856354e-02
8.053132078725087695e+01 8.781058744871540256e+00 1.068762046787758635e+01 6.729491223656428045e-02
8.114780677729537217e+01 1.012702889256696182e+01 8.725164330137660684e+00 6.960569203032336560e-02
8.259843166685692495e+01 8.769995279020516676e+00 8.631573054122560151e+00 6.938395951587504606e-02
8.367529343996491775e+01 8.193345226622865241e+00 8.131361333412220560e+00 6.906146951058635131e-02
8.463757825396263001e+01 9.171707411033255042e+00 6.190714335004122049e+00 6.853447733348931592e-02
8.122585145173553656e+01 9.009418556426943780e+00 9.764729991837516110e+00 6.746698537365736215e-02
8.187128201769273517e+01 1.033277909174863041e+01 7.795938890558639756e+00 6.985268041298976771e-02
8.330963338327961765e+01 8.958344060337907422e+00 7.732022556382471379e+00 6.961291927386671630e-02
8.437390569452271905e+01 8.382147068499508080e+00 7.243947236977776427e+00 6.930036496760354214e-02
8.459361477388883088e+01 9.515293468946181221e+00 5.891091757164984344e+00 6.875120741021020776e-02
8.154342061565195365e+01 9.035401770932095289e+00 9.421177613415972374e+00 6.769169901946979484e-02
8.251284598180100716e+01 1.010706824148138949e+01 7.380085776717606905e+00 7.012727704531564188e-02
8.413270509171489664e+01 8.559834126179413971e+00 7.307460782105686725e+00 6.984101972928602464e-02
8.479062880870745289e+01 8.294671191217739548e+00 6.914700000074799568e+00 6.951815313927794948e-02
8.393337466195677621e+01 9.544812210209601133e+00 6.521813127833617330e+00 6.852417004253166799e-02
8.094435536868097358e+01 8.913437496572782948e+00 1.014220713474623992e+01 6.736125766685953364e-02
8.171313456094652850e+01 1.016522436205169022e+01 8.121641077001783060e+00 6.985660900480375468e-02
8.307500001122511435e+01 8.857381300231136123e+00 8.067618688543761962e+00 6.956894238324061452e-02
8.418830289206830741e+01 8.207907157617500005e+00 7.603789950314198798e+00 6.922542439096511513e-02
8.342457976896837124e+01 9.478844773363070075e+00 7.096575457668568454e+00 6.844784061637877726e-02
8.042130585787057839e+01 8.775536704660488851e+00 1.080315743746892743e+01 6.736911503146586488e-02
8.111125561635587644e+01 1.006781265761049582e+01 8.820931726033624187e+00 6.974342703869527982e-02
8.253476698113742316e+01 8.741062774663047819e+00 8.724170244199536128e+00 6.947138228608175370e-02
8.366637342620816753e+01 8.122445111591881428e+00 8.211181462199936831e+00 6.916333819815831396e-02
8.432450748485813108e+01 9.440917607367699915e+00 6.234574907774176999e+00 6.864250037507640956e-02
8.110682276659247236e+01 9.018506658762277084e+00 9.874670574645248777e+00 6.754742761087295655e-02
8.185425681120790387e+01 1.026831607087762954e+01 7.877427117914490573e+00 6.999529495059307604e-02
8.325518886508021410e+01 8.925442638502598669e+00 7.819368496417187231e+00 6.970483840808271159e-02
8.441551942319085811e+01 8.286126049794512838e+00 7.298354527014630833e+00 6.940577289389371352e-02
8.417059485062243596e+01 9.846232793138879558e+00 5.983172356238672052e+00 6.853939633567569800e-02
8.125029652376157685e+01 9.266922251659416077e+00 9.482781224579005297e+00 6.751109634181066965e-02
8.213208375265034533e+01 1.042336207419018557e+01 7.444554173159462884e+00 6.987937805249909429e-02
8.351302471407889527e+01 9.076181592881212623e+00 7.410793693039893881e+00 6.963736568447978503e-02
8.477501481086918034e+01 8.290567686913567158e+00 6.934417502217260498e+00 6.936181383486385299e-02
8.356352541226729613e+01 9.827346261788921566e+00 6.609128325943778748e+00 6.831029287996905064e-02
8.062654512030718479e+01 9.160770331893809626e+00 1.021268454779901624e+01 6.717983301836380483e-02
8.130353448396014926e+01 1.048729536413319252e+01 8.209170151906651114e+00 6.960660699711915256e-02
8.273171351727441447e+01 9.145354230974655607e+00 8.122932251750913935e+00 6.936290272178077809e-02
8.384597022961797563e+01 8.469394727728989380e+00 7.684635042653041204e+00 6.906717317909756571e-02
8.305866516503844821e+01 9.761700814259162584e+00 7.179634020702374997e+00 6.823471427840122061e-02
8.012035554148181404e+01 9.005767931099368795e+00 1.087387652741881894e+01 6.718951453524656114e-02
8.070642943137285386e+01 1.038608843482390576e+01 8.907482133803247493e+00 6.949409959054675401e-02
8.214640073750508975e+01 9.050406556013191661e+00 8.803192706481702601e+00 6.926678738290401038e-02
8.334586927764253517e+01 8.377668220570626545e+00 8.276462501786843617e+00 6.900657216632637148e-02
8.371545511783304505e+01 9.909462038708241494e+00 6.375082843458708126e+00 6.842922177116431137e-02
8.078301591507295143e+01 9.267890544313450718e+00 9.949093540613594300e+00 6.736568822839988924e-02
8.144402077907290050e+01 1.059189773764852660e+01 7.964081483278584450e+00 6.974541738827023940e-02
8.286956465475036282e+01 9.236480089826981654e+00 7.893955255422654638e+00 6.949895250676016434e-02
8.408713839249473665e+01 8.547199300010694500e+00 7.365662307494580396e+00 6.924804078027678444e-02
8.717486197836659301e+01 7.975027571877753019e+00 4.850110449755656639e+00 6.815152310681529824e-02
8.442944064299800289e+01 7.306020750114684326e+00 8.264538606887320782e+00 6.716018143778540450e-02
8.528867013345752923e+01 8.375610968739414020e+00 6.335718897803060301e+00 6.950187784330452700e-02
8.632911502118287217e+01 7.377165635067783889e+00 6.293719343749362594e+00 6.925053425502321336e-02
8.749452186380599983e+01 6.702882476081287955e+00 5.802595660112714882e+00 6.897090355205669210e-02
8.698530251315767714e+01 7.682919123688765950e+00 5.331778363153562239e+00 6.795220485565905966e-02
8.361515287409760333e+01 7.356562767035645045e+00 9.028284358866756065e+00 6.684235935941901241e-02
8.452013478907551303e+01 8.597312742154707976e+00 6.882552468769778109e+00 6.925315324312887599e-02
8.599140308823471912e+01 7.112871761710246155e+00 6.895725150055035613e+00 6.899897850066973037e-02
8.698269652560878740e+01 6.569255511900320421e+00 6.448047962490894847e+00 6.870391498497510629e-02
8.611171959898138084e+01 7.915523182447997463e+00 5.972757218570625248e+00 6.784376377390724522e-02
8.307071187638447896e+01 7.237684291031021289e+00 9.691603832584503309e+00 6.678742814557307728e-02
8.367393914160527402e+01 8.675234808786228768e+00 7.650826049608509649e+00 6.910429514330140854e-02
8.512910995700738681e+01 7.266458389599230294e+00 7.604431653393382895e+00 6.886081717544353942e-02
8.622531346171484756e+01 6.684846387669708179e+00 7.089840150615445147e+00 6.860187364230878326e-02
8.675487874930610133e+01 8.026181599339111017e+00 5.218939651354785880e+00 6.803289333806696038e-02
8.423914844176016459e+01 7.105726181929013840e+00 8.655125376310813579e+00 6.698615280883025991e-02
8.466175525047623296e+01 8.642189665881979010e+00 6.696055083641789807e+00 6.935274129420079814e-02
8.609798312475405169e+01 7.288041480079011869e+00 6.613975395166939109e+00 6.909721759000886365e-02
8.724928522476021442e+01 6.644204747226697627e+00 6.106510028013078184e+00 6.884005848487602386e-02
8.801712515591927399e+01 6.988728729992938149e+00 4.994146114087779864e+00 6.810761043813295945e-02
8.506605369363221314e+01 6.475700659662663838e+00 8.458245646705115917e+00 6.712921264241257513e-02
8.572807326329667887e+01 7.746722534193182241e+00 6.525204202510127338e+00 6.942856690478373116e-02
8.722563100429923111e+01 6.376054083128892103e+00 6.398314912571875901e+00 6.924281189009848236e-02
8.823169590985027355e+01 5.825004918074549565e+00 5.943299172075191983e+00 6.895820901706412043e-02
8.744164499056199702e+01 6.977385340746868003e+00 5.580969668691138530e+00 6.790263026709091043e-02
8.446240303494380441e+01 6.387386754325177662e+00 9.150210210731030358e+00 6.681183028224330078e-02
8.521073421374339318e+01 7.644593276692962291e+00 7.144672509563652518e+00 6.917444801057127945e-02
8.661840414550012213e+01 6.328846946832873854e+00 7.052748907667002243e+00 6.898908626305232106e-02
8.757012216838047891e+01 5.793304112691638252e+00 6.636573718927881949e+00 6.868817429894348570e-02
8.691485192666945636e+01 6.918875542635703368e+00 6.166272530694823395e+00 6.779182393002848583e-02
8.393918023323890054e+01 6.266029851232633341e+00 9.794789915528465229e+00 6.675908683376766128e-02
8.459964677004711575e+01 7.576107017857836468e+00 7.824246212095037123e+00 6.902277725727086477e-02
8.603207459316205075e+01 6.261728557346885715e+00 7.706196849491062650e+00 6.885160245220180164e-02
8.705944696120977255e+01 5.727071961187562010e+00 7.213481077602668989e+00 6.858510581430589392e-02
8.761452856378568299e+01 7.001621961567224162e+00 5.383849474647098177e+00 6.798473975786629986e-02
8.463427432094565006e+01 6.466700392937269726e+00 8.899025286117090872e+00 6.695593454317423643e-02
8.534536684629080128e+01 7.727987453857577016e+00 6.926645699851620819e+00 6.927600365118637138e-02
8.676006966106625384e+01 6.392932503983215220e+00 6.846997834950540707e+00 6.908816663459872720e-02
8.783706262538396459e+01 5.817798284841608769e+00 6.345139089774428420e+00 6.882599029155164749e-02
8.800733203161313156e+01 7.162690951817223706e+00 4.829977016569643844e+00 6.799063869797146442e-02
8.525965924533660711e+01 6.511209007071344423e+00 8.229131747592045798e+00 6.702418024011531916e-02
8.522241418054800022e+01 8.354774299192254006e+00 6.422811520259740448e+00 6.931825455338476438e-02
8.662053511904002789e+01 7.026545735834536899e+00 6.352919145125436984e+00 6.914112446320516692e-02
8.768987388117386672e+01 6.415483239890056311e+00 5.894642878936071639e+00 6.887665318753886934e-02
8.684684226481712699e+01 7.646510136631892607e+00 5.506647598550968858e+00 6.778750119395028639e-02
8.393286644043963918e+01 6.991051915557317642e+00 9.076081644003043181e+00 6.670715560704920666e-02
8.503874050175376453e+01 7.863343712892414850e+00 7.097915785353822393e+00 6.906784839381717445e-02
8.605585285958957797e+01 6.948384152294413418e+00 6.995762988116026371e+00 6.888830272771807872e-02
8.708495768780828428e+01 6.357937587855795769e+00 6.557104724335909296e+00 6.860792506631931131e-02
8.634174235109058770e+01 7.583112264151663062e+00 6.075145384757748346e+00 6.767840245687160861e-02
8.340633656863724354e+01 6.869384485912998883e+00 9.724278945449754019e+00 6.665541508089378731e-02
8.404376128220440023e+01 8.227017143854949310e+00 7.729221573940656675e+00 6.891654588716261687e-02
8.546971016794044829e+01 6.874787324278401002e+00 7.655502507781148047e+00 6.875196318712649413e-02
8.652850442331997272e+01 6.299458014721296628e+00 7.172037561958734209e+00 6.850593177892337626e-02
8.699813407956176547e+01 7.690331711558409111e+00 5.311534208879828078e+00 6.786895291924072149e-02
8.457846896149800386e+01 6.783756953489624486e+00 8.637774085012370762e+00 6.685101349435443319e-02
8.558149800925551176e+01 7.718623375893378658e+00 6.699878614851118463e+00 6.916737686166324339e-02
8.621907664795575954e+01 7.009158120886467280e+00 6.771765231157773179e+00 6.898671955805564526e-02
8.729698908132742474e+01 6.414023984019920910e+00 6.288986934652670335e+00 6.874469185051229614e-02
8.766904941585448796e+01 7.420565906891346764e+00 4.910384677254150176e+00 6.808256361250139554e-02
8.525906808544138471e+01 6.482512259254666454e+00 8.258419655303940843e+00 6.709318758941773542e-02
8.531072152776484074e+01 8.217116246460861362e+00 6.472162225774298783e+00 6.944199870488457216e-02
8.664435606592695649e+01 6.947651896919285974e+00 6.407992037153751319e+00 6.921983040474251336e-02
8.788622902716370788e+01 6.237151827648041547e+00 5.876619145188251458e+00 6.896331116909945602e-02
8.684346861902797343e+01 7.591296816064589947e+00 5.565234564907438397e+00 6.787750761236466257e-02
8.389407368016678390e+01 6.949818821205142605e+00 9.156107498628072605e+00 6.677109970176309250e-02
8.514827533095058243e+01 7.726883695949879893e+00 7.124840973099543895e+00 6.918768786515089309e-02
8.614319022945609561e+01 6.845145656199784767e+00 7.011664114344113408e+00 6.896349008783496382e-02
8.716798155879278909e+01 6.233140059106998976e+00 6.598878382100232365e+00 6.869159847945428832e-02
8.636057097677304739e+01 7.510472943284070446e+00 6.128956079942886603e+00 6.776674891907630283e-02
8.337405793865610804e+01 6.814302923252252953e+00 9.811639138091639012e+00 6.671510946845904400e-02
8.405618666225041125e+01 8.128951269256226908e+00 7.814862068493381386e+00 6.903421496866644913e-02
8.548235862602477653e+01 6.800125741008724134e+00 7.717515632966494010e+00 6.882553316826606205e-02
8.661991365973395318e+01 6.172433135344717492e+00 7.207653204921320444e+00 6.858741534821048702e-02
8.704519711171488439e+01 7.597521129952872876e+00 5.357281758332245403e+00 6.795949904990004897e-02
8.402785021433265911e+01 7.058889600622516802e+00 8.913260185044817874e+00 6.691775432464831808e-02
8.524923666494191821e+01 7.896410933180882274e+00 6.854352401877203960e+00 6.928971578177382795e-02
8.619997084649820351e+01 6.952675923848038231e+00 6.847353229653755591e+00 6.906451610403378794e-02
8.743327945745491547e+01 6.269459743077147706e+00 6.297260799467946590e+00 6.882982537498105735e-02
8.732663952239816751e+01 7.666907795313070650e+00 5.006452682288760947e+00 6.791683486862878927e-02
8.488474733422023633e+01 6.686631464700418803e+00 8.428621201079343095e+00 6.695374726711478264e-02
8.487537742760450499e+01 8.556637653524925113e+00 6.567984918870559241e+00 6.924303787867500115e-02
8.626526858686455057e+01 7.261731678030140635e+00 6.472999735105307018e+00 6.906215906186793929e-02
8.743823369410995383e+01 6.567070576283110306e+00 5.994695729606918100e+00 6.884745407924400262e-02
8.646601602679213272e+01 7.890653643137349071e+00 5.643330330070532419e+00 6.770909949612942402e-02
8.357218323988107045e+01 7.210209394813679395e+00 9.217607365305250156e+00 6.663037714498956654e-02
8.472266613166333116e+01 8.035225026511369606e+00 7.242108841825296572e+00 6.898679294157401831e-02
8.570610733305184681e+01 7.177737739063458910e+00 7.116154927884688952e+00 6.880544543726818674e-02
8.680841471831891454e+01 6.522066783107717924e+00 6.669518498573363097e+00 6.857443783760451550e-02
8.595642431289618912e+01 7.827277288851404613e+00 6.216298398252406265e+00 6.759880304806317741e-02
8.300262106325482137e+01 7.114602621081798084e+00 9.882776315663377886e+00 6.657876052086764140e-02
8.362165141644970845e+01 8.473253496798383466e+00 7.905095086751892097e+00 6.883315395841742290e-02
8.504249507840991384e+01 7.144417119281134099e+00 7.813087802308953833e+00 6.866683245892711562e-02
8.627021844121185268e+01 6.460034257736330332e+00 7.269747301051821431e+00 6.847122792781767942e-02
8.687167297975236124e+01 7.723081332081184414e+00 5.405245688166449014e+00 6.779242292695462913e-02
8.369966530029000751e+01 7.325228636464122367e+00 8.975106063245856802e+00 6.677687030725844297e-02
8.494839933845037194e+01 8.047296612704071705e+00 7.004304048845567898e+00 6.908804982792268734e-02
8.579264659157946937e+01 7.295214754707798122e+00 6.912138653712743164e+00 6.890596702278199703e-02
8.699922973689973560e+01 6.595917418932635279e+00 6.404852844167630010e+00 6.871393194393748960e-02
8.937107568558396054e+01 4.457521068776298279e+00 6.171403245639731416e+00 6.685567296715348717e-02
8.641523452423854224e+01 4.225124833543572045e+00 9.359640642217893713e+00 6.651206727589137335e-02
8.733581631106254406e+01 5.229538594425432230e+00 7.434645094512023711e+00 6.811354777229967905e-02
8.862417273817925434e+01 3.959425741884323280e+00 7.416401519936410835e+00 6.801667039366794676e-02
8.961007639848379824e+01 3.362416357151189583e+00 7.027507244365018835e+00 6.782310902870235247e-02
8.885914614238592435e+01 4.402162034974117510e+00 6.738691822639972351e+00 6.660703549179085303e-02
8.667136893442801693e+01 3.881983578097008447e+00 9.446647487474985283e+00 6.616525612889129215e-02
8.680918333551980481e+01 5.154908576218893757e+00 8.035908088261299653e+00 6.782803683121585436e-02
8.869898066618532084e+01 3.680888265277437288e+00 7.620131068537235208e+00 6.772660894716421576e-02
8.979695885768092012e+01 2.980966652579710718e+00 7.222074489739373604e+00 6.750558340398749024e-02
8.858122487973498949e+01 4.202545083591574304e+00 7.216230036673445092e+00 6.649154396180063931e-02
8.528076477932299326e+01 4.000938785861872127e+00 1.071829643481512662e+01 6.614537738205462925e-02
8.637094887528463971e+01 5.000488821872453471e+00 8.628562302842897935e+00 6.766944198168074742e-02
8.799374720954239137e+01 3.474228912972226357e+00 8.532023877485377383e+00 6.758651694590250836e-02
8.885474956127512769e+01 2.963893271942489527e+00 8.181357166782381896e+00 6.740850772368071897e-02
8.899056083180548171e+01 4.459428869632882986e+00 6.550010298561644184e+00 6.669581210617288314e-02
8.599824238204553239e+01 4.205416428137363383e+00 9.796341189817095341e+00 6.631517861721251961e-02
8.688083914479096848e+01 5.254457898242734792e+00 7.864702956966285186e+00 6.793160703754012875e-02
8.867965023109475453e+01 3.620206917622223575e+00 7.700142851283040102e+00 6.782930358237528046e-02
8.941532281558154693e+01 3.204372359486666877e+00 7.380304824931783969e+00 6.766027261994560227e-02
8.992205091032526809e+01 3.819027273123778432e+00 6.258921816550966355e+00 6.680230770456181688e-02
8.692146681787185969e+01 3.663624462620331812e+00 9.414908719507804946e+00 6.648395043024823980e-02
8.821130213206754433e+01 4.326208251978632013e+00 7.462489615953813882e+00 6.804417843967842938e-02
8.922930305739433265e+01 3.282976544774351080e+00 7.487720397831316710e+00 6.799514244236741500e-02
9.016075760970433350e+01 2.777748909277141021e+00 7.061493481018526808e+00 6.779283947230274610e-02
8.937687944881889734e+01 3.798652709878675982e+00 6.824467841302426230e+00 6.655440637233087098e-02
8.637493942670312208e+01 3.548834849491986798e+00 1.007622572380490666e+01 6.613954598055110656e-02
8.734088190396164464e+01 4.498594136459620252e+00 8.160523959578744879e+00 6.775680165011314926e-02
8.861223671720003381e+01 3.293011864240041664e+00 8.094751418559921419e+00 6.770533839752042315e-02
8.953693262193679914e+01 2.763771118715149910e+00 7.699296259348038518e+00 6.747577026862086602e-02
8.914042241348869311e+01 3.506346563660557525e+00 7.353231022850740040e+00 6.643888478795863251e-02
8.582222704770443045e+01 3.444649718989479137e+00 1.073312323330610951e+01 6.612537140892044141e-02
8.668749461545243662e+01 4.455989841988016842e+00 8.856515542559538545e+00 6.759986989758050291e-02
8.801803945883686708e+01 3.232866077029232343e+00 8.749094464133895244e+00 6.756830343507169712e-02
8.915686353527762265e+01 2.660488408207971389e+00 8.182648056514400636e+00 6.738014256233731958e-02
8.953825197526582258e+01 3.850547931030692261e+00 6.611200093703479830e+00 6.664362745437793500e-02
8.656228623189066695e+01 3.631604559201879745e+00 9.806109208907450636e+00 6.628848357593367102e-02
8.808968207434180897e+01 4.292984183543850030e+00 7.617333742114328565e+00 6.786115908667458840e-02
8.871953371811703448e+01 3.377212841870437465e+00 7.903253440012526276e+00 6.780861188578071741e-02
8.972501013585350904e+01 2.834082815743897310e+00 7.440907048402595869e+00 6.763176058009465197e-02
9.006395356559549725e+01 4.010939230116674636e+00 5.925107204287834328e+00 6.673547242243829669e-02
8.712834254793398259e+01 3.831659124701328967e+00 9.039998327364694219e+00 6.641938626566061543e-02
8.737889586641747997e+01 5.105142692494447410e+00 7.515961441088073514e+00 6.797276037814094229e-02
8.955064651496523709e+01 3.336455100659758255e+00 7.112898384374996219e+00 6.793854416828781773e-02
9.032607913865531657e+01 2.859497570773789743e+00 6.814423290570891467e+00 6.775374712912798914e-02
8.935519153277505211e+01 3.892388052586348124e+00 6.752420414638597990e+00 6.648752251845133077e-02
8.643357609279172493e+01 3.801449229917840622e+00 9.764974677290451766e+00 6.607587811013811152e-02
8.826592467360993055e+01 4.226075045934333474e+00 7.508000280455727982e+00 6.768685087243303533e-02
8.830840838494584943e+01 3.607338835823493906e+00 8.084252779230647334e+00 6.764946840405165751e-02
8.915295932782223076e+01 3.171468883012640294e+00 7.675571789165120506e+00 6.743671199053943854e-02
8.835818684450040905e+01 4.261167168944347772e+00 7.380645986555245841e+00 6.637284381771380026e-02
8.535455123112133435e+01 3.914846595008318442e+00 1.073060217387034854e+01 6.606162840572009365e-02
8.659157954284506786e+01 4.570124435758145864e+00 8.838296021396784496e+00 6.752977569583956674e-02
8.755600303793085004e+01 3.694241726086523236e+00 8.749755235982634716e+00 6.751190747158784811e-02
8.858718952099162891e+01 3.111543919210086884e+00 8.301266559798280653e+00 6.734101391002608739e-02
8.918073865115748333e+01 4.284104277004108674e+00 6.535157071838409770e+00 6.657604432679548045e-02
8.667526331290258668e+01 3.861705146532673716e+00 9.463031540564735167e+00 6.622375527124689520e-02
8.824761575653259627e+01 4.439133557181176748e+00 7.313250686286226099e+00 6.779003075223498376e-02
8.833176798105679950e+01 3.802216307499444614e+00 7.866015711443761660e+00 6.775110805230152855e-02
8.950808253465594078e+01 3.027235434154100346e+00 7.464682031189974865e+00 6.759070534425391796e-02
9.032545155155001737e+01 3.854818358028508474e+00 5.819730090421488811e+00 6.679038740559477272e-02
8.750235593563782288e+01 3.711476710179348437e+00 8.786167354182829570e+00 6.645446468605883950e-02
8.748403828165076845e+01 4.973684271255712552e+00 7.542277447093514553e+00 6.805273896372902864e-02
8.967706717569032548e+01 3.228426207991770713e+00 7.094506616317903358e+00 6.798187744508669972e-02
9.046776512774043510e+01 2.715122764344493067e+00 6.817112107915078489e+00 6.779925691432452106e-02
8.951941191610912085e+01 3.778794761724901363e+00 6.701793322165976896e+00 6.654183240044508896e-02
8.633685794746322983e+01 3.785013614386712355e+00 9.878128438150051593e+00 6.610698110211700451e-02
8.777039754444120945e+01 4.362606022281812379e+00 7.866996433276969292e+00 6.776374542698603010e-02
8.866360685985677037e+01 3.373770132905018038e+00 7.962623007238213368e+00 6.768988782091318879e-02
8.925272585299408945e+01 3.039396336941103005e+00 7.707877810064808877e+00 6.748036957468156460e-02
8.840922755257567189e+01 4.178763412860287296e+00 7.412009034564046139e+00 6.642542663787365242e-02
8.536003081527613290e+01 3.857743366240584226e+00 1.078222581848326378e+01 6.608865574347216887e-02
8.689836341892429061e+01 4.425113805570419778e+00 8.676522775505292273e+00 6.760405140437776572e-02
8.760709600602133662e+01 3.605028334214285923e+00 8.787875659764383229e+00 6.754997694585682111e-02
8.870807554113406468e+01 2.967208346900265692e+00 8.324716111965683396e+00 6.738218923850478048e-02
8.921005883056487562e+01 4.219070494576551589e+00 6.570870674858563021e+00 6.663186343431549974e-02
8.724587535560010565e+01 3.521579779838431623e+00 9.232544864561463172e+00 6.625710102402684876e-02
8.806799937932359512e+01 4.513019071224944945e+00 7.418981549451455493e+00 6.786917017106916528e-02
8.888459607486059610e+01 3.497914032949962948e+00 7.617489892189425404e+00 6.779341962767410079e-02
8.966531375372973400e+01 2.888023542691188439e+00 7.446662703579080222e+00 6.763573556574778434e-02
8.977624023281853738e+01 4.237266192741810045e+00 5.986493574439634813e+00 6.669720136890450179e-02
8.683112249424630136e+01 4.141249461942063448e+00 9.027628043811651182e+00 6.637820133853310212e-02
8.705468034873452154e+01 5.334107941533264174e+00 7.611211709732217834e+00 6.792985487375177711e-02
8.855238360882260906e+01 3.990275607698933857e+00 7.457340783478461965e+00 6.789835536897087520e-02
9.035152623663462634e+01 2.923041352680560756e+00 6.725432410684810236e+00 6.774653916189532499e-02
8.959032056484002737e+01 3.902170034435843426e+00 6.507509400724133641e+00 6.644788735536168167e-02
8.612600625986881653e+01 4.037031509081465686e+00 9.836962231049710681e+00 6.603123509552596970e-02
8.792321701794163857e+01 4.426735414257512602e+00 7.650047567800841719e+00 6.764024751665319302e-02
8.782384271948644994e+01 4.007837131235366002e+00 8.168320149278169851e+00 6.760663478112394209e-02
8.912181986157007429e+01 3.100269358724100588e+00 7.777910779705828226e+00 6.742859535510672964e-02
8.804632234234968280e+01 4.487561055422951029e+00 7.466116602227364396e+00 6.633258823564307238e-02
8.576862602996314422e+01 3.887402167462776781e+00 1.034397180257408166e+01 6.601594356857383439e-02
8.599334771844411307e+01 5.113340978517351587e+00 8.893311303038526461e+00 6.748093593955260816e-02
8.718569508690158898e+01 3.961218672736576352e+00 8.853086240361827564e+00 6.746820522073353199e-02
8.835208209914030419e+01 3.276697160663074371e+00 8.371220740196621435e+00 6.733158378792153398e-02
8.887233791296105778e+01 4.508065715671020435e+00 6.619596371367916454e+00 6.653616503835596552e-02
8.662529188118743662e+01 3.930477479568219135e+00 9.444230639244354464e+00 6.618016526011535894e-02
8.760060472702714662e+01 4.875011888673423499e+00 7.524383384299427213e+00 6.774352331285131423e-02
8.803732449659003123e+01 4.038521244941133403e+00 7.924154258468845136e+00 6.770879753735302431e-02
8.910506652294192520e+01 3.380542589339019965e+00 7.514390887719070378e+00 6.758294635085176916e-02
8.917002839337794740e+01 4.520439964593643722e+00 6.309531642028408882e+00 6.737507816140635153e-02
8.634432752713844650e+01 4.210561692586908045e+00 9.445110780274642792e+00 6.749275132306138680e-02
8.709024692619327368e+01 5.303590046141875014e+00 7.606163027664842424e+00 6.826845679935240885e-02
8.843273915742447855e+01 3.975757411528702434e+00 7.591503431046827899e+00 6.838944176117446594e-02
8.955961167657106614e+01 3.277352112759537306e+00 7.163036210669385895e+00 6.778700501105999754e-02
8.872438587079999195e+01 4.415937438893127620e+00 6.859676690306872437e+00 6.714368604789609785e-02
8.539488009565761217e+01 4.202755228239968943e+00 1.040236467610242244e+01 6.716559882906836254e-02
8.679250561027774324e+01 4.995396198432715096e+00 8.212098191289527449e+00 6.800144443787772830e-02
8.798943617181005550e+01 3.845102110059324563e+00 8.165461718130641700e+00 6.811825700919107995e-02
8.903940053737710514e+01 3.147619249304937750e+00 7.812980213317957556e+00 6.748963979473861230e-02
8.829526516092199984e+01 4.279908495426041348e+00 7.424826343651956151e+00 6.703136794802569409e-02
8.480631014205167162e+01 4.079803265197899265e+00 1.111388659275042734e+01 6.713717636542330947e-02
8.632498079246416012e+01 4.940209588044080391e+00 8.734809619491761268e+00 6.784555692925843540e-02
8.745517775600282562e+01 3.706852478595636047e+00 8.837969765401549438e+00 6.798047396268251663e-02
8.862838979113433879e+01 3.039544258458517501e+00 8.332065950407145039e+00 6.738940035148056895e-02
8.874936110852925708e+01 4.527813299300142980e+00 6.722825592170603493e+00 6.719193986533010532e-02
8.562542915899402374e+01 4.241024715010263790e+00 1.013354612599571070e+01 6.725239825659683202e-02
8.679659643897150545e+01 5.236643843110023511e+00 7.966759717918463934e+00 6.805819341787469612e-02
8.880709080340584194e+01 3.523303913645890795e+00 7.669605282948269043e+00 6.817328334404335055e-02
8.929161698623910581e+01 3.143978487807731259e+00 7.564404525953171365e+00 6.759505650689658085e-02
8.976298232421348189e+01 3.849318069307964940e+00 6.387699606478551395e+00 6.733986385121129570e-02
8.669882717433141295e+01 3.590624807664240858e+00 9.710548018004338644e+00 6.748224184331458320e-02
8.788660744930071189e+01 4.506120827305683640e+00 7.607271723393597362e+00 6.821714077596144343e-02
8.905372329686804278e+01 3.301913702801690054e+00 7.644363000330257840e+00 6.838184760416492203e-02
9.012477504952084928e+01 2.706248584055601203e+00 7.168976366423556179e+00 6.776887284329016770e-02
8.924062523512917267e+01 3.832268975383123166e+00 6.927105789487701060e+00 6.710954825477426222e-02
8.594624340438326726e+01 3.612235377618382870e+00 1.044152121799833921e+01 6.715901302212880231e-02
8.711715254269351760e+01 4.568144948426438923e+00 8.314702508880051468e+00 6.794874622660261598e-02
8.848974601499025994e+01 3.257559898736305026e+00 8.252694086273432816e+00 6.811222974686641229e-02
8.948900897932503540e+01 2.662866875397731370e+00 7.848124145277221686e+00 6.747193470695074524e-02
8.865713408559204822e+01 3.784626004074150174e+00 7.558239910333796274e+00 6.699559019504676416e-02
8.541334109848232004e+01 3.480599605839519661e+00 1.110605929567814698e+01 6.713738360194192178e-02
8.644982015133577136e+01 4.506086063155533061e+00 9.044093785508687589e+00 6.779525118072925183e-02
8.787004102220025459e+01 3.185591307263566208e+00 8.944367670536175652e+00 6.797762456105772844e-02
8.897915233917098021e+01 2.572415036767249141e+00 8.448432624061778640e+00 6.737313257170257641e-02
8.929954989947725608e+01 3.904715025812222073e+00 6.795735074710529844e+00 6.715640316564552847e-02
8.607466840670807073e+01 3.704990003752575145e+00 1.022034158953935368e+01 6.724508380677510222e-02
8.717924520042851100e+01 4.662790992054572037e+00 8.157963807516926735e+00 6.800635815978135768e-02
8.865952092300581455e+01 3.307065162439438044e+00 8.033413914554754953e+00 6.816792620880370024e-02
8.976308780026248257e+01 2.699857248563359402e+00 7.537054951174161133e+00 6.757788308151818635e-02
8.996123244832236310e+01 4.007475314418182499e+00 6.031292237259457956e+00 6.728210425070300926e-02
8.699399700607423824e+01 3.820083790929824641e+00 9.185919202995940225e+00 6.742416465689868299e-02
8.812189379625463914e+01 4.653536904401960328e+00 7.224569299343395201e+00 6.815289293741375043e-02
8.858439844060130497e+01 3.804333910759545745e+00 7.611267648639150174e+00 6.833175549814825278e-02
9.009413767635527392e+01 2.874511724705782534e+00 7.031350598938937324e+00 6.773554046619831293e-02
8.924716391633124601e+01 3.966416593277680036e+00 6.786419490391090825e+00 6.705010708154321430e-02
8.578187084498703996e+01 3.833849778927552521e+00 1.038427937608538976e+01 6.710081937673610664e-02
8.744091956834036239e+01 4.502809043230438846e+00 8.056271388429204094e+00 6.788536879215775754e-02
8.845361857756113011e+01 3.498195715963940966e+00 8.048185706474937362e+00 6.806200420142176355e-02
8.908893108217880297e+01 3.080737394474201363e+00 7.830331523346990785e+00 6.743877498451590624e-02
8.820231393510887585e+01 4.279307894837090842e+00 7.518378170054019094e+00 6.693571998706647486e-02
8.492582419935530424e+01 3.966951826151789540e+00 1.110722397449290000e+01 6.708010027853057722e-02
8.600608240293497886e+01 5.005365625435380217e+00 8.988551971629645365e+00 6.773264165820780391e-02
8.744744552157642659e+01 3.634682518487092118e+00 8.917871959936476856e+00 6.792714960905381349e-02
8.852897331756847166e+01 3.006113667426486558e+00 8.464913015005041785e+00 6.734090926553530643e-02
8.889592174760296928e+01 4.374600276082835748e+00 6.729477976314187870e+00 6.709536974170143830e-02
8.698394502689119179e+01 3.526688600760260694e+00 9.489366372348538192e+00 6.718866020472726019e-02
8.788911783200698835e+01 4.500643747571318798e+00 7.610238420421683081e+00 6.794217804734166422e-02
8.845356636976768527e+01 3.555131450377535085e+00 7.991302179854779197e+00 6.811682993601164693e-02
8.927407514012190859e+01 3.130738703547977675e+00 7.595186156330104410e+00 6.754368820661119099e-02
8.996088045466881056e+01 3.962160083235813257e+00 6.076959462095380182e+00 6.731981801078658345e-02
8.701086520337996433e+01 3.766589794336960839e+00 9.222545002283075277e+00 6.744412047422509993e-02
8.818613923729627402e+01 4.595323206240975011e+00 7.218537556462744753e+00 6.821564663483291324e-02
8.876735018833223023e+01 3.673953020889447529e+00 7.558696790778308916e+00 6.836289323288989583e-02
9.020160256782949659e+01 2.760372005436506182e+00 7.038025426733995893e+00 6.776971845363793934e-02
8.935071612356207993e+01 3.867820788589602099e+00 6.781463087849077809e+00 6.708857311875904283e-02
8.596057368086468387e+01 3.726939940426816200e+00 1.031248637870849372e+01 6.711784587792361811e-02
8.681479272492435939e+01 4.938234130554862489e+00 8.246973144520769239e+00 6.794544569975097259e-02
8.805226895462323000e+01 3.668955225426007161e+00 8.278775819950764614e+00 6.809008490455506490e-02
8.925829573186405241e+01 2.916551351437759454e+00 7.825152916698181471e+00 6.747018989557547475e-02
8.818062838146485660e+01 4.246827869321941229e+00 7.572543749213203945e+00 6.697379069842436528e-02
8.488929745884718159e+01 3.940281663618762753e+00 1.117042087753407031e+01 6.709171930848419063e-02
8.611692163791718713e+01 4.875690078811530270e+00 9.007388283271287932e+00 6.778884056782717715e-02
8.746152300740017438e+01 3.578179337525604797e+00 8.960297655074219492e+00 6.795256320927590965e-02
8.860855337837668344e+01 2.897343208879876730e+00 8.494103412743452708e+00 6.737048705463043186e-02
8.922392130291754597e+01 4.136047238151387084e+00 6.640031458931074049e+00 6.713576325814196721e-02
8.644296472641984508e+01 3.648513281875015668e+00 9.908521991705139698e+00 6.720435129814818220e-02
8.794898651189285488e+01 4.423540958706950299e+00 7.627472529400191270e+00 6.800336859593869576e-02
8.831779493396761893e+01 3.563762130102529735e+00 8.118442935929850890e+00 6.814604070511710854e-02
8.940951904999961641e+01 2.952892609673554158e+00 7.637588340326822767e+00 6.757699409730325013e-02
8.939435912513762617e+01 4.394830072329564352e+00 6.210810802532819253e+00 6.722775377817127862e-02
8.678153877710332154e+01 4.055552989178489831e+00 9.162908233718169981e+00 6.737027281404188439e-02
8.756638057205800862e+01 5.048613484810349661e+00 7.385005943131640826e+00 6.809540901574082095e-02
8.820266846246124715e+01 4.096704457138875100e+00 7.700627080399877755e+00 6.828259180923755556e-02
8.944840650209424382e+01 3.345391030075401062e+00 7.206202467830340908e+00 6.772161158742368015e-02
8.848969035872961797e+01 4.551501214416481922e+00 6.958808426853904550e+00 6.699645450014117543e-02
8.549927146451040016e+01 4.222673894613567569e+00 1.027805464087603404e+01 6.704323585499126492e-02
8.738062561166265141e+01 4.735274088533740766e+00 7.884100299803592726e+00 6.782441848435052933e-02
8.789773940008824127e+01 3.927829102767001146e+00 8.174431497144750480e+00 6.801109711840848393e-02
8.878548324841109718e+01 3.308391177103965131e+00 7.906125574484928364e+00 6.742237697721481515e-02
8.778583051943279258e+01 4.595359942417433174e+00 7.618809538149776017e+00 6.688254413955731226e-02
8.452232417970000711e+01 4.264432071858981210e+00 1.121324374844101079e+01 6.702126591127367805e-02
8.559641401949411943e+01 5.299466431465743810e+00 9.104119549040138537e+00 6.766936058802171250e-02
8.698041647698120471e+01 3.990653596806594816e+00 9.028929926212207135e+00 6.787530720583204169e-02
8.820956578218489597e+01 3.242527039281012158e+00 8.547907178534096317e+00 6.732424914219571621e-02
8.841991219462195772e+01 4.715466325064451958e+00 6.864621480313580548e+00 6.704225351300535651e-02
8.658718508892174270e+01 3.800485190141254854e+00 9.612329720936983790e+00 6.712809964043868483e-02
8.741302936492844822e+01 4.855183760564942830e+00 7.731786874506603624e+00 6.788051375477621718e-02
8.813860258596466224e+01 3.807865739587066756e+00 8.053531674448269229e+00 6.806496630406458359e-02
8.909743229801979680e+01 3.207492592517563690e+00 7.695075109462645280e+00 6.752761931372742998e-02
8.730830689225571462e+01 5.855440188731837026e+00 6.836252919012439477e+00 6.341353553018949651e-02
8.563199349029160601e+01 4.730624086908451709e+00 9.637382422799941395e+00 6.392438783249296264e-02
8.535044643425881361e+01 6.497503420792522633e+00 8.152050144948647770e+00 6.447208998932238422e-02
8.669345221339192165e+01 5.170982799915546657e+00 8.135564986692537914e+00 6.480395599514349181e-02
8.770216810185938527e+01 4.576562142582102588e+00 7.721269755558525461e+00 6.443319913717499015e-02
8.774965125458818704e+01 5.314232430910757365e+00 6.936116314501053814e+00 6.316680975222389860e-02
8.412036794654800076e+01 4.957072074540154638e+00 1.092255997891184904e+01 6.359123772672606312e-02
8.487007761891763380e+01 6.367108345478347253e+00 8.762814035604012730e+00 6.419502624585408934e-02
8.721100654735028002e+01 4.567507586059403657e+00 8.221485866590322544e+00 6.452364725151173153e-02
8.747602245047150404e+01 4.403911787291418634e+00 8.120065762237086204e+00 6.412112902831529349e-02
8.666946737956980940e+01 5.242901269754473681e+00 8.087631350675710706e+00 6.302980541462620268e-02
8.301245425738204631e+01 5.277845428759345481e+00 1.170970031385861532e+01 6.355289033541394739e-02
8.418298866019932802e+01 6.288878576205314985e+00 9.528132763595365873e+00 6.401486264685576910e-02
8.542299398399916299e+01 5.039479288437993532e+00 9.537526727562852358e+00 6.436064331656940474e-02
8.644689263169323112e+01 4.469478957070831093e+00 9.083628411235935118e+00 6.400169481743851752e-02
8.738045002309047504e+01 5.574381265894743365e+00 7.045168711014781593e+00 6.323785216402803833e-02
8.528513045457334840e+01 4.701607269561062452e+00 1.001326227586560158e+01 6.371797351659319597e-02
8.584498310923663666e+01 5.988250887288526059e+00 8.166766003474833724e+00 6.427803736796716683e-02
8.720955245882039719e+01 4.580051001384711107e+00 8.210396539794887261e+00 6.460546566132355228e-02
8.720672251166915601e+01 4.647452624737463900e+00 8.145824863593375653e+00 6.425961262195958867e-02
8.818521606673222379e+01 4.896837895323581158e+00 6.917946037944201265e+00 6.339890384123500477e-02
8.548127906739408388e+01 4.387057797891204203e+00 1.013166313471472435e+01 6.394332188358163582e-02
8.649598594413053831e+01 5.426909748520054144e+00 8.077104307349417311e+00 6.445010264643569187e-02
8.806617848147685379e+01 4.053840725826760583e+00 7.879980792696388292e+00 6.482954776890152704e-02
8.871626834159194175e+01 3.676156877111395715e+00 7.607574781296650990e+00 6.444555363986674557e-02
8.798458452422551090e+01 4.672114277813265382e+00 7.343301197961233484e+00 6.315705695141336784e-02
8.455781253345622872e+01 4.479999600868114662e+00 1.096218786567565040e+01 6.361974349630827863e-02
8.608887809839855265e+01 5.154541321938851617e+00 8.756580579662593067e+00 6.416918265874277383e-02
8.715983330885417502e+01 4.114146971110931972e+00 8.726019720034900118e+00 6.455034209899987441e-02
8.780036848138249184e+01 3.750557728997643725e+00 8.449073789619857777e+00 6.413366323960829896e-02
8.736648632310374296e+01 4.456629172532752925e+00 8.176884504363503225e+00 6.301972041993129936e-02
8.380162488081938932e+01 4.461025674928884577e+00 1.173734944425171101e+01 6.358640728018558064e-02
8.496910858789540555e+01 5.408868203707367428e+00 9.622023208397216365e+00 6.398848922807609529e-02
8.622873632867003835e+01 4.192564341262420058e+00 9.578699330067527384e+00 6.439147315721577280e-02
8.720764915587088240e+01 3.671956959283115385e+00 9.120393884846007992e+00 6.401642306181808129e-02
8.827705388499126116e+01 4.626029493138870130e+00 7.096916621869870490e+00 6.322773495235603503e-02
8.486274371879153477e+01 4.519620550798459924e+00 1.061763573041001152e+01 6.374288340148320797e-02
8.641059750206350998e+01 5.162324439193302084e+00 8.427078058743191491e+00 6.425568532427562707e-02
8.735497816336477683e+01 4.118684994603012406e+00 8.526336842032215202e+00 6.463271591180105857e-02
8.808781119516672220e+01 3.749646677767340286e+00 8.162542127065931297e+00 6.427343800200913115e-02
8.756398043083946447e+01 5.535226190775219379e+00 6.900793378385309929e+00 6.328603545303526645e-02
8.502924996871611540e+01 4.969292041444879793e+00 1.000145798983900924e+01 6.383748537537160817e-02
8.591209519361697744e+01 6.007371742757944055e+00 8.080533063625068735e+00 6.433669884625230206e-02
8.720403080875314572e+01 4.793034936721784156e+00 8.002934254525074564e+00 6.473235493272300189e-02
8.804236924811915799e+01 4.283390247634836889e+00 7.674240504245998018e+00 6.436926770023851385e-02
8.795564014862914348e+01 5.031952507097916971e+00 7.012407344272950205e+00 6.304584101966148602e-02
8.424128476494634299e+01 4.966465213382250887e+00 1.079225002167141234e+01 6.351414254505949319e-02
8.597104474657540152e+01 5.545378400428727872e+00 8.483576852995884821e+00 6.405624030804325797e-02
8.673921551725986490e+01 4.643986480607146916e+00 8.616798002132984635e+00 6.445404862932746504e-02
8.769449132531379121e+01 4.047644977807864919e+00 8.257863696878349202e+00 6.405838051822708434e-02
8.669269514645566233e+01 5.284889172084033859e+00 8.022415681460300263e+00 6.290951452257348420e-02
8.327610939401961332e+01 5.023751050973382704e+00 1.170013955500700575e+01 6.348063902916581402e-02
8.500489053171138210e+01 5.743892525543684791e+00 9.251216942744941107e+00 6.387680014417941587e-02
8.568402543028183516e+01 4.767069911000792359e+00 9.548904658717374261e+00 6.429562978678383944e-02
8.671042932455591767e+01 4.193250776745840902e+00 9.096319898698238759e+00 6.394152325367284673e-02
8.720670320259101516e+01 5.528530807461425667e+00 7.264765989947565394e+00 6.311534106125916976e-02
8.434996473046473398e+01 5.031220918835385802e+00 1.061881435069988378e+01 6.363385129528929818e-02
8.608868248853704586e+01 5.694662221536675339e+00 8.216655289926277916e+00 6.414222230196650609e-02
8.709082943081406825e+01 4.571708766344456443e+00 8.337461802841470870e+00 6.453482997726245340e-02
8.833506054566319676e+01 3.890427315239535666e+00 7.774512139097266683e+00 6.419694754108128121e-02
8.767651930619912548e+01 5.403136125890758201e+00 6.920344567910124312e+00 6.337202828704746604e-02
8.545398643910456826e+01 4.728975760293026021e+00 9.817037800602410158e+00 6.389341153078142987e-02
8.584081943929443526e+01 5.983724005744275765e+00 8.175456554961277433e+00 6.444810213778792707e-02
8.763457529467390827e+01 4.535210487067836915e+00 7.830214218258249481e+00 6.480094364340435731e-02
8.859135667031459604e+01 3.852844833295462568e+00 7.555798496389939167e+00 6.444102170829112131e-02
8.853307391138370974e+01 4.504763130878052912e+00 6.962162957738232905e+00 6.312876544501357101e-02
8.409661761587818773e+01 4.921692496908224967e+00 1.098168988721359973e+01 6.356436764404557738e-02
8.643525794435761611e+01 5.143463102139119947e+00 8.421278953503254172e+00 6.416729100041793088e-02
8.676020199429468960e+01 4.481606375961630917e+00 8.758191629743677709e+00 6.451836082574329001e-02
8.773445409758821256e+01 3.914781278700033340e+00 8.350764623711745216e+00 6.412673381238488679e-02
8.692641690142103528e+01 4.895141481374053249e+00 8.178441617204907033e+00 6.298903299470300088e-02
8.329761577488115165e+01 4.927381944404185532e+00 1.177500228071465038e+01 6.352497478385030205e-02
8.453697874315999172e+01 5.838650342603261656e+00 9.624370914236751062e+00 6.398550408384323651e-02
8.577334305127614300e+01 4.621642066766297852e+00 9.605014881957561812e+00 6.435527643869817793e-02
8.684684735822833090e+01 4.018068455608029943e+00 9.135084186163641817e+00 6.400620765842363058e-02
8.813621106190470300e+01 4.996189916237876005e+00 6.867599021857433428e+00 6.319922504543780406e-02
8.441761642852362968e+01 4.960523255218528327e+00 1.062186031625784821e+01 6.368956724294899674e-02
8.696021538352134428e+01 5.041942882896089273e+00 7.997841733582575330e+00 6.425240295102965793e-02
8.770565813194599514e+01 4.132833992472318307e+00 8.161507875581687443e+00 6.460156689920908135e-02
8.874539960625638457e+01 3.572305848023963115e+00 7.682294545719658529e+00 6.426715435421262446e-02
8.736208203228370905e+01 5.674201882876254821e+00 6.963716084840050335e+00 6.324481285920240115e-02
8.475867027460787995e+01 5.210817939006661348e+00 1.003051178638544805e+01 6.378657093322473437e-02
8.530500583968972705e+01 6.392995668153137245e+00 8.301998492157123266e+00 6.429262631834460617e-02
8.684956503656245275e+01 4.986047742409554395e+00 8.164387221027990194e+00 6.468508186695563766e-02
8.806266850424788117e+01 4.297037627506680835e+00 7.640293868245422892e+00 6.436144965855632172e-02
8.823973667939507948e+01 4.769757020775877265e+00 6.990506299829044146e+00 6.300061209718883781e-02
8.351372357912514133e+01 5.393087273168060136e+00 1.109318914770680031e+01 6.345962857046159866e-02
8.561423988840388688e+01 5.773709464957189397e+00 8.612050646638925500e+00 6.400841181643053546e-02
8.639535092924516846e+01 4.812951214042061387e+00 8.791697856712756831e+00 6.440269432624169677e-02
8.752688090726287840e+01 4.134791335990792405e+00 8.338327756746325647e+00 6.404721607316511689e-02
8.668204007882469853e+01 5.266133779127342152e+00 8.051826142047959323e+00 6.286294437068130903e-02
8.293492043225516852e+01 5.233068500075422236e+00 1.183201106766941280e+01 6.342214906022397569e-02
8.410397848796303322e+01 6.201295441234428552e+00 9.694726070802518691e+00 6.382505298762897183e-02
8.532504097850889480e+01 4.997507250145909019e+00 9.677451771345197074e+00 6.424144193521641455e-02
8.648423850101779919e+01 4.330215908993660712e+00 9.185545589988548087e+00 6.392864159697475568e-02
8.814743478021057399e+01 4.917767505248458626e+00 6.934797714540962055e+00 6.307080136799181336e-02
8.405112730137219046e+01 5.278470780989257705e+00 1.067040191763854828e+01 6.358171656383013182e-02
8.642397861081734334e+01 5.466634221733163379e+00 8.109387167449495948e+00 6.409455692765470003e-02
8.675593376881170116e+01 4.804213619493509668e+00 8.439852611694792728e+00 6.448444039628685454e-02
8.802513434780765067e+01 4.012834534290495192e+00 7.962031117901847033e+00 6.418665848403368179e-02
