6.651000512578995050e+00
4.156996918213816450e+00
4.480905181548839877e+00
3.826518276454384360e+00
4.576704427196202296e+00
4.486960905709985070e+00
2.483521433208020657e+00
6.462657531048269455e+00
4.205179531807082149e+00
3.427991171816330507e+00
1.034926230562438221e+01
4.184814014465530363e+00
5.085146659569080185e+00
4.268237892310377646e+00
4.384365646070875755e+00
4.586892236366300502e+00
9.927299272429999988e+00
4.337310569403702409e+00
5.211066366593041899e+00
9.577374707920901287e+00
4.266545748994299281e+00
4.085115147455620210e+00
2.986951343160048733e+00
4.202445878878071639e+00
4.394566056189492365e+00
3.336740445771136709e+00
4.333315259113651230e+00
4.466248970873333946e+00
2.708222428776191126e+00
6.666666666666493768e+00
8.972501665322122344e-01
4.175674106698671117e+00
4.370994368505555450e+00
9.948677056648401740e-01
3.667852029975085859e+00
4.602081770616874401e+00
8.850951704539676834e-01
6.137052234281054730e+00
4.157181190505679247e+00
4.896283009619253335e-01
1.359481469312418200e+00
4.105910633555112987e+00
9.688691480641343778e-01
3.341235427010138093e+00
3.964438031714355049e+00
5.982578143682223404e-01
1.258080412663185710e+00
2.152788931666995609e+01
4.351907238190501626e-01
4.240206025493155728e+00
4.237629488375099562e+00
7.336877653264082255e-01
4.874330610181630163e+00
4.211837299565554638e+00
2.530144384615150788e+00
4.479153166196142344e+00
6.082986335683213674e+00
8.432790733796741156e-01
4.744597325769915663e+00
4.635806485084017936e+00
1.840298619258266655e+00
6.140564985954803490e+00
4.354125886765719322e+00
2.307108554022525571e+00
3.582603415250069645e+00
4.093664630258948556e+00
3.066098968918916423e+00
6.058200244154430258e+00
4.216811725978622860e+00
1.569292496618951871e+00
2.615394986869266969e+00
3.902670677673965027e+00
1.504864896178683464e+00
3.921140916241924401e+00
4.155026551272446689e+00
2.737255006774235166e+00
1.411628854015091861e+00
2.150976031715791592e+01
2.457881140498415107e+00
4.377767127718814599e+00
4.334910947807052217e+00
2.615892913927801544e+00
5.213093206134053581e+00
4.299064103932000336e+00
2.583751018806253796e+00
4.242530248899025302e+00
6.666666666666664298e+00
1.913193287879020543e+00
3.832626594381240981e+00
2.228916288845572691e+00
2.059926516702412780e+00
5.174364716347668036e-01
4.037793337786145464e+00
2.160885763789625713e+00
1.186434085884078060e+00
3.920720607883540598e+00
2.439260082681641961e+00
1.357635393882721475e+00
6.072737954554725093e+00
1.034286387656558448e+00
7.543715916240264496e-01
9.796905953532093758e-02
2.577752123743655144e+00
1.261011031741787747e+00
3.851404117256958415e+00
4.327011622049674600e-01
4.105360658955157227e+00
4.393606803007004125e+00
5.995812253471685116e-01
3.663149084284280210e+00
3.945816235712452880e+00
4.893152572120390009e-01
6.666666666666666963e+00
4.113488246566078033e+00
1.770636431379502440e+00
1.027227602001858031e+00
3.754384408097933612e+00
1.985908383747242878e+00
2.645812104546015231e+00
4.055897163976715625e+00
1.885840668630881511e+00
8.317090589665004918e-01
4.117880677092771613e+00
1.053100692077131528e+00
3.562097832932465735e+00
4.003887026795221793e+00
5.462696574107782643e-01
2.685845791784128522e+00
4.133360828553835908e+00
1.226534349115610212e+00
3.746260801459321499e+00
6.140315695604072310e+00
1.411806460803819219e+00
3.612969732741114992e+00
4.083084192028697323e+00
1.130200483031291725e+00
4.333940934401430134e+00
4.448395556967472686e+00
1.298397334028965844e+00
2.021743789077812270e+00
3.536192277451931432e+00
1.207781746110923038e+00
2.897234407408528223e-01
3.398500262503500124e+00
1.305345412256617266e+00
1.212458730724487621e+00
3.652151770366174333e-01
1.672326204323194121e+00
2.741130697963711782e-01
2.686427585927089634e+00
1.214819329211306753e+00
1.021420571751859852e+00
4.469781241789140047e+00
6.665106332890994301e-01
2.728820369562413362e+00
3.877378029874902321e+00
1.300475115535919768e+00
1.129021583277854290e+00
3.400717610889167020e+00
1.327283550342714946e+00
1.372763613935211735e+00
3.583407125634323620e-01
9.168240441037672772e-01
1.429123446560976562e+00
3.533080034599134223e+00
1.173437077982016463e+00
3.019033270722578433e+00
2.288717151098936142e+00
9.462626681352143132e-01
6.109390015737214519e+00
4.384926090148174360e+00
8.743362964436490747e-01
6.480669669463082982e+00
4.117329577989124800e+00
9.247888907070205278e-01
6.554727814554620835e+00
6.124965288871166536e+00
2.338366348013148244e+00
2.875054324208695444e+00
3.930291503009794685e+00
2.600135057352446211e+00
3.191585735388253742e+00
4.174250334672266582e+00
2.306191267470322881e+00
2.884319790988797649e+00
6.666666666666666963e+00
6.842072033492835326e-01
3.112575692149307738e+00
4.161265448492483365e+00
5.519661647747527988e-01
3.242319803344865026e+00
4.169939059158115136e+00
7.912658302379208530e-01
3.445966732329792226e+00
4.377562363312232030e+00
9.755749225771097599e-01
3.945775646136612469e+00
2.202851105683829136e+00
1.002356096997215618e+00
3.821897690855446061e+00
4.416675569498899279e+00
5.053295744734972450e-01
2.500137769403290466e+00
3.424618398496384941e+00
1.247972915194132781e+00
4.448543547971364198e+00
3.393379854962376374e+00
1.320658543363464332e+00
5.444441790810875537e-01
5.967329289072532683e-01
1.374481012602681629e+00
3.668755454714632269e-01
1.846179140195886248e+00
1.015440936495129565e+00
1.165328621698514810e+00
4.074203794385065081e+00
8.010861252514965836e-01
7.597646019602729561e-01
4.097981019248645218e+00
1.093381446560537595e+00
1.248996404383817094e+00
3.350928716839634891e+00
1.010779484022769736e+00
1.549139397099533966e+00
1.002709591994611626e+00
1.386507814078553169e+00
1.477816752822279200e+00
3.418466830584237837e+00
1.306494067090078204e+00
3.021592040401449797e+00
7.893144064353663225e-02
1.230249017474458695e+00
8.166254628639352253e-01
6.125770644028090572e+00
3.243350096475900557e+00
2.015195670857357957e+00
3.321427831527822949e+00
1.594468310668484490e+00
8.438928038492014005e-01
4.144188932308558115e+00
1.573635321574873958e+00
8.375169370876639485e-01
1.205516174645945737e+00
2.102598757018085962e+00
2.029615758182982788e+00
1.931014754468300509e+00
1.323097265084593799e+00
3.485082546303173157e+00
9.758272137576895489e-01
1.254950411299089241e+00
1.359851206787470401e+00
2.769462985737497718e+00
2.450073992666633504e+00
4.045671186081148285e+00
4.476800741150717577e+00
2.317791320598189486e+00
6.424901717951655655e+00
4.053509425822739765e+00
2.404023259739955787e+00
6.515157814358296662e+00
4.169796081883387906e+00
2.415145275306211037e+00
3.030856586237911987e+00
3.864459471277278624e+00
2.539752680967320320e+00
3.758335516273452637e+00
3.978563648856803692e+00
2.133519886274160005e+00
1.541279664239581315e+01
6.188075229015812972e+00
2.546019249748686430e+00
3.927213313295614849e+00
4.247436666862228982e+00
2.833347519116571789e+00
4.837851852921462914e+00
4.458011611645237515e+00
2.431927556155069059e+00
3.994491144182326536e+00
6.642096346465993228e+00
2.656086737053328761e+00
4.048776601226479421e+00
2.184551288026677529e+00
1.885466666369436384e+00
2.504740803944040639e+00
2.388248650100763815e+00
9.613009642537472255e-01
2.562265082945465622e+00
3.300410661474832974e+00
2.177097851103501736e+00
5.613942496235893032e-01
5.961008178752895681e+00
1.278331323959996269e+00
2.497338713315831793e+00
1.105820982908464201e+00
1.970692032594968168e+00
1.832193669066403574e+00
6.344409381366989287e+00
2.111222667217653282e+00
1.627344555477720833e+00
3.645834532084109014e+00
1.849889426048797247e+00
1.765794985119670146e+00
4.045369949803650833e+00
1.643600679452826396e+00
1.804209152657309856e+00
4.186919236140169254e+00
1.393936918231510447e+00
1.810518081485981812e+00
1.167498179053595209e+00
2.055985584767358265e+00
2.444654623204505217e+00
5.155627232029016405e+00
1.484134717809783011e+00
3.115919618440255334e+00
2.578025915725895345e+00
1.954269861997289581e+00
2.093520042248579127e+00
3.869664344706071901e+00
3.606287283861476567e+00
1.165518655699856909e+00
4.145320452601606864e-01
1.722112626311736561e+00
1.953875314581561495e+00
3.592019590476583257e+00
3.314803581075167926e+00
1.054148014046167647e+00
5.800115284134648164e-01
2.631650634271802236e+00
1.277920212322100069e+00
3.258519861425916986e-01
1.056233611421769636e+00
2.030734376442667521e+00
2.010991405064032733e+00
1.609552608698938458e+00
1.945526837442817181e+00
3.500421865541036848e+00
3.741730505578175325e+00
3.176008227905394055e+00
3.994849120430575606e+00
3.565584628811075962e+00
3.535977835655520263e+00
4.189359289992410140e+00
2.096557056979627021e+00
1.267342437220878137e+00
6.168359669134910739e+00
3.560771263119330232e+00
3.191111595298148362e+00
1.993068630612029324e+00
3.572803496409127089e+00
3.563142907158910244e+00
1.507357972651079736e+00
2.538177045273760424e+00
1.393682835247801677e+00
2.506021422856245184e+00
2.727227858844893493e+00
1.353731017132200121e+00
2.337914765562658204e+00
3.725540760238089888e+00
2.518186119005415780e+00
1.204489000200349436e+00
