4.218455611992735221e+00
4.616159693045793766e+00
6.269883384062104881e+00
4.176907254825011684e+00
6.326751015501162811e+00
3.931330559581310613e+00
2.882555923856164437e+00
4.082739901592277398e+00
3.469612925053402019e+00
4.279847918533055129e+00
2.172777649797419830e+00
6.388550356995556179e+00
3.509075687759016571e+00
4.266549979895464695e+00
3.819202468214663693e+00
4.105791443296546106e+00
3.900402842222794764e+00
6.389868515753512668e+00
3.606020455338390551e+00
2.511156483934712469e+00
4.744931385766932408e+00
4.623826675273090991e+00
2.073887038417697060e+00
3.585431232496431253e+00
4.964574308626292232e-01
3.422549533010281753e+00
1.873497687435232706e-01
2.555628086337080163e+00
8.994408655929385654e-01
4.748981567937448744e+00
1.282391452946146870e+00
4.607498655535757770e+00
8.629913116831117170e-01
3.918404659823432556e+00
1.412408164139219879e+00
5.984515208293572641e+00
1.576111888988246390e+00
2.707385346418931249e+00
1.708450573918970150e+00
3.373021096020805576e+00
3.261603838824742585e+00
4.407951706597771135e+00
8.495332635725869608e-01
3.716324855914594050e+00
2.008312910112467264e+00
3.345772798056297237e+00
1.468396905394788732e+00
3.909372576310210068e+00
1.599547520519311261e+00
1.160575638182763214e+00
1.303450434209042497e+00
3.373995761052707820e+00
3.442120611891493098e+00
1.372853910039620873e+00
1.316962219572729964e+00
3.060373875237216712e+00
4.515019149710705615e-01
3.987636123346079753e+00
2.400990719171856025e+00
4.124344751325402569e+00
8.568071355729193206e-01
6.603490053465480791e+00
2.084248392598690547e+00
2.355150013138128884e+00
8.903718429402912582e-01
3.485923913525965645e+00
1.969234763748071826e+00
2.509968084241999353e+00
5.006947663537992810e-01
2.849124221083152886e+00
1.530000185430462123e+00
8.045584320862140260e-01
2.418407147213976316e+00
3.883591267283575732e+00
2.451675222244956043e+00
4.071263996438546862e+00
2.102491278266886976e+00
6.152081140684411587e+00
2.287855943358602762e+00
2.945389210411358594e+00
2.619634538464675533e+00
3.985884374560610954e+00
1.400369245398543683e+00
2.510929541204909299e+00
1.554739232652714520e+00
2.587103878048667038e+00
2.017543508323527135e+00
2.185361280980705256e+00
3.735821347678533133e+00
3.137428671394246749e+00
