5.541890561952804717e-01
1.990834298050508266e+00
3.259292812086231894e+00
7.142996104283334979e+00
5.364202896471525150e+00
1.104358326088333619e+01
2.555296752100314706e+00
3.668425758931609693e+01
9.931986878369704064e-01
2.976044290477794618e+00
3.840131074987825688e+00
5.596144225576591857e+00
6.172935942038161095e+00
9.349061427316996742e+00
1.680649353647065070e+01
3.601791796865886397e+01
2.259085659242013211e+00
2.638708693117499227e+00
3.164217129194871969e+00
4.781371756423123287e+00
5.230148359927771828e+00
8.951556590237933264e+00
4.331272342914181728e+00
3.368777833903494923e+01
8.767095073342829892e-01
1.386613947006347658e+00
2.915571704671343412e+00
5.844078547788371658e+00
3.552434781386556661e+00
9.530977784961503829e+00
4.724589448039125728e+00
3.563727391170476722e+01
2.551149765358717847e+00
4.527801734694530289e+00
2.378107267292504989e+00
1.067525819437236123e+00
3.105176550978692607e+00
9.274902995947426732e+00
3.743438592987222702e+00
3.520706985423421287e+01
1.547018312551567520e+00
1.309486406376709766e+00
1.999472565370708166e+00
4.021228908553761805e+00
3.846674407808939211e+00
3.129922814284671873e+01
2.973073089492951571e+00
3.547051941326017044e+01
2.034661651167020580e+00
4.714209927142725576e+00
2.637514959568378003e+00
1.454321782034213584e+00
4.239670067930377151e+00
5.481707554268737681e+00
3.821729613662628200e+00
4.279164895260076484e+00
2.302760007892936667e+00
4.177947318052882331e+00
1.121404276970814351e+00
2.870039372378611287e+00
3.455592199961044830e+00
5.082679503068608717e+00
8.756510097887323596e+00
1.495282031643237808e+01
5.501643604790787956e-01
3.397910422633912741e+00
2.491600724000799350e+00
3.631711973822634665e+00
4.498464288692069601e+00
4.883248156973721166e+00
2.006918524144741056e+01
3.609855831848083341e+00
3.144808280748174756e+00
3.994024433599831614e+00
6.285302175705230532e+00
7.065178451408769433e+00
3.746624408235064152e+00
1.075651696666755974e+01
8.503021224066374950e-01
3.220934460019635992e+01
6.047178898049713203e-01
1.190245233287961169e+00
3.971856455405988751e+00
3.939151970916013656e+00
7.498277503852563086e+00
1.113324443602363090e+01
3.674463126687632641e+00
3.176376021247898507e+01
8.551448907612643202e-01
2.899438437239585942e-01
4.283629611390096237e+00
5.729379249485816672e+00
3.270790778781683006e+00
1.114534816460070488e+01
4.181575451812889810e+00
3.777835419308259901e+01
8.788334078862192200e-01
1.992303306842726940e+00
2.882420481825687997e+00
4.481644401450343373e+00
7.687573778349161557e-01
2.924756305620427099e+00
5.520626439260094109e+00
4.335462233070122018e+00
1.283323183271355417e+00
1.661452039089881039e+00
6.114282183640836088e+00
3.316036014317260250e+00
6.528431601660382277e+00
6.254367274547085742e+00
3.168048474928998104e+00
7.290299659715553382e+00
4.855266776687277575e-01
2.828752793034881474e+00
2.783144645283774476e+00
9.479179069999948970e-01
3.695175045845925155e+00
2.018006659500201749e+00
5.484766212301644295e+00
3.519220025228738447e+00
1.441128153043019777e+00
2.770124252704910361e+00
2.394537360844916751e+00
6.771221814466557021e-01
4.764317616485658213e+00
1.437036866378903710e+00
6.317357624887251610e+00
3.889230098185776807e+00
7.893613537389848611e-01
3.318819100040174330e+00
4.994570215627010867e+00
4.045194369779896881e+00
6.695773055522059813e+00
2.406891857423270498e+00
6.836739456669412185e+00
8.228920640824016752e-01
6.340202179865073617e+00
4.864384777284215033e+00
4.583988188137207764e+00
9.028684986762927522e+00
8.308587290013997873e+00
5.893446792069689799e+00
6.300616959430314523e+00
1.383003289816093506e+01
3.029400442691747575e+00
1.214119996507039900e+01
3.576519234986967444e+00
3.489356057409178646e+00
4.491228109420357661e+00
7.778758390454821203e+00
4.417545994809519705e+00
3.794425576871721972e+01
1.885532775993901566e+00
2.541202868663281489e+00
2.392587352188511485e+00
9.241329050331520412e-01
2.757448124939614331e+00
2.922297716624815411e+00
2.684733573342455770e+00
3.617258370036930959e+00
2.922342835394841298e+00
5.583061346898846589e-01
3.234078991148086946e+00
5.008208506188917220e+00
5.911535788438431638e+00
9.995464963666002234e+00
3.557059357218406603e+00
1.069489808542743781e+01
3.388064154473449552e+00
2.127422570231933374e+00
8.215127522133336413e-01
3.129738653588427955e+00
3.663090242995946877e+00
6.499563465635134207e+00
6.250136286446154266e+00
5.841548413885607083e+00
3.071795113716760284e+00
2.412440197043338230e+00
1.986743640625213914e+00
7.738337819312306465e-01
1.693552612766795251e+00
6.809873378260675736e-01
6.373149778816725508e+00
3.436115505162923256e+01
6.353894097959657650e+00
5.506596168733683960e+00
5.536448676368510569e+00
3.319950726193700685e+00
8.331779660174438717e+00
9.772668456729746822e+00
1.001468220726586189e+01
3.445384153213657097e+00
1.116882298719770406e+00
3.763015768226646518e+00
1.867429475249280157e+00
2.716804277770638265e+00
6.444982889437132378e+00
5.661855456602418180e+00
6.142431887779419064e+00
2.936801724391688140e+01
3.658005385700183520e+00
1.901808683550498813e+00
5.492682286092259725e-01
2.568245495016157065e-01
9.232171822902103031e+00
3.361395566397760604e+00
3.240010025496658841e+01
1.137389982333101557e+01
1.785525499846211117e+00
7.332835125573353707e-01
2.361838211221331252e-01
1.089818447479108388e+00
3.896664331770863132e+00
5.778889052220222311e+00
5.952895854425700684e+00
2.764791523419468788e+01
2.032293352857450941e+00
2.160968881212535830e+00
1.350589478819764766e+00
1.834453667892094186e+00
2.727527239457572250e+00
3.401683705048625939e+00
1.616936754269637433e+01
7.212158604913166293e+00
4.652299583611352318e-01
3.467885379060978490e+00
6.419855200687417884e+00
1.962844792260028726e+00
4.641963006920899915e+00
9.385434414309136164e-01
4.645783398687804322e+00
4.899294317097758977e+00
3.383443151557798956e+00
1.637302026283142142e+00
2.343020360671125957e+00
1.615175437035269113e+00
4.211347753417118867e+00
5.643779862775488709e+00
6.046503718653688075e+00
4.039355535228660976e+00
3.747572221584439145e+00
2.969699119209006088e+00
3.836693600140980376e+00
6.101711356613768622e+00
1.485436277966637020e+00
3.540123651962596707e+00
1.105634675543477385e+01
1.139626851222599591e+01
1.076454941725536685e+00
2.947091823589846005e+00
7.827790824883074983e+00
1.725262927809416480e+00
3.816436802411875107e+00
3.610265935749453092e+00
8.775059527375921320e+00
1.502956919474048370e+01
2.198196098380707841e+00
7.748406019704901837e+00
1.564431974099647960e+00
1.077970747972734955e+00
3.019495043406191570e+00
3.412463185202492699e+00
6.666659823922832295e+00
8.746330369587269615e+00
3.760278678706157507e+00
2.655298750736013513e+00
2.517287300660663973e+00
3.672661412322295149e+00
1.244657121281025125e+00
4.892808845857909428e-01
5.153423046856278056e+00
1.137034167978473853e+01
3.598398611096484956e+00
1.952754079800065767e+00
7.895385635117690981e+00
6.901252816542448265e+00
4.778574882449863281e+00
3.647074815782934021e+00
3.501675036185435630e+00
3.287078201133831357e+01
1.415004221243293614e+00
6.794011343098716793e+00
1.634671985666394489e+00
2.734284528205689124e+00
3.331037998966176250e+00
3.841464315368182891e+00
2.177555282462350306e+00
3.110617805202606334e+01
1.610758473680125036e+00
4.593043553127287737e+00
4.500290798014105142e+00
3.452220853661918110e+00
3.785024840693722581e+00
2.844487628038459892e+00
1.450478161658812271e+00
3.220269598705778691e+01
6.002059530641182583e+00
1.073711743061462265e+01
7.193287800109337660e+00
5.048325365993729719e+00
6.654953281734648840e+00
9.099700237551738846e-01
3.532622986180477209e+00
3.149144590349238726e+01
1.612630313397422244e+00
4.609447974125960634e+00
5.063866272744281360e+00
3.453403930655659426e+00
3.695657132051408666e+00
2.845234311106968672e+00
3.910410751090237280e+00
1.451363905852329994e+00
3.333333333333357018e-01
3.287448884310966601e+00
3.161684182767778850e+00
1.171271028006318771e+00
1.119303855075141740e+01
3.106475714456092163e+00
1.449584866363656799e+00
2.159996706404141875e+00
3.148708337246887368e+00
2.159930127876826589e+00
3.252542088826308131e+00
4.639977943424240969e+00
3.057127341505103235e+00
6.834645374092446879e+00
6.967123782430433288e+00
3.627448907320756977e+00
1.982041723066364058e+00
4.461255804825317917e+00
1.061695771610269290e+00
2.250629350964989950e+00
2.220711977765868372e+00
1.735131940741418077e+00
3.086078429579885540e+00
5.815970309476151678e-01
5.068021782238455453e-01
1.423820756176206714e+01
1.140305582331944834e+01
4.169718318228684772e+00
1.790668832809641131e+01
1.485533130367623755e+01
5.839192264356701578e+00
4.478677354200208072e+00
1.320590137321340940e+01
2.003377899157438335e+01
7.648185874683000485e+00
7.839257996438635523e+00
1.801144472777735928e+01
1.070234568815697251e+01
1.586907178658056949e+01
1.160971197945541356e+01
9.860465748545005127e+00
1.299627568600244842e+01
8.140530014589877794e+00
6.251014270249464211e+00
9.430797364849340170e+00
8.241619427800342734e+00
8.082321150673067223e+00
3.107904383381814739e+00
