4.164323642463244823e+00
6.666666666666664298e+00
4.239983119962964508e+00
1.065660643245654349e+01
5.222859693600742759e+00
6.666666666624510462e+00
4.304297147425096171e+00
5.333991060337401002e+00
5.208946785790687706e+00
4.110405904111336106e+00
4.326538519587835196e+00
4.368169258243908004e+00
4.860826439172001301e+00
2.205099933578788640e+00
9.838169253783368262e+00
4.399180414047910936e+00
5.257379281766113799e+00
4.094707250449029168e+00
6.666666666664593954e+00
4.242878811816339635e+00
8.666064135746912589e-01
6.587208245813184426e+00
4.197808162275779686e+00
4.509844033303968658e+00
8.970554341875072168e-01
4.103743041297652105e+00
4.183777535085376087e+00
4.287928860184080371e+00
1.117599149561153693e+00
3.473032172791619132e+00
6.017570024985032795e+00
5.335116689227066722e+00
8.663612113767271694e-01
4.184941516032869124e+00
3.808834848492599789e+00
4.137367498581700609e+00
3.346258171530076542e+00
5.722392322184113311e+00
4.298571652126310205e+00
4.536494430183627635e+00
1.783659112422431692e+00
6.271900507885856513e+00
9.253899270919202280e+00
4.454320743308444186e+00
4.556670935709125736e+00
5.433081677361720985e+00
4.159431814683528295e+00
3.503699600605197251e+00
8.551000425069759103e-01
4.753232453420989323e+00
5.821382553996893527e+00
4.240280501239195310e+00
2.632164856840645939e+00
4.972264178590449113e+00
4.878200490025719205e+00
4.199384859391154912e+00
1.959383119035469578e+00
4.153167147545701710e+00
4.804126097558163444e+00
6.934776875116557271e+00
3.007030546430931484e+00
6.666666666666668739e+00
4.165490635546891696e+00
5.464788191255618877e+00
3.224860924883584889e+00
3.963103836041071304e+00
4.250506977215208870e+00
4.286556150626146255e+00
2.354587900333751094e+00
4.111556567484337954e+00
6.666666666666667851e+00
4.161824512619278771e+00
3.169732684312575710e+00
3.976302432181441304e+00
4.015276989435865751e+00
4.219117504280593067e+00
2.594516139469195792e+00
4.784529247348758396e+00
3.518205629545993585e+00
4.772458431879120333e+00
2.452603987650178397e+00
4.406588278265616943e+00
6.016985906541701290e+00
4.693772589727712052e+00
3.215340562457404072e+00
4.788148402416585014e+00
7.396087128385942400e+00
3.494684003690414098e+00
2.456539376855065626e+00
4.412207128112526355e+00
4.410257287187993036e+00
4.346340511364750192e+00
2.624570235055510015e+00
5.220383838092950590e+00
4.186708234012674446e+00
4.622745501776790888e+00
2.462608430660605308e+00
6.253853945212784815e+00
4.065998988095515188e+00
2.109221568963299376e+01
2.507123401091900572e+00
1.431890160038174598e+00
1.782420894894938712e+00
4.291167168168510848e+00
2.315298270153268501e+00
1.297308282193029072e+00
3.599265027972268882e+00
4.434353450626597137e+00
2.578855109907467469e+00
1.450796903138706684e+00
3.708463026065886847e+00
3.818693579918137626e+00
2.440228575165986680e+00
1.025851032713883226e+00
3.746259411093812108e+00
4.115490787488806923e+00
2.724610715333688038e+00
1.025150026970720774e+00
3.668590932604038013e+00
4.231653197911256825e+00
2.447037601810848173e+00
2.193621888253938668e+00
3.858804605667515375e+00
6.087155219978645171e+00
2.536439436841166017e+00
1.450362514286193116e+00
4.060221121487026075e+00
4.332215385582598444e+00
2.863123209375528777e+00
2.025082657702365285e+00
4.381761151029916590e+00
4.097364331410546789e+00
2.583796614545132542e+00
1.688809976008627700e+00
4.222334882232381403e+00
3.714670991522147858e+00
2.452137889753126299e+00
2.517012361161841572e+00
8.283578194692315932e+00
4.339452380471286119e+00
6.202612148236698042e-01
6.459093129882174544e+00
4.199627215875554320e+00
4.599534838840575901e+00
6.086610530229652483e-01
2.986495892208329561e+00
4.135962000029002716e+00
1.391750916602474142e+01
1.642507620212586561e+00
7.259794594070522189e-01
4.018114162626422292e+00
1.374891856062650852e+01
7.431308672050919162e-01
2.955330015753418138e+00
6.666666666666668739e+00
4.122020800929280249e+00
7.017377270254142596e-01
4.349827230666716282e+00
6.120028854096485560e+00
4.433301743813200524e+00
1.783773337185785790e+00
4.118860245262369268e+00
4.024962156434259697e+00
1.032956182303335524e+00
7.530121495337779303e-01
4.692443755401771277e+00
6.666666666666664298e+00
4.220190394344187190e+00
1.469393618947976377e+00
3.875169226108083453e+00
3.310130850510825784e+00
3.966060920315973792e+00
6.632422762274442496e-01
3.868554153359392789e+00
3.251881817726361756e+00
4.821464807152359811e+00
1.468382072623388268e+00
4.076642696093359497e+00
2.372165064879548257e+00
6.150398902440914917e+00
7.027743256226118840e-01
7.053760779743166731e-01
4.143444671855166739e+00
4.658827614816251739e+00
1.780750682680891428e+00
4.383805150561101982e-01
1.686738178404626254e+00
2.952948726958244396e+00
3.887665688756764548e-01
5.902555845316636018e-01
3.379884252673338363e+00
3.806207735408887682e+00
1.111596680922151803e+00
3.894612830643424672e-01
2.018110140290900745e-01
3.718633991383426984e+00
1.057960606967127459e+00
2.045285252795842723e+00
6.668140025717690378e-01
3.245036087737493968e+00
1.189810181743497397e+00
7.568309026931387962e-01
9.770744074568445126e-02
3.017628516016351625e+00
2.172846433343994743e+00
1.839230016833369064e+00
3.997043875456974149e+00
3.993854478367685701e+00
1.325490970258509593e+00
8.675230730317906591e-01
4.776167174624512235e+00
4.165754227086797101e+00
2.533895991939647985e+00
1.803905138567003519e+00
3.977943321922661202e+00
3.556685779515382340e+00
1.500453063456804514e+00
6.156758410456196762e-01
2.698856371412015509e+00
7.859526778809140524e-01
6.429070756850853163e-01
1.154577979197336957e+00
4.063356860196994269e+00
4.641975551936869060e+00
1.588444496977908571e+00
1.094345542156623052e+00
3.406659357439567604e+00
4.517007956230911780e+00
6.233065590714096382e-01
1.499415040452754200e+00
3.346993843406844693e+00
4.064348166626406744e+00
1.595413193425873954e+00
1.153510037595101068e+00
2.817430911957217177e-01
3.723389513517787464e+00
1.206872893213005726e+00
1.575024660486362249e+00
2.682552692798140015e+00
4.064859269444784040e+00
1.604884152949797027e+00
1.183346022652085994e+00
2.050321086447108032e-01
3.393812489544634659e+00
1.220095754034113966e+00
2.644785903797148396e+00
4.145293598086670528e+00
4.104759068557145341e+00
3.217468008652814571e-01
1.596313434720314062e+00
3.543121291754574909e+00
4.352518133855880045e+00
1.280795529029203239e+00
2.592780053628702230e+00
4.023017009203147865e+00
6.098489716268548300e+00
1.044627577201262314e+00
2.893012664459244210e+00
3.737821569906261576e+00
3.465154495760041531e+00
1.634036072038176357e+00
4.272164602948447798e-01
3.801166539112159626e-01
3.718050686737626620e+00
1.152734875591383101e+00
3.261859252995385816e+00
2.256065596730481904e+00
3.553536536584724903e+00
3.022401277412438247e+00
2.489656280708048453e+00
1.295826755849198264e+00
3.507080344498034297e+00
1.257196710873424550e+00
2.857998609270735901e+00
6.150688409982217886e-01
1.178931333166157058e+00
2.561790208344945974e+00
1.802211211637010591e+00
7.042177689815076747e-01
3.533821402900022779e+00
6.450157011946622276e-01
6.477145514810090710e+00
4.237089698642698465e+00
5.044733755414125831e+00
8.491377858458406536e-01
3.666997866154957819e+00
4.447426198219299742e+00
4.342638047314341776e+00
7.752293415340479887e-01
2.874617638553156329e+00
6.545003625713671447e+00
4.138265406072104469e+00
2.693135336930149393e+00
3.570941488780022155e+00
6.529852293923748441e+00
4.288463164369578529e+00
5.751643489404791865e-01
3.733187465103695590e+00
4.699798301482339902e+00
4.647264127298453396e+00
9.129631448464579080e-01
3.772076654980725863e+00
6.559179527621227912e+00
4.380466271520341515e+00
7.568690158155485515e-01
4.124970799351443951e+00
6.439779573952584713e+00
4.108172785808480221e+00
8.080124428941791725e-01
3.606369670043079623e+00
3.114884876468352104e+00
4.109960636498613873e+00
6.524312090583291868e-01
4.189403912813570052e+00
3.420560524606093278e+00
3.345234722005190786e+00
8.363245512863386466e-01
3.891240890549587217e+00
2.340672677006784053e+00
6.670621011614914941e+00
7.693205176262173373e-01
2.314437295159118779e+00
3.986187656411798397e+00
4.668487370077458287e+00
1.217518386916097484e+00
7.464742053475651451e-01
3.473408612786291538e+00
4.736569076997890981e+00
5.490611915861649095e+00
2.192746584951320354e+00
6.266276317804813978e+00
3.810913961226540803e+00
8.661572162475911218e-01
7.215547887411281058e-01
5.510427408949283290e-01
3.566330573073923205e+00
5.625874231074400322e-01
2.367128030804529715e+00
2.810305122516604914e+00
3.950729472136915721e+00
9.767548643724334179e-01
1.906979887745450242e-01
5.385541930082098361e-01
3.314887717630475183e+00
9.611002095946759027e-01
9.015533890427912533e-01
4.747202958432307440e+00
4.221196210533247672e+00
8.770191031184069175e-01
8.880372757008695439e-01
4.058957863540938682e+00
4.135212171098774370e+00
1.050784427353974593e+00
8.907602867072839103e-01
4.735063522404309388e+00
6.616673448864060170e+00
7.958945519489013520e-01
9.725820711521606654e-01
2.809409145098960892e+00
1.952883156948260535e+00
9.682524065534039437e-01
3.091518256890775529e+00
4.172652167308097404e+00
4.415649593841719955e+00
1.060792373495679897e+00
1.210590912624461168e+00
3.428021726197513885e+00
4.681431606848104998e+00
5.623360232380164803e+00
1.535394564059232581e+00
6.421430336474133860e+00
3.978253107373598940e+00
1.295728760910002109e+00
1.350420672680570533e+00
2.666501878321644536e+00
3.791923899930615960e+00
7.548229619835543636e-01
9.048514856165006393e-01
3.058605139394705130e+00
4.121974491378797900e+00
1.484011740062517903e+00
2.913254553955447079e+00
2.677265366869244989e+00
6.010612359513923586e+00
6.413497511029125908e-01
1.130580646625748642e+00
3.242413415035630297e+00
4.109369794141882970e+00
8.127656366504775187e-01
1.238414432091851980e+00
3.050160608652211724e+00
5.873780431428190063e+00
7.823550680159906401e-01
2.324509714968014062e+00
4.183519909310234652e+00
4.282850733397932430e+00
8.326401722106488990e-01
1.506036771642558447e+00
3.708516551326681565e+00
2.393499509544056991e+00
4.766166793911175148e-01
3.247100030374310276e+00
4.670637424030843476e+00
4.466233014671550983e+00
1.133267005810646877e+00
3.184628161378491029e+00
3.585315939592845780e+00
3.894989412433872644e+00
1.302798152084915673e+00
4.382596131106689802e-02
8.995618263872179332e-01
3.485762914733717910e+00
1.058732880438678192e+00
3.253024318866890585e+00
3.753085482169640219e+00
2.820996889504527871e-01
8.906137437257891643e-01
2.646708617028572519e+00
6.269513849779381198e-01
4.137584868461011922e+00
2.794765854699202023e+00
2.187677100960276011e+00
4.140032030401708418e+00
4.348751540271233118e+00
1.502087037696782090e+00
8.459713923365009824e-01
4.144893011431314278e+00
3.387002492127525244e+01
2.615649688094357828e+00
1.823100749911076290e+00
4.121193456308410497e+00
3.346145981246943624e+00
1.496337763732043413e+00
8.405397780731327373e-01
1.241415314529907166e+00
3.386014737193467994e+01
2.094424848153342733e+00
2.183289946169764573e+00
2.316406545390198968e+00
3.325759704538512551e+00
2.082852887935786157e+00
2.018532389961543050e+00
1.169471608366715598e+00
4.748873601890864826e+00
7.349278413901458862e-01
1.367354054393537410e+00
3.208351471242283370e+00
3.932555302803130370e+00
3.954738727873925885e+00
1.176572760976533516e+00
1.589918054068031550e+00
5.218754421225422213e+00
2.965168339502312733e+00
1.380121001535275171e+00
3.399181180878533493e+00
4.247270422543569346e+00
2.106340122318385966e+00
2.032128906409059965e+00
2.864093716133934375e+00
9.775734189088183257e-01
2.052614490182084861e+00
9.985049589908765455e-01
2.250258662672843801e+00
4.437005204887024767e+00
1.582422325416625197e+00
1.052247219584568017e+00
2.617045758500592623e+00
3.111674712824859856e+00
1.307797006504384685e+00
3.438186218349198242e+00
1.177814955167159949e+00
3.365427889447646592e+00
1.071180415812193587e+00
1.348631060199776854e+00
2.444432466983677443e+00
3.721174927928909137e-01
5.495192834488046962e+00
1.297258649811048103e+00
1.233196039743257755e+00
1.626061780733905948e+00
1.935547644954577207e+00
1.119808543348652208e+00
2.829499505930795689e+00
1.339012390787208595e+01
1.517202500087999395e+00
1.510907645297785207e+00
2.788529508007247415e+00
3.341369489027802953e+00
5.513122116932119177e+00
3.329173850759879372e+00
1.162296965497829460e+00
1.894000959487774916e+00
1.560414273663677021e+00
1.363776168681834378e+00
1.314857068806175588e+00
3.549759938421601646e-01
1.898220512279986449e+00
1.323314790909877914e+00
1.356856407140679011e+00
2.194164051462780041e+00
5.773610337316289254e+00
1.328708026118152974e+00
2.983778468730169831e+00
2.606564462472265920e+00
2.396598264805630318e+00
6.619247051226646583e+00
4.078304513288706801e+00
4.731494728479655798e+00
2.513304129581252599e+00
3.698355484883142363e+00
3.912658133725614107e+00
4.436782938060995995e+00
2.239725590435867275e+00
2.944845622150263242e+00
6.522116062523157787e+00
4.063943907492698848e+00
2.233124716096575924e+00
3.732300289794489689e+00
6.268028442967249703e+00
5.212432498118175772e+00
2.828768547251537147e+00
4.810499483249962793e+00
4.425534677641205228e+00
5.114794181995054423e+00
2.436680351745712070e+00
3.986964586175615555e+00
6.821061051196643632e+00
4.390739319058412526e+00
1.841137826881767525e+00
4.618730030454496038e+00
8.492742305973548511e+00
3.857013609982753000e+00
2.636446259395517355e+00
4.030463227939588222e+00
3.727950725545326804e+00
4.257026227585376965e+00
2.984176932837437679e+00
4.918731455614203441e+00
4.087500921310497581e+00
4.044893004243740542e+00
2.325737564398293156e+00
3.946946587514464255e+00
2.133492295958523410e+00
6.234000746904740708e+00
2.221882968346584164e+00
2.508071897802556460e+00
4.036863947330819435e+00
6.245298770819903922e+00
3.169408899286603631e+00
5.028212507294588240e-01
3.340669064994889581e+00
2.430104681840239422e+00
9.612706822265408846e-01
2.557473997845922664e+00
4.120714852369931513e+00
3.318338819882465263e+00
1.761634149822451034e+00
2.488130627897641833e+00
1.139156460355043921e+00
3.612551831523783452e+00
9.820612634264828111e-01
2.556650539366079666e+00
9.484373631830939066e-01
3.318142146023224992e+00
6.163016685008125828e-01
1.073151375232839655e+00
3.592870899051945344e-01
5.963481838725374296e+00
2.582596529522111606e+00
1.390512363398201501e+00
1.520382978866024359e+00
3.666440278916137885e+00
1.686225803762795294e+00
1.866395986553468278e+00
2.656560379483393408e+00
3.819902475735337699e+00
1.243036179167956279e+00
2.252037416973673434e+00
6.289977954672765215e+00
1.109863855728601756e+01
1.338782541303610740e+00
2.437527513692970160e+00
6.416499220688638871e+00
1.934472589382636443e+00
1.818084978635023274e+00
1.326236021655366359e+00
4.120027130651304326e+00
4.333641302989636124e+00
2.245986889482656235e+00
2.587141658228047536e+00
3.406379037589756020e+00
3.658333834132674323e+00
1.682352807872883771e+00
1.948108491835730094e+00
6.666666666366059424e+00
4.124243915347669542e+00
2.177432451463237495e+00
1.810567406743827545e+00
1.180152691220660133e+00
3.629409498790256539e+00
2.115939138596928615e+00
3.897419939296129510e+00
4.629896736218853448e+00
5.209341279311435535e+00
1.851609091240436156e+00
2.115943645925418171e+00
2.345055329664058608e+00
4.188677536260217771e+00
2.059497561245561936e+00
2.311167093565855257e+00
5.107180468944647167e+00
4.165788617313959996e+00
2.014575574115333723e+00
1.934983118043003714e+00
5.723773076391107217e+00
3.777944312068692856e+00
2.038662240289257799e+00
3.845281423358452688e+00
7.208358652498890962e+00
6.423419398996489171e+00
4.355840414535809835e+00
4.005957487435412467e+00
4.962567491089514782e+00
3.431623728018981634e+00
3.050552989696200257e+00
1.266881121379250574e+00
3.649153059462975079e-01
4.409999554648655895e+00
5.836007973670191973e-01
1.406030370524385065e+00
3.452613333763736136e+00
1.826459054818556638e-01
1.255041024941988326e+00
1.426885917921763225e+00
9.416253347505119109e-01
3.216381100509141167e+00
8.233589960847685907e-01
1.062075898176432220e+00
8.246459282321035866e-01
1.038024018323326914e+00
1.982381058408819285e+00
1.153355020829880173e+00
3.815024153371855964e-01
2.525602754521750537e+00
3.615301652392375331e+00
8.874743004679229719e-01
4.975265303576382969e+00
4.211811344510437038e+00
1.034860770158805510e+00
1.951764241892758989e+00
3.596030370471778426e+00
3.620716945296853950e+00
3.561872013555321015e+00
1.363591230579385583e+00
4.976528617245141284e+00
4.061716249726572414e+00
2.995452210500971546e+00
2.079263258499878475e+00
4.991812129332420800e-01
3.841229765234771776e+00
3.549462681415633369e+00
1.785744465018108684e-01
3.623863397412184550e+00
3.275616981042883680e+00
1.017320341775137083e+00
1.950317970471568740e+00
3.378895633817222688e-01
4.481553612639149975e+00
3.636146737360116621e+00
1.230440415056005987e+00
5.440732261359796373e-01
4.006838733551234988e+00
3.471350627674004041e+00
3.037567919680543294e-01
1.609871274417134401e+00
1.414570897659378490e+00
3.565878669212759977e+00
1.026191265324086332e+00
8.778692809914568906e-01
5.062050994871982290e+00
3.516657836513909619e+00
1.581105001240338481e+00
7.851383654301334891e-01
2.218895889283070577e+00
1.066410168851940510e+00
2.020320370386049280e+00
1.503004141425485329e+00
1.308154109151546685e+01
1.169667536401054919e+00
8.261731576543507316e-01
1.871589382622000697e+00
4.064216784509906977e-01
9.924206393333273590e-01
1.826042687366265183e+00
2.424358743086349133e+00
4.045178976812755955e+00
1.162360682853538663e+00
2.001319281119994020e+00
3.146922396092028062e+00
1.402678997530240279e+00
2.369106563619465700e+00
1.152374001037238971e+00
1.249739959974149883e+00
2.356377565418822595e+00
1.008122411871025692e+00
1.948340583823274796e+00
2.035828981076813537e+00
3.604702837821321282e+00
1.042682651679354366e+00
1.251276478193698694e+00
2.007328700913345809e+00
8.037049488145164844e-01
9.915134503620729456e-01
9.053917755120266975e+00
2.341256973280753328e+00
4.171149865844264504e+00
1.020459155819705588e+00
1.948299301648308557e+00
2.379004054784103150e+00
3.649361410274802320e-01
1.795283607126630043e+00
2.013581927657261073e+00
1.967721228806529554e+00
9.299663406141611688e-01
9.800739587221490856e-01
1.873018820786001681e+00
2.676778606626136980e+00
2.785952614112853443e+00
3.567760707674471288e+00
1.737603105560707961e+00
4.365098272375452559e+00
4.939250822096916238e+00
2.428133103238458546e+00
1.232888928575039955e+00
4.255877702762585812e+00
4.068142071277256910e+00
3.563385580463636071e+00
3.561349691747940138e+00
4.755995437966787698e+00
4.280489902195938612e+00
3.766350560517418788e+00
3.200638273503992881e+00
1.999108183018383444e+00
3.923081223340368240e+00
3.569671196320120199e+00
3.561067717990577197e+00
3.727553190197146815e+00
3.928157648749985409e+00
2.513008945310495790e+00
2.732375617112495547e+00
3.038068409384374835e+00
3.082591371902264399e+00
3.575611699191815429e+00
3.563218511651948806e+00
1.549787623797269420e+00
4.736564613210009433e+00
3.139925002192867964e+00
1.525814985234011489e+00
1.989807677364742178e+00
4.579017073428521378e+00
3.558538442548036418e+00
3.564935900337653951e+00
1.551412213460463763e+00
4.854060889162211900e+00
3.574326396440265174e+00
3.572279133113738681e+00
8.777199863799319823e-01
2.229643341238732202e+00
2.556510726541266987e+00
3.333929947515789749e+00
2.529505549687639299e+00
2.401595186238884239e+00
2.350186176014491313e+00
2.522844411003319465e+00
1.326001103546656568e+00
3.709215363696827694e+00
2.836047960542515511e+00
1.458578378913851337e+00
2.518751685784963001e+00
4.186609944728378885e+00
1.228366452349308302e+00
3.348758549323453071e+00
2.516117516670353549e+00
1.143687793526737551e+00
2.462157236560822415e+00
3.002911053479399239e+00
1.525513603965677589e+00
1.438836922419557851e+00
2.979116758051697733e+00
1.476209171366747341e+00
2.376044631663665196e+00
4.457503939347673416e+00
2.087906226322670644e+00
1.204211678902410654e+00
1.386629995224452072e+00
4.043159906581981211e+00
2.850524401870136781e+00
3.287152627698437524e+00
2.591107106144143302e+00
2.525438204963302624e+00
2.709455228640450741e+00
1.653826661520535479e+00
1.719096550999341444e+00
3.575204346499134545e-01
2.470292066253025443e+00
1.514374989646446013e+00
1.974972658450294460e+00
5.423138942498820114e+00
2.418331093368905726e+00
3.353239802987862728e+00
2.545783311392854298e+00
2.520160554728855917e+00
3.723580853798646562e+00
2.516845012051732056e+00
1.965578074616920690e+00
1.300324830438782442e+01
3.657076301613839231e+00
2.852085957501136360e+00
1.080033415901575422e+00
5.808955270483787681e-01
3.704415600684915599e+00
2.490287349878987921e+00
1.194278214061490928e+00
3.769324905454757957e+00
3.762472857525153813e+00
2.664277382592075583e+00
5.690978383050765643e+00
2.167515741107777671e+00
1.899699661433388087e+00
1.569286675020502342e+00
5.371776541695391094e-01
2.551115984477631660e+00
3.752223054786767875e+00
2.347216564149638085e+00
1.027190854292325595e+00
3.859944543162565078e-01
4.515233848530844973e+00
1.788445154449910035e+00
1.180846225533507265e+00
2.645976666094232765e+00
