5.223211034227424499e+00
3.331231583551959030e+00
9.813612775080516215e+00
4.787125491181228654e+00
5.130917394217029859e+00
6.873372891346013480e-01
4.041895146770163372e+00
6.666666666666667851e+00
4.194896318969717264e+00
4.411073851803831047e+00
3.131135661635639167e+00
5.516232129880013879e+00
9.726146606946057815e+00
3.517547842541044023e+00
5.066692150872264655e+00
3.135810580469836850e+00
5.568549668969087207e+00
4.932484067463652089e+00
4.929578254287311445e+00
4.446285476317154206e+00
2.017676046811203605e+00
4.406770763044382200e+00
4.461834379602862555e+00
6.898422433133621468e+00
4.515184962231701071e+00
3.131994950544751077e+00
5.553076834220642688e+00
2.443619196286159312e+00
7.394321440520212896e+00
4.489658850547129987e+00
3.028994796517405774e+00
2.373259515436809242e+00
6.666666666666664298e+00
4.220932870536619141e+00
5.515809525825045689e+00
2.920143419125952988e+00
5.886403320110530579e+00
9.479876811024537275e+00
3.386395416904311784e+00
8.176254994207369009e+00
3.210885144115849243e+00
4.781914898728708785e+00
2.435712650000169788e+00
5.006702003222859965e+00
3.152183512450923430e+00
2.455448941093192783e+00
6.253820608975861894e+00
4.062302957957816041e+00
6.016380283094719061e+00
4.698150596528781087e+00
2.596301648323947830e+00
4.780199227693892716e+00
3.333049707426473329e+00
9.800707273315291346e+00
4.701580366341555184e+00
2.617135542134756410e+00
1.706165686067947718e+00
3.980360009869541305e+00
1.768275292938677579e+00
8.651886351113108331e-01
2.559676941962661711e+00
2.517403422986092210e+00
4.079505067763776083e+00
1.768488385996042966e+00
1.164218163229346281e+01
2.321103737852452387e+00
1.339341701915879979e+00
3.567631352719303095e+00
6.449520222155560312e+00
4.345159113302749176e+00
2.648631163548067491e+00
1.433763400123183374e+00
4.366914260276392845e+00
2.110551991616726397e+01
1.773324263157645575e+00
2.932734227391978976e+00
2.999332879570128174e+00
4.609646593915349477e+00
2.129730317138184503e+00
4.795835778210724598e+00
2.773366798545955358e+00
2.472475720863123172e+00
5.091248567422177018e+00
9.139541153998019141e+00
1.168082750220756028e+00
2.683737840085297588e+00
3.518796736989945995e+00
4.468543537721415326e+00
3.824847299068036222e+00
2.067521562904139021e+00
3.363654817726358548e+00
1.696739235945003088e+00
6.246962119037867467e+00
4.056101660733077097e+00
4.339310513147791148e+00
2.888850957551312604e+00
2.098981626380009402e+00
4.549494925903197817e+00
4.483268761748803399e+00
2.169740135975031681e+00
3.373203059247413815e+00
1.704720546521699021e+00
4.261433135907775061e+00
4.084704588589981533e+00
6.666666666666664298e+00
6.077651968680944927e-01
3.804563514570598048e+00
6.516631866908142889e+00
4.675735778786768826e+00
4.824963967542450050e+00
1.142311076788028457e+00
5.043104996298342080e+00
6.666666666643529027e+00
4.276043892478344155e+00
4.995273502098691587e+00
1.405693078694581599e+00
4.894227229524897638e+00
4.915168521966355009e+00
6.181331769899606421e+00
4.330939667157717388e+00
1.884540418285611807e+00
4.736681157552216526e+00
4.670261925200331454e+00
6.666666666666668739e+00
4.221165562092313195e+00
1.577216051421250542e+00
5.057605915331788715e+00
4.717783822626624435e+00
9.112260067180196543e+00
4.311784310730999437e+00
1.101736785715141664e+00
6.904132118522596784e-01
6.019076340810680215e+00
4.203401222308137619e+00
1.073810381350421217e+01
9.881714740244653683e-01
4.760148741588707821e-01
2.058588946206005854e+00
4.532405985958178007e+00
3.396230932881874054e+01
1.170740850512987263e+00
8.669925261594831900e-01
1.287314454815070119e+00
3.483186935392911465e+00
4.217777539369659934e+00
1.309105160497798126e+00
8.505460084702155532e-01
3.490390546690520068e+00
6.020686018435722708e+00
4.207122374399737907e+00
1.592116173428761883e+00
3.323785494745246982e+00
5.612210590890017947e+00
4.294106926498820087e+00
4.467546919011920359e+00
2.632544798258851682e+00
2.519915489076813397e+00
4.401950255272851997e+00
6.088619340290162718e+00
4.276852347151950617e+00
1.250658139488638909e+00
3.365588786992475434e+00
5.724020484945486764e+00
6.666666666665842733e+00
4.293470709344627601e+00
4.810960825941895114e-01
4.546465706425095732e-01
4.145191886182281849e+00
3.734711044642850197e+00
4.074610018691731561e+00
1.439338759733667317e+00
7.603959805332370925e-01
4.958094997315850350e+00
4.886811467680648668e+00
4.168335903019108279e+00
1.903625317022669350e+00
1.727750531369314446e+00
3.979680599862208457e+00
3.705279458019219874e+00
9.360811110542375246e+00
1.204122877337512110e+00
2.353020587494692339e+00
6.155763661713152146e+00
4.003449880204276390e+00
4.144838813152576407e+00
8.797300341988426586e-01
1.333347180263213971e+00
2.794525604232660498e+00
4.257838127671491613e+00
4.503286523953561549e+00
7.969535609267553999e-01
2.279684232313913927e+00
2.534458176084493974e+00
3.412012343406514159e+00
4.718039767380681759e+00
5.261915832599584064e-01
2.766537131162161156e+00
2.435867764322802831e+00
3.292320816961500807e+00
4.137654419111598258e+00
2.890656214634523824e+00
2.407285122039279912e+00
4.214213883718801235e+00
4.733936047219192922e+00
4.299814231864092839e+00
1.819970968904348396e+00
2.454409833678964592e+00
8.092048413348514657e+00
6.357270163328800017e+00
4.362883355501007365e+00
6.339712173153758679e-01
2.423438031910022605e+00
6.154245572648401996e+00
6.133252904852287912e+00
1.846322973137028756e+00
3.635164774895315531e+00
2.665533073074771497e+00
4.204351350027260459e+00
3.785463734132610281e+00
4.137669623701127897e+00
5.355185193697611368e-01
2.145256935161647505e+00
4.118020916261524000e+00
5.973663557147972369e+00
6.169047460368422442e+00
1.770650038450120034e+00
2.609563618331834700e+00
4.063248312353361591e+00
3.645082296954043954e+00
9.132444397892689025e+00
1.101676842396176470e+00
2.419820348888626516e+00
1.339102612426003702e+00
3.692603020916064960e+00
4.088394187639798893e+00
1.432625006992639838e+00
1.820425116674288857e+00
4.656891811832650774e-01
3.627879344049739441e+00
4.985057745673317164e+00
1.483260724494700256e+00
2.447510383381727994e+00
2.195892276638498064e+00
3.614078855597028905e+00
3.741907912811269998e+00
1.272278235748681041e+00
1.078553406965869099e+00
1.119660405099291323e+00
2.703106493253822240e+00
3.704747193327554644e+00
1.096100883156555739e+00
1.003642540253583348e+00
2.873565802528285640e-01
2.963569857385138562e+00
5.550467106576331133e+00
1.198463195282387206e+00
3.010168032215319922e+00
1.118010875419727768e+00
2.701665195526336216e+00
2.059063070224582859e+01
1.369567438896516220e+00
2.849707589524381746e+00
1.117782674764977058e+00
3.970802726682838735e+00
1.147127026631345892e+01
1.425315264143289795e-01
2.371335071555131346e+00
1.457440110639131037e+00
4.147735017571259952e+00
3.843836132711659470e+00
2.863145019609494857e-01
2.206022757057629402e+00
1.215802523241005018e+00
5.369434018556450638e+00
6.110993056750658070e+00
1.138485722805567590e+00
2.071417785767275088e+00
1.918025836977941934e+00
3.718865799145531614e+00
2.946611424488518427e+00
6.730078469362604787e-01
3.972915555972472479e+00
6.593845218875840963e+00
4.573792875013986681e+00
4.804810919152999737e+00
1.943011403525432002e+00
5.154887825443068117e+00
6.666666666666665186e+00
4.278754845619737068e+00
5.489037836173177531e+00
6.069697715150432771e-01
4.487673266294375907e+00
4.752554874260042084e+00
3.970476906611215551e+00
4.454446465476027406e+00
9.175260442674778583e-01
4.452374156490701118e+00
2.973999536319908543e+00
1.013281415084279757e+01
4.238176466839726153e+00
8.521375892356317650e-01
4.673874864746721869e+00
4.537756549387718330e+00
7.014114387978296783e+00
4.407344255769139352e+00
2.049118187117038303e+00
9.035734800106377529e-01
6.562960161561423256e+00
6.121729084272463872e+00
1.098874312955198640e+01
5.466710625281379521e+00
1.753579182790583557e+00
4.041685335111395716e+00
4.315085634674090898e+00
4.417844243831260620e+00
1.421865334643690915e+00
5.593167381917965031e-01
1.349936358962262828e+00
3.536741643843402283e+00
4.518293045068389802e+00
1.116648785460441218e+00
1.379217934633724552e+00
3.578029922802684837e+00
6.219621597376437272e+00
4.019025078126136741e+00
9.801555309588773079e-01
7.860661809054244609e-01
4.896677511602867128e+00
4.237206902978976508e+00
4.324019082932067271e+00
6.024663972071001572e-01
1.720372414355637147e+00
8.308602988298410708e+00
6.655778645113410441e+00
4.693585289610703093e+00
2.234195306047813911e+00
2.255722292419920283e+00
4.023220096370910603e+00
6.666666666666664298e+00
4.294705846994150811e+00
9.957763655094590272e-01
8.719355392200208721e-01
4.757130258089337538e+00
4.733284284376765072e+00
4.241849236691423108e+00
1.940592653725812911e+00
7.422503340561638074e-01
4.877745817429098629e+00
4.899034610057181105e+00
6.180378659896947902e+00
2.052336861323477368e+00
8.628097786826671722e-01
4.739131146849028475e+00
4.644676943824293858e+00
6.666666666666666963e+00
1.895052566408852668e+00
4.080865809286737256e-01
1.839735098632959032e+00
4.230894990381762533e+00
1.094816050762824489e+01
8.525944931954162476e-01
1.090589446472070678e+00
5.642960103091430035e+00
4.617208835526736443e+00
4.479922507564265466e+00
1.464022557597125740e+00
2.752132244077901024e+00
2.177031621189305266e+00
5.920251641795061026e+00
4.753716937025291855e+00
9.641823511660400081e-01
6.407616648609403276e-01
3.449649735373810699e+00
6.467344397263484090e+00
4.188998551290918471e+00
2.100919751506163724e+00
2.603264877780028907e+00
5.203025145785680650e+00
4.304991765918629198e+00
8.196683316020928700e+00
5.823775544521652137e-01
2.544424109162584102e+00
8.280337864737155940e+00
6.666666666569729394e+00
4.339210629512609607e+00
5.179615931048171085e+00
2.622622235831169490e+00
5.219577081000846164e+00
9.465880340794115000e+00
4.303130735617305191e+00
8.734027658997121080e-01
1.629263206500458638e+00
3.753510325775315071e+00
2.325807910088121044e+00
4.168968581644095117e+00
8.196764890834913331e-01
1.529980372508113362e+00
4.020770620748123747e+00
5.901988601320515393e+00
6.150853309266025803e+00
9.375496359450892214e-01
1.752321290449090130e+00
4.321935906987370402e+00
2.126222191714485010e+00
6.305803637924822347e+00
1.315314806716145313e+00
3.579931749310864664e+00
1.365894407451944348e+00
3.931694057443233081e+00
4.182223713136210108e+00
1.682833800026337201e+00
2.447301588315841769e+00
7.825272480081603144e-01
6.142481505661872454e+00
4.293275082577101109e+00
2.166787831812416076e+00
2.311923976464433483e+00
1.185880782098443831e+00
2.125384957097155691e+01
3.894614013374969375e+00
1.263167682385597290e+00
3.263738236387961678e+00
3.764258759440269220e+00
1.159290219059367216e-01
2.360365282330377568e+00
1.330937783562743393e+00
2.522868966077093655e-01
4.017228899907185458e+00
2.117210358815531546e+00
4.225277235660390041e+00
1.305526630556480994e+00
1.284820072288198389e+00
4.041088335034193624e-01
4.239333819937769476e-01
3.432653975071558339e+00
1.209291431601201339e+00
2.312795258838387102e+00
1.103648253326009465e+00
5.607349413551776962e+00
4.285609149853267574e+00
8.410453776597132114e-01
2.847944583881634628e+00
8.812837174135074170e-01
4.163898711861503621e+00
4.851861570274668800e+00
7.947602264321768084e-01
2.363511558665778889e+00
1.419228902570755624e+00
3.951607689271367629e+00
6.254045433947318600e+00
1.687466384270796427e+00
2.668914806689487218e+00
1.948968286623416757e-01
4.161761337981488396e+00
3.607362229120084862e+00
5.038307504629652378e+00
4.009156503690221030e-01
6.666666666666657193e+00
4.111569259565784229e+00
4.761722909132714676e+00
3.223449774719231886e+00
1.365195351868624174e+00
2.777706755313450682e+00
4.196730786438993555e+00
4.097751846252168484e+00
1.236866776332201878e+00
1.828007224874311776e+00
1.115622845282577602e+00
6.571489429669973958e+00
3.832793728268514055e+00
2.075117835873129479e+00
7.701474019000889903e+00
2.659814945789032326e+00
6.648142600383550871e+00
3.359988470708117347e+00
7.960286239987320878e-01
8.385424843541388062e-01
2.545095745883799054e+00
4.534351097025756339e+00
4.629715025610342316e+00
3.263567898406615764e-01
1.129574479701269896e+00
3.619312363668028443e+00
6.409542055504886982e+00
4.140990928140100280e+00
7.092810944932637085e-01
7.215673839417426905e-01
3.418248026141297746e+00
4.386358237838029694e+00
4.204521092347356159e+00
2.951854929731465571e+00
1.447021047863197962e+00
3.514272143225488865e+00
4.080264612259393964e+00
3.848571570060441704e+00
2.962223626972940504e+00
3.261588924080170315e+00
5.174080975239725433e+00
3.583585490536895346e+00
5.224698208823174816e+00
2.968768151508695663e+00
1.528128269301988196e+00
3.639107621765639067e+00
4.111290982792610293e+00
6.303404441468823727e+00
1.640587047866565173e+00
2.335382480093237234e+00
2.651370758416845774e+00
4.420272172905960417e+00
3.371226040102008881e+01
1.224436848756653262e+00
1.066021803162726656e+00
2.128582141332456157e+00
3.399570123799090737e+00
4.482384148493828491e+00
1.603038877918161687e+00
1.110286920685845002e+00
2.681789477289318935e+00
3.329524799432075355e+00
3.217930272489733401e+00
2.037955630188662326e+00
9.397565744193047133e-01
2.082283876909175380e+00
3.784148159852994131e-01
2.402933882550429612e+00
1.631908388783074315e+00
1.510293104915111373e+00
1.169388848198603226e+00
6.618580916752326848e-01
3.137133025450528745e+00
1.292346519723970744e+00
1.288399023212418060e+00
1.254244765335637224e+00
3.639301447352399355e-01
3.441752881628358463e+00
9.172050329427369197e-01
1.585543897440970795e+00
1.840250004968500830e-01
7.261785746771872718e-01
3.689014844438541108e+00
4.910932009833809953e-01
6.616180310385187946e-01
1.393210549508488327e+00
1.242094138570012829e+00
2.612182739819729704e+00
1.254517176475374640e+00
1.621334534901656355e+00
2.857717495950803932e-01
3.619892569119060877e+00
3.467698290982607290e+00
1.560822964797722534e+00
1.773750213023942424e+00
9.297537142890727191e-01
1.960759243956713194e+00
6.519500573772821772e-01
1.644363733506404968e+00
1.028721332276140599e+00
2.621882347222425746e+00
4.111616844257455661e+00
3.377843124328341418e+01
1.201435528316591617e+00
1.479597491110742569e+00
1.003728150076948822e+00
3.403469161169291990e+00
4.497300731211082869e+00
1.642428472871803935e+00
7.281372333038701461e-01
2.757584669280010559e+00
5.481178821893421649e+00
3.873817085143288264e+00
1.840021247494860290e+00
1.166437511771294622e+00
1.063298664298495622e+00
4.252717289665876588e-01
3.678515607343069149e+00
1.623618667518321956e+00
9.810212714396472355e-01
1.400268745102388523e+00
2.018935057325260463e+00
3.480960592239625839e+00
1.229957392987074627e+00
1.333158617234034837e+00
2.181941790298111528e+00
3.578594314779337537e-01
5.333767126207334286e+00
9.645848080567370753e-01
6.066087081016924287e-01
1.258461812591756823e+00
3.426123885325124352e+00
3.757332461564296011e+00
3.912011472603514339e-01
5.860867342119107093e-01
8.602268531196166634e-01
3.753880710439137403e+00
4.207045462546265213e+00
1.024269456498120290e+00
6.964513812291078798e-01
1.567377546953990786e+00
3.645492796013646508e+00
3.353099476690405201e+00
1.518220157293789896e+00
1.275078865000704553e+00
1.864540071592922343e+00
3.421367149193260904e+00
1.096919205186168256e+00
1.947127961261941209e+00
8.055281840979832131e-01
3.257448897529921172e+00
2.413588513186970541e+00
4.469697011360485916e+00
7.043910339658635555e-01
1.280971152785783884e+00
2.889236712940981278e+00
2.662281516734355424e+00
3.427928518965340121e+00
1.299223009849572064e+00
1.142837161129524715e+00
3.261903660561264129e+00
2.401737385911597134e+00
1.817649536504112762e+00
7.543160477119172924e-01
3.182310572589795772e+00
2.857772308044530973e+00
1.184947714130113239e+00
1.157787469363597666e+00
1.320391152491334763e+00
1.474336927083250925e+00
4.202246706707424839e-01
1.408309317613690437e-01
2.404379090481350456e+00
2.229042222793381711e+00
3.859751268849549888e+00
6.730837507398227615e+00
3.986996922426224277e+00
4.862784538574793203e+00
6.594408794791680739e-01
4.600713952413883590e+00
7.073056526582765180e+00
5.782806789069613096e+00
5.147168769141653222e+00
2.960863799757689208e+00
5.004993319127899021e+00
4.016013032709063957e+00
4.026261288816686879e+00
4.842150263179214598e+00
2.437421535245031468e+00
3.918541453004422692e+00
3.742751714802774021e+00
6.968558615487211227e+00
9.735468973066465637e+00
1.842504930237187866e+00
4.625040401862624329e+00
3.831052793485156371e+00
7.174609803265191488e+00
5.147652966264938179e+00
1.085171893870629845e+00
2.569071888033192863e+00
6.142215496413847120e+00
3.608329066966092569e+00
5.236711427817148490e+00
9.908365028477442715e-01
2.438020290262504997e+00
3.104326813179601796e+00
3.975978485339263901e+00
4.094285346957256877e+00
3.079941697856521277e+00
6.013406140045892689e-01
2.083100950680792263e+00
3.758477280025071199e+00
3.609385081490747993e+00
9.877272955003656429e-01
2.559321577432115191e+00
2.577119205108525879e+00
4.486616820600026756e+00
3.651828988832173994e+00
1.719164395402178913e+00
2.217166741634391425e+00
3.328765131175044356e+00
3.841198153609070687e+00
3.740641352569859190e+00
1.619404120282609938e+00
1.229563298728280074e+00
2.496084396574501429e+00
4.462733487504512375e+00
1.924852245043136234e+00
1.433275769015232015e+00
4.361690072578151778e+00
3.359465288848203723e+00
4.581036129663604406e+00
3.507107157726399915e+00
1.571189857415475899e+00
2.347708792685153867e+00
6.237846322923870979e+00
1.969928522265168569e+00
3.261172621165978835e+00
1.702079418622152618e+00
1.885913972349063217e+00
3.268136886267178909e+00
2.505134637222814487e+00
9.869630467073781110e-01
1.202241356364017522e+00
2.372526481754159366e+00
6.240938383015500079e+00
1.917102419194842922e+00
5.974629371413956669e+00
1.704544207614453910e+00
1.650700761652289517e+00
6.647790197090844622e+00
4.111644233118063596e+00
6.554314529455447236e+00
2.030691929355304293e+00
1.987567971381259069e+00
3.377550214826025243e+00
4.021505105553956128e+00
4.117582132272917583e+00
2.458802246881887754e+00
1.857019172913110028e+00
1.165598143686490173e+00
4.195012513916496211e+00
3.643926824326710889e+00
1.752541126102888258e+00
3.022699310082574531e+00
3.114357879321085765e+00
6.666666666625867599e+00
4.134975620885609437e+00
2.276278133761115097e+00
1.187730777803742255e+00
5.607605711772765567e+00
4.231111608299452875e+00
8.234073744615283630e+00
1.918353555897875706e+00
2.534394103383599717e+00
3.759621692833861939e+00
6.351943265414842443e+00
4.120001328907809679e+00
1.645232685443576370e+00
1.215513987774989202e+00
5.711133909031748779e+00
6.992447372010183848e+00
3.799300910497417139e+00
2.253725072419198394e+00
2.511847305203116942e+00
5.143258555504501395e+00
3.370828623631718646e+00
4.174805679062852271e+00
1.886624918206609491e+00
4.266423894734011846e+00
6.665456359975999057e+00
3.778284317476803267e+00
5.244939417257493908e+00
4.480212864547074680e+00
3.912285933475631250e+00
5.178688415174701021e+00
3.411632174823424180e+00
1.125393054644325730e+01
2.974542420230553486e+00
3.015276486226145636e+00
3.876422130834185964e+00
3.993281349911408373e+00
4.511408308965724423e+00
2.953043436148822476e+00
1.175530596848381348e+00
1.895966421801394686e-01
3.366873635383795360e+00
4.490741056985513957e+00
4.792771286035725775e-01
1.101286338383301144e+00
3.878517384291017667e+00
3.378774238716572231e+00
3.830691694394779745e+00
2.928668740724357011e+00
1.044032818511430039e+00
6.925615067066033248e-01
1.079246435226679068e+00
3.544062514660376362e+00
8.047512860072814078e-01
1.183167945269142818e+00
8.060215079769529334e-01
2.138874518638890887e+00
5.534378369801842723e+00
9.852898653522382810e-01
1.267644597584305588e+00
7.872732250253875463e-01
6.326171838923121404e-01
1.930327916821681589e+00
1.662156153524732671e+00
2.097101069963675624e+00
1.612993498042622209e-01
3.904547232186274641e+00
3.911710137345269178e+00
8.724584517147704332e-01
4.048321024239734278e+00
3.401755219662992769e+00
1.954211805987823736e+00
1.316278698295012761e+00
1.788878274951666070e+00
8.999470521954684443e-01
1.495454981216823853e-01
2.657870308767748213e+00
3.435692804087143060e+00
2.957360144220852138e+00
2.003252371601329518e+00
8.040590736252966053e-01
3.379517885580862302e+00
2.776661600251865702e-01
2.915971057148809109e+00
1.463980148291338823e+00
4.859454316026321941e+00
4.253888261704115159e+00
4.910918252261733841e+00
3.562406521605955501e+00
1.324379987587986252e+00
3.815603017817176923e+00
6.118155119224290672e+00
1.494753614611504666e+01
1.021654388779668521e+00
1.952655228118562958e+00
3.387429750115321103e-01
4.532782793220690998e+00
3.619699427185707918e+00
3.563186890740259738e+00
3.935991915063426494e-01
2.329085806113710078e+00
4.136501108098176616e+00
3.798792038185796915e+00
3.532169315359572348e+00
1.607654315169830594e+00
1.634801654127973736e+00
4.513204759446362679e+00
5.074115540290744519e+00
3.567329754706160205e+00
1.547462282412825019e+00
8.769973111079162331e-01
5.147952592291339613e+00
8.212382156239677045e+00
3.567662181314275927e+00
4.391141997592274748e+00
1.007176660604305996e+00
5.178291014900021416e+00
4.298434375235984817e+00
3.567158245099847136e+00
1.576261645483091556e+00
8.786770048760139673e-01
2.205500182675677934e+00
1.503120525224699122e+01
3.486682659605619961e+00
1.555623110811884091e+00
8.526838566281433884e-01
2.344200482929404306e+00
1.010133390887268945e-01
3.566276945126380493e+00
1.596420847577623148e+00
8.776493784673734533e-01
3.107423479266927302e+00
4.659831127016086150e+00
1.107928144505891055e+00
1.093758590785855134e+00
1.611002161419688550e+00
5.962092292020249040e+00
4.354974111222827737e+00
1.079925046746356143e+00
1.270816988430426564e+00
2.488238037898355515e+00
4.075384596266000692e+00
3.647164431458199019e+00
7.403059144311209261e-01
1.004546159860514765e+00
2.506556024630514745e+00
4.160459265351076574e+00
1.487002342745186612e+00
1.164495570085994247e+00
2.039396699675193769e+00
3.146961130706623866e+00
2.353057513952042878e+00
3.395215522734445823e+00
9.992475760764042425e-01
7.650352350975145876e-01
2.102234710637551185e+00
1.030352883902404981e+00
6.006742603362833499e+00
9.580310519126508106e-01
1.846396301829837272e+00
2.859188029083606697e+00
7.416294828585799914e-01
3.962763201451422912e+00
1.840406883036076691e+00
4.140409162718648339e+00
5.288549527678961804e-01
1.049440198722151107e+00
3.405544771644799962e+00
2.406453144472796790e+00
1.208043949793646377e+00
1.471935030917383758e+00
2.207060050507759996e+00
2.479129198484590457e+00
1.703990589448622472e+00
1.911375818888662037e+00
1.521457557969694507e+00
1.271204229784033801e+00
3.552252833087778949e+00
2.058154199587605149e+00
1.124099854551940281e+00
2.555552033417958224e+00
1.567855106659234110e+00
4.046163409560155633e-01
1.034514917571684123e+00
1.904177856937440794e+00
1.992993313015707146e+00
5.519903073776769808e+00
4.455281812088304427e+00
1.172137241903759675e+00
1.819835198708051438e+00
2.281863349548681530e+00
4.197398959248819672e+00
3.601270192403999815e+00
8.612899774169306966e-01
1.427987973035336422e+00
2.199250225050802587e+00
3.496397704334414325e+00
4.171864368280214563e+00
1.008071825689931700e+00
1.917084515921251509e+00
1.001177468917488822e+00
3.671689532834345182e-01
3.590973596195605300e+00
1.031269878202612178e+00
1.346821549614788838e+00
2.301176819564243914e+00
1.020210791901613900e+00
7.900167609397404922e-01
9.484024684353116186e-01
1.767963347413700648e+00
1.567687042893737726e+00
4.109285513338107876e-01
4.094603363660012540e+00
1.737550789862690293e+00
4.043665504367464969e+00
1.285618370318227788e+00
2.087268197376458634e+00
1.327994352764755170e+01
3.560305952717698119e+00
7.651347362289578902e-01
1.390975170715279319e+00
9.936235021983902405e-01
3.794022615958169808e+00
2.133703377638833221e+00
1.761570941305942384e+00
1.965059183934323217e+00
1.369839002123942606e+00
3.481334821812386959e+00
1.061671489174043304e+00
1.944642689389315393e+00
2.060613694555454511e+00
2.351822917365429699e+00
3.430885149209690899e-01
1.160494106471437137e+00
1.904988232877512289e+00
2.676500049048532670e+00
2.237480140964057451e+00
3.479434409883044754e+00
8.242434128353011147e-01
1.129884953766550737e+00
2.583438925884887993e+00
3.329060352782396759e+00
1.422270317799482653e+00
1.012716083207796602e+00
1.516746111081032966e+00
2.859306804057469176e+00
3.235342420806100794e+00
2.038123122970348700e+00
1.266159487783634630e+00
2.097647985199603937e+00
2.760543948056722652e+00
4.531643443521720549e+00
2.240542854556172525e+00
1.262259896785444369e+00
1.919942737683867362e+00
3.146480441699703423e+00
2.213481927433373020e+00
3.690504762150393248e+00
3.569356976704985751e+00
1.992463753894694323e+00
4.924795092114389483e+00
4.420542849950019892e+00
1.502603457216189753e+01
3.573188670500603958e+00
2.010771899541936136e+00
3.804547410850465550e+00
4.256098201765552425e+00
1.501961369411586134e+01
2.446584556997064563e+00
2.510492359558734510e+00
1.348891408440475059e+00
3.069941736270797694e+00
9.499671694332816330e+00
3.570794233650730121e+00
3.575152723476965999e+00
3.806377535891433350e+00
4.147258455093937535e+00
4.017359280963963108e+00
1.429129115133010997e+00
1.957786107995050484e+00
2.054508335567919008e+00
4.753345434925752677e+00
5.257270381308673635e+00
3.570251619395321541e+00
3.564358154752464092e+00
1.576924012629203675e+00
5.015282113567876898e+00
4.930482865388835734e+00
3.658797961623302175e+00
2.285407101492862747e+00
3.384460770405423258e+00
5.054360490250703997e+00
4.604456852528443278e+00
3.576940846868713830e+00
3.570569140880100800e+00
8.772199472368088502e-01
3.638918048903832414e+00
1.503026630145264342e+01
3.422408562574597912e+00
2.463549786256751251e+00
2.763459506083376649e+00
5.124155126721002596e+00
4.891545330866136965e+00
3.576614384053575346e+00
3.591067139882369474e+00
3.972735461210164853e+00
2.440372908001464225e+00
4.558849780686712094e+00
2.479475785336693772e+00
1.225434145156625076e+00
1.268239616690799210e+00
3.871278573030965564e+00
4.188458550493183274e+00
3.042403867975977505e+00
3.345029174341476619e+00
2.503190708187555291e+00
4.208339779454850493e+00
2.396804914021005928e+00
1.052018332131837042e+00
2.029535273629212266e+00
2.568293551577002010e+00
3.975957101025508589e+00
3.295018109935426764e+00
2.430854700990115358e+00
3.356539032810146761e+00
2.519766110745104815e+00
1.154552423921283433e+00
3.453687975832497870e+00
2.486432122482118867e+00
2.893799031153728496e+00
1.043062688526767090e+00
2.116549634763638554e+00
1.895327254857668065e+00
2.987806331520886260e+00
1.334179488708481243e+00
2.501603207681228014e+00
1.122334669095086612e+00
4.201237873067572792e+00
2.782560759496400582e+00
2.805906446232569351e+00
1.447523746257130428e+00
1.473877795472958496e+00
3.750698638535812535e+00
1.961932981825701861e+00
2.027785716905690094e+00
1.680270325322583913e+00
2.605536774332598782e+00
4.709968668549303850e+00
2.030537974503445753e+00
2.349530617901621099e+00
1.788797033433525030e+00
3.329827974761389697e+00
5.960228533861368305e+00
2.687008720365061887e+00
3.442981915389443426e+00
1.842164656824654800e+00
1.323205558086614220e+00
2.103000409144120564e+00
2.195627628911429152e+00
6.608096046592706330e-01
1.207837973486379779e+00
3.998586511726218706e+00
4.337010413642910400e+00
3.038089048338756815e+00
2.961914115864530572e+00
2.587234587005974529e+00
4.211749948482187200e+00
6.050686306108474355e+00
2.110354852856536123e+00
1.238913052930835645e+00
2.867872464880854455e+00
6.484050465319387335e+00
4.263435792649450384e+00
2.930238104854979042e+00
1.627001099763144110e+00
1.771877891631503443e+00
1.114843126879681678e+00
3.630065566168750646e+00
2.467284194139274689e+00
2.816113707413506972e+00
1.478439045270655727e+00
3.455223032169390418e+00
4.009259765681932208e+00
3.116488923559174395e+00
2.939452298031668409e+00
1.850618916819967152e+00
1.163772663337046653e+00
4.180854283167879437e+00
2.545832765471599313e+00
2.597649511128063526e+00
2.349423514354152420e+00
4.009929781042283814e+00
4.159164939988464482e+00
2.823694926229023849e+00
2.657570917963214985e+00
1.522126326930463902e+00
4.838978604492562674e+00
4.451388402509195430e+00
2.209021161956092438e+00
1.258575560043550867e+00
2.341596460404598901e+00
5.154759541944513579e+00
6.465101537975556312e+00
2.677784136440768403e+00
1.591570568993425638e+00
2.663146835885753294e+00
5.408047383744380987e+00
3.342105781774070916e+00
2.559237827252071273e+00
1.098499292519913295e+00
2.578681464591365824e+00
2.634867671692518343e+00
3.597555828454101157e+00
5.727204315674612189e-01
2.942239304651431908e+00
2.788519550385514467e+00
2.561394014143781650e+00
3.830756965859208663e+00
3.106404261710352444e+00
1.273117154035077192e+00
1.255878289706381823e+00
8.598074559976751630e-01
5.950376482335086870e+00
2.142177277710691552e+00
6.704550220697332641e+00
2.684967744785284882e+00
4.888226458484297154e+00
8.493207465990005867e-01
3.141563481135690949e+00
1.343821698469011894e+00
1.427664350270741123e+00
4.728164556510634497e-01
4.587461352637451917e+00
3.795331826363920413e+00
3.191975081802203018e+00
1.017388235684126840e+00
5.194355684519990746e+00
4.357875277253186574e+00
3.704478383746992787e+00
2.493727049421911257e+00
1.853603973124942739e+00
3.782329038833863510e+00
3.876804741291730583e+00
3.890326148515418136e+00
3.464432130378535479e+00
2.964233725159820310e+00
3.791526821343502274e+00
4.363702543269927681e+00
3.760197571885437018e+00
2.662971122650267031e+00
2.275253479187947292e+00
6.294044273839176640e-01
3.685259918264753409e+00
3.889824093467765920e+00
3.028866364190022864e+00
1.559618745805721574e+00
2.396894799567832024e+00
6.101023642502894972e+00
3.718241963602892497e+00
2.654108847834388829e+00
1.002494758897627181e+00
2.145049197274393915e+00
3.940054455730347627e+00
1.971238438317764574e+00
7.781695037010981642e-01
9.608446722248024097e-01
2.469565156240641102e+00
4.885555555612324241e+00
1.111835202203008466e+00
1.108031436804069569e+00
3.816575177454530343e-01
2.341709601837445032e+00
6.149546102270250003e+00
1.960873197806499491e+00
8.319545147531096640e-01
1.521608713739375673e+00
7.643613372464770350e-01
5.145380957226609375e+00
2.559188583359997438e+00
4.339350481369696588e+00
1.535704292199302046e+00
7.732939203273332396e-01
2.183642737613709528e+00
3.754238610431395617e+00
1.782532940100772123e+00
2.047403865677940527e+00
3.636417976910119587e-01
2.424549709235777062e+00
3.721514126374557918e+00
2.487543377608413042e+00
1.198025752695797808e+00
2.171691991853582859e+00
4.942005310601492174e-01
3.579602857646653202e+00
1.624455284307513070e+00
1.134405544037389246e+00
1.105045542527638647e+00
3.838665352465854941e+00
1.565515885713767430e+00
1.070871419145291270e+00
3.936819471305560203e+00
3.309502029562599201e+00
1.673997782015443248e+00
4.614923860253057342e-01
2.192087278467560907e+00
2.179486798587284557e+00
1.888128643856795463e+00
2.617231077832043784e+00
3.686835983869281907e+00
2.228276474552965514e+00
2.273111824532728864e+00
2.725162486562545894e+00
1.120421037958396937e+01
3.566820198808277720e+00
2.640923532560824238e+00
9.776551683802546799e-01
1.522294281197615673e+00
7.463489725437758571e-01
3.372586600596989115e+00
1.452517003303552601e+00
2.037696458040631153e+00
1.910863010453300204e+00
3.676898758140213719e+00
3.758376928942932071e+00
2.316819370153496038e+00
1.199267169345111794e+00
2.639895441546551869e+00
2.226579785458781657e+00
4.538251122106530033e+00
2.475089916555276659e+00
1.195518228282007600e+00
1.404393429884984501e+00
5.355369110779607533e-01
2.005319400431057719e+00
4.609170189640479975e+00
2.208067865833819088e+00
3.456833724882566461e+00
3.889187683433827036e+00
