M5,54.68976737208909,26.37901521159717,18.931217416313743
M6,28.433363875058575,36.00784187237402,35.5587942525674
M7,51.829369816183565,48.06782829638667,0.10280188742976293
M8,19.682425118761117,0.0,80.31757488123888
M9,92.18095809581473,3.342532261547845,4.476509642637424
M10,4.0074003785843555,85.28932433328669,10.703275288128964
M4,24.37977847821615,18.73794336282186,56.88227815896199
M6,28.83194420460561,37.72069945490743,33.44735634048696
M7,49.6233405376717,49.98072590045245,0.39593356187585016
M8,23.056370521056934,1.022227872012942e-09,76.94362947792084
M9,88.27455291510054,6.616479341522353,5.108967743377105
M10,12.259944006313797,77.80873281267218,9.931323181014022
M4,24.03151661415984,17.844264361356935,58.124219024483224
M5,52.57669570819303,27.83279723416229,19.590507057644682
M7,51.398988013266305,48.45153796464804,0.14947402208565563
M8,18.803681828775645,1.177374197291522e-16,81.19631817122436
M9,89.18989533910596,4.263468161713792,6.546636499180249
M10,6.723803730864894,82.95398599004676,10.322210279088353
M4,23.971094555348312,18.380117273734506,57.64878817091718
M5,52.02364520177503,24.59747981017712,23.378874988047848
M6,30.034771843211754,35.94395226389059,34.021275892897656
M8,13.090745958360914,0.47775891624372696,86.43149512539536
M9,87.95129078464863,8.968021411296387,3.0806878040549783
M10,12.098543963395867,80.7639680056781,7.137488030926036
M4,24.162370358953503,18.563392295502194,57.27423734554431
M5,56.028585147346625,24.256161215670573,19.7152536369828
M6,27.69304021878313,35.33842070324035,36.96853907797652
M7,52.65362114190575,47.346378858094255,-7.105427357601002e-15
M9,87.8829980403181,6.834114918072412,5.282887041609488
M10,4.935391608958205,85.47566798544719,9.588940405594613
M4,24.158554453963504,18.272331863062657,57.569113682973835
M5,52.34720841730989,27.54611995097789,20.106671631712217
M6,27.67118764544599,38.25526153717739,34.07355081737661
M7,47.56546700498836,51.86828967701122,0.5662433180004172
M8,18.70794039818855,1.4300532809582153e-13,81.2920596018113
M10,5.5133876922188545,62.575967162799614,31.91064514498153
M4,23.96636091152542,18.39100868842818,57.64263040004641
M5,52.015786592026664,24.61304873666825,23.371164671305085
M6,29.96005566979407,35.91966084166175,34.120283488544175
M7,48.141402709881824,51.25504077563715,0.6035565144810278
M8,15.090947973180961,5.037322036667449,79.8717299901516
M9,87.56246524656977,7.1268236704403165,5.310711082989911
M3,10.573992806166771,67.48518624787347,21.940820945959757
M6,27.819044913972068,36.5428708061059,35.63808427992203
M7,48.44997359195386,48.7246592280507,2.825367179995446
M8,19.530459554825235,0.0,80.46954044517477
M9,91.70026604775771,3.315603903151315,4.984130049090977
M10,7.65765834948861,82.2648691843244,10.07747246618699
M3,10.573225335515717,67.92872842225744,21.49804624222685
M5,49.409917751469465,29.25318144250655,21.336900806023987
M7,48.23929871990247,49.49996307979818,2.2607382002993504
M8,11.325930692260334,0.9589819668968874,87.71508734084279
M9,90.94429906431509,3.6520547165251998,5.403646219159711
M10,7.452455928521933,83.90673127526271,8.640812796215357
M3,8.77039487855949,73.31389234385155,17.915712777588965
M5,54.30109779816184,26.163344139510723,19.535558062327436
M6,27.69967948702685,35.44574396609459,36.854576546878555
M8,19.210040068159536,1.4474497533713896e-11,80.78995993182598
M9,90.37075966687446,4.496081114119271,5.1331592190062665
M10,4.333380246742606,85.10766175209872,10.558958001158672
M3,10.22462307790462,67.62409048392223,22.151286438173145
M5,55.009308320618054,26.694223880670805,18.29646779871114
M6,28.519586708204343,36.30969619374091,35.170717098054745
M7,52.33367917711352,47.20382149143666,0.4624993314498198
M9,91.0002297673591,3.5883939275859817,5.411376305054917
M10,6.30989020616309,83.40195072517653,10.288159068660377
M3,14.927103627544609,65.96175817189584,19.11113820055955
M5,53.78948613135852,27.38471794647256,18.82579592216892
M6,26.397687682355354,37.11379227190351,36.48852004574113
M7,51.3728467203325,48.475266074102876,0.15188720556462698
M8,18.729854404758964,0.0944458302082693,81.17569976503276
M10,6.325241095581147,83.57902612177709,10.095732782641761
M3,8.807990335611624,73.83151326775169,17.36049639663669
M5,55.01256417332209,26.610435272016684,18.377000554661226
M6,28.61989050486862,36.187383289534644,35.192726205596735
M7,44.88021655715637,50.22854827298496,4.891235169858668
M8,19.406020269857184,4.5032660075927513e-13,80.59397973014237
M9,90.54956151035033,3.7564284374349395,5.694010052214731
M3,11.148013414330316,67.70765087059176,21.144335715077915
M4,22.906365786396705,18.74018722418035,58.35344698942295
M7,48.235169818481225,49.50311343330802,2.261716748210752
M8,11.323827545067944,0.9587882485156999,87.71738420641636
M9,90.94361966887027,3.6524664045409865,5.403913926588745
M10,7.487504112235543,83.81193887683283,8.700557010931632
M3,8.143335040690276,71.10281803465134,20.75384692465839
M4,24.382533183745704,18.736469189873713,56.88099762638058
M6,28.828328057145583,37.723381920719405,33.44829002213501
M8,19.195030555260484,0.0,80.80496944473951
M9,90.10161900781733,5.029464428276071,4.868916563906595
M10,12.267992187761928,77.8004490600894,9.93155875214866
M3,10.571907059162852,67.48825536474205,21.9398375760951
M4,23.953914637169962,18.19121671055849,57.85486865227155
M6,27.850122051096456,36.5676436069619,35.582234341941636
M7,48.033270819136554,51.28303812392918,0.6836910569342649
M9,85.97019935443214,8.786816611480829,5.242984034087032
M10,12.274947826916737,78.09634384474278,9.628708328340494
M3,14.245921567228775,66.2205031512223,19.53357528154892
M4,23.925001291591975,17.825839759467904,58.24915894894013
M6,29.17801354538447,37.603491577461355,33.21849487715417
M7,50.916672474963605,49.083327525036246,1.4921397450962104e-13
M8,18.53296901556691,0.18553823840226927,81.28149274603082
M10,6.084737377208988,83.48731306620762,10.427949556583386
M3,8.145896942058783,71.10483885232891,20.749264205612306
M4,24.375812467168114,18.7419510041211,56.882236528710784
M6,28.827374427761878,37.72609147778341,33.446534094454705
M7,49.61351975652021,49.990381077975144,0.3960991655046442
M8,15.692219155868035,5.203105909503119,79.10467493462885
M9,85.80099722877564,8.765260530048689,5.433742241175668
M3,9.554098988671532,70.28430969201683,20.16159131931164
M4,23.37450853601913,17.95243514475126,58.6730563192296
M5,51.93002932663665,28.15940204273299,19.91056863063036
M8,18.552746517124483,0.0,81.44725348287551
M9,89.22265784391729,4.243736901425114,6.533605254657596
M10,6.342660463318756,83.25460932724022,10.402730209441032
M3,12.93202878194788,67.17634029517613,19.89163092287599
M4,23.675051246576654,18.28340933530137,58.04153941812197
M5,48.1480494868723,29.9037100109961,21.948240502131597
M7,50.637327690764955,49.21016397135719,0.15250833787785467
M9,89.03527939954226,4.386987769467452,6.5777328309902865
M10,36.03995987719073,37.3997859831942,26.56025413961507
M3,12.107870003574927,68.4155237286055,19.476606267819562
M4,23.67991566604939,18.175042709749846,58.14504162420076
M5,51.09691391651341,28.931788194001097,19.971297889485495
M7,49.27610056143187,50.723899438568125,7.105427357601002e-15
M8,10.467701221363656,0.9744374254715679,88.55786135316478
M10,5.5835655706867735,84.16263896145414,10.253795467859092
M3,9.284863858557173,68.48790579296625,22.22723034847658
M4,23.672260289930517,18.274538775799222,58.05320093427026
M5,53.29781390773563,27.936985453549497,18.765200638714873
M7,50.64245237578589,49.20561771185679,0.15192991235731768
M8,10.808681351150206,0.9923324994041468,88.19898614944566
M9,89.0346978983501,4.38651679193432,6.578785309715577
M3,9.588245853700094,69.49635356927236,20.91540057702754
M4,23.58726052808684,18.721907706880014,57.69083176503314
M5,51.28574584657704,25.18580935259345,23.528444800829508
M6,29.105490279294848,36.89714084994954,33.99736887075561
M9,89.11012337909179,5.735420621572401,5.15445599933581
M10,34.35114311100113,37.466295346384236,28.18256154261463
M3,9.565722670378143,69.9604430762302,20.473834253391658
M4,21.208271251358497,21.728454764140533,57.06327398450097
M5,52.9985850154385,27.453545937333633,19.547869047227866
M6,25.92292447246565,36.9064240699165,37.17065145761785
M8,14.261911664016857,5.297092422886724,80.44099591309643
M10,6.214735967079258,83.32982128687296,10.45544274604778
M3,8.085240768894987,70.61027653855638,21.304482692548632
M4,23.891289299083436,18.389480372718197,57.719230328198364
M5,56.07390513005023,24.233953118928902,19.69214175102087
M6,30.05001794950503,35.94939992425023,34.00058212624474
M8,15.24991971006705,5.0663473111975925,79.68373297873536
M9,86.42581582012683,8.859435605100156,4.714748574773015
M3,13.751793224150378,66.53510808992121,19.713098685928415
M4,23.627812411212048,18.966216072380696,57.405971516407256
M5,51.769167616129955,28.207632530894386,20.023199852975658
M6,28.460162441267947,37.967781115769085,33.57205644296296
M7,50.40829825779494,49.59170174220505,7.105427357601002e-15
M10,6.077494357394944,83.43901417658134,10.483491466023722
M3,14.19275161011036,66.22086805845788,19.586380331431755
M4,25.061662375494414,17.44645783574106,57.49187978876452
M5,53.794123853475554,27.378326725162033,18.827549421362413
M6,26.72190469316283,36.97952132356082,36.298573983276356
M7,51.3784747839123,48.46818083889352,0.15334437719418048
M9,91.18564804723462,0.8316420019251414,7.982709950840237
M3,9.558608231817578,70.13306496569462,20.308326802487812
M4,23.694856160941743,18.773455291013736,57.53168854804453
M5,52.06484430685139,27.90991321617117,20.02524247697744
M6,28.68167944149715,37.65660336382427,33.66171719467858
M7,50.4756540750583,49.51275301754898,0.011592907392717677
M8,9.972602419145003,1.2386528870716986,88.7887446937833
M2,71.14861213254443,17.07451108840271,11.776876779052863
M6,27.850029917191716,36.91288809542695,35.23708198738133
M7,51.54909290654059,47.61322242642509,0.8376846670343241
M8,19.565903559265404,1.2725431319393825e-13,80.43409644073446
M9,91.63491633484885,3.384428761394737,4.98065490375641
M10,7.837660866710462,82.24351907394723,9.918820059342309
M2,70.69760084034709,17.338803903172327,11.96359525648058
M5,49.81898313714121,29.03185837106134,21.14915849179745
M7,49.18363083717573,48.8128240359117,2.00354512691257
M8,13.59969671564606,0.19510169362737353,86.20520159072656
M9,90.80896961075135,3.7116199351029304,5.479410454145722
M10,6.811585908572235,83.40211532589286,9.786298765534895
M2,62.961458303907236,20.15088757423834,16.887654121854425
M5,54.70639151661082,26.37227842677177,18.921330056617407
M6,30.18630810792859,37.21695027609543,32.59674161597597
M8,19.448279029329083,2.3480501697736533e-14,80.55172097067089
M9,90.30834330276491,4.98042453438948,4.711232162845609
M10,9.026099284906023,80.90888181924267,10.06501889585131
M2,70.18883366666441,16.391409962554363,13.41975637078123
M5,50.73519975993247,28.635067841740636,20.629732398326894
M6,27.077687678525194,37.00453648672313,35.91777583475167
M7,52.83810474739021,47.02223337162895,0.13966188098083876
M9,91.38667135340867,3.4314842542774704,5.181844392313857
M10,6.433762120280025,83.36597985597436,10.200258023745619
M2,69.26977442303918,16.27714970104008,14.453075875920739
M5,52.981311584985576,27.59104502001164,19.427643395002782
M6,25.999886757809243,37.2494661951205,36.75064704707027
M7,52.245067821567766,47.754932178432234,0.0
M8,13.669187671319333,2.5788600966560555e-07,86.33081207079465
M10,12.622486524888773,72.72795402557381,14.64955944953742
M2,71.5972737847536,16.7748030117297,11.627923203516705
M5,54.940458003478454,26.722372019877202,18.337169976644343
M6,26.9619981230548,36.9077761835702,36.130225693375
M7,52.94807549997851,46.97537161618763,0.0765528838338625
M8,19.414464921610925,3.2806089608005755e-13,80.58553507838874
M9,91.89933835559476,3.2446302637659015,4.856031380639334
M2,70.54092544270593,17.259695535955416,12.199379021338657
M4,23.073742927968137,18.785769881619892,58.14048719041197
M7,48.85603573059009,49.08985561188605,2.0541086575238623
M8,14.015955242492376,0.0,85.98404475750762
M9,92.40949873933255,0.8139233872276649,6.776577873439787
M10,6.5374957419081845,83.68652793744761,9.775976320644205
M2,69.8562313018902,15.867170635638798,14.276598062470997
M4,23.87847042709457,18.131184857616564,57.99034471528887
M6,27.73739912034016,36.36639964012949,35.896201239530356
M8,19.55245034713522,2.5008370397625884e-14,80.44754965286475
M9,90.29394741503967,4.988242492713704,4.717810092246628
M10,12.308097409463663,78.04476607429349,9.647136516242838
M2,69.9521257279281,15.95005439749262,14.097819874579274
M4,23.915028209750126,18.196244158092245,57.88872763215764
M6,27.810412207983447,36.57949096573384,35.610096826282714
M7,49.5084440058969,50.01286185777043,0.47869413633267044
M9,92.3534598012303,3.0704670289387117,4.5760731698309876
M10,12.273733376844335,78.15427851312764,9.57198811002803
M2,70.897991965754,14.53050529371888,14.571502740527118
M4,23.92867003201271,17.882248059583166,58.18908190840412
M6,32.45056025934432,34.818028495975554,32.73141124468013
M7,51.10390915928559,48.89609084071439,1.4210854715202004e-14
M8,11.723455031480766,9.756233361185972,78.52031160733326
M10,6.725674512892328,82.95206750455976,10.32225798254791
M2,71.6136718763639,16.767418394131038,11.618909729505067
M4,23.928888469520686,18.19429843787325,57.87681309260606
M6,27.821683071498573,36.577422237704944,35.60089469079649
M7,49.52183904347834,50.025279744208156,0.45288121231350686
M8,19.58271259813935,2.2047202078105564e-11,80.4172874018386
M9,96.16853553370483,0.0,3.8314644662951736
M2,70.88533812886553,14.54331855662998,14.571343314504492
M4,23.81646149333674,17.929943857939293,58.253594648723976
M5,52.55367965151942,27.850134978821984,19.5961853696586
M8,14.05514053378691,6.540207034086586,79.4046524321265
M9,89.1810212571606,4.268387768526509,6.550590974312897
M10,6.7276551516468235,82.95428460067743,10.318060247675746
M2,69.63309908833709,17.822410688365686,12.544490223297224
M4,21.247191694312885,19.386450579592164,59.36635772609495
M5,44.76917267542543,29.100354957886797,26.130472366687773
M7,48.24540868572102,49.49352946085487,2.26106185342411
M9,90.94588646352364,3.6518196007192483,5.4022939357571165
M10,7.403985734553749,84.030061334479,8.565952930967256
M2,68.92357404601051,17.52501323229704,13.551412721692444
M4,23.676560067564715,18.27181906492332,58.05162086751197
M5,53.307206378092836,27.930067281586652,18.762726340320512
M7,50.652979125107485,49.19462783333202,0.1523930415604937
M8,11.620081085305115,0.6645130034155015,87.71540591127938
M10,36.04361885079374,37.39382176100475,26.562559388201507
M2,70.02583719589208,17.630182804370293,12.343979999737627
M4,24.325265852901808,18.176343236796615,57.49839091030158
M5,44.82391557092729,29.065266014787863,26.110818414284847
M7,48.29924236910261,49.44915501527142,2.25160261562597
M8,11.339389123996629,0.9593971299470719,87.7012137460563
M9,90.95272748502445,3.648046863561489,5.399225651414057
M2,69.12914891090621,16.246463792864983,14.624387296228807
M4,24.712173522630444,18.76651279536886,56.52131368200069
M5,52.95965812418187,27.642583600432136,19.397758275385993
M6,26.535488918257915,36.9662001249552,36.49831095678689
M9,92.27485758692653,3.142826549781027,4.582315863292443
M10,6.434130118055716,83.1938525880003,10.372017293943983
M2,68.6785939517823,16.380562213194068,14.940843835023628
M4,23.50104351136106,17.97936392826908,58.51959256036986
M5,52.105383278647,28.082191951218515,19.812424770134488
M6,25.921414876053895,37.28315823399707,36.79542688994904
M8,12.974168551537941,0.06257272794316286,86.9632587205189
M10,6.096354419931798,83.49276788860473,10.410877691463469
M2,69.1698909699414,16.228606134554237,14.601502895504357
M4,24.751020147271955,18.73145514165536,56.51752471107268
M5,53.11919628074694,27.51786297447527,19.362940744777788
M6,26.585673176134925,36.95186806742653,36.46245875643855
M8,14.897895645201041,5.998255738061522,79.10384861673744
M9,88.93272885436919,6.070453429780055,4.996817715850757
M2,70.89145211533659,14.533290050231113,14.575257834432296
M4,23.674116544308756,19.458961502960467,56.86692195273078
M5,52.55496066578305,27.846365186490516,19.598674147726435
M6,26.723719720082485,36.97625247299871,36.300027806918806
M7,51.0880685954628,48.91193140607787,-1.5406698139486252e-09
M10,13.462992798600904,72.5023978798774,14.034609321521685
M2,69.18015700505715,16.2368656640949,14.582977330847946
M4,24.71721015896073,18.655579267315748,56.62721057372353
M5,53.08662181819358,27.55328352558078,19.36009465622564
M6,26.570274612946267,36.97121790523334,36.4585074818204
M7,51.915661412158805,48.08433858784108,1.1368683772161603e-13
M9,92.38200258201803,3.0539589059429213,4.564038512039047
M2,68.75907718681793,18.049894203737384,13.191028609444682
M4,23.674421168806585,19.458600907455143,56.86697792373827
M5,52.55551659901486,27.845878523204245,19.598604877780897
M6,29.37849731467142,37.541463871082634,33.080038814245945
M7,51.088763999520715,48.911236001181884,-7.025988679743023e-10
M8,14.014937687958351,6.591940017767865,79.39312229427378
M2,62.457453864029986,21.27374691131071,16.268799224659304
M3,10.610174386361496,69.20816612929065,20.18165948434786
M7,46.72844193212041,50.59490729383415,2.6766507740454415
M8,14.440071926030477,0.0,85.55992807396953
M9,90.96269279974132,3.810577990269609,5.226729209989072
M10,6.881374013455199,84.45964686962637,8.658979116918431
M2,68.87518946404296,17.00632522746444,14.118485308492598
M3,10.898902608362787,68.47800799120063,20.623089400436584
M6,26.733256275813243,37.30198550168675,35.9647582225
M8,14.395924080486822,5.237160138965272e-18,85.60407591951318
M9,91.2672621355194,3.3959191581330685,5.336818706347529
M10,6.9402665756723465,83.85899718116195,9.200736243165693
M2,68.77376839476344,15.474845209788182,15.751386395448382
M3,11.804706414743439,68.22929386376302,19.965999721493546
M6,25.87136643957106,37.86017906448008,36.26845449594886
M7,49.052717511336745,48.96496358917449,1.9823188994887673
M9,93.10023775266163,1.2940243496780517,5.605737897660321
M10,6.808743646085769,83.95670262342036,9.234553730493872
M2,70.84072278312492,13.900942775369248,15.258334441505834
M3,12.343317730725692,68.64131346505769,19.01536880421662
M6,26.013274668578404,38.99947500906243,34.987250322359166
M7,50.78399385555975,49.11447926839116,0.10152687604909261
M8,14.45135132760449,1.2931802389380625e-16,85.54864867239552
M10,6.072274779519567,84.45342589224641,9.47429932823401
M2,62.5293997499297,19.946414620526888,17.52418562954341
M3,11.989267288609003,68.71063098644592,19.30010172494508
M6,26.52660908881331,37.9367760979214,35.536614813265295
M7,49.11393645254771,50.03571027430716,0.8503532731451315
M8,14.884009152744424,0.09945773175183815,85.01653311550373
M9,93.64826294301487,1.6559920211550918,4.695745035830038
M2,67.80727860760612,16.51465607442633,15.678065317967548
M3,9.241326876848866,68.97144724875494,21.7872258743962
M5,48.6620541063556,29.0465772761381,22.291368617506304
M8,9.745102278283364,4.733942445138541,85.52095527657809
M9,90.7290913212005,3.8642621150162677,5.406646563783233
M10,36.67792563341091,39.032380732148944,24.289693634440148
M2,67.58470453864953,16.16375493928477,16.251540522065696
M3,8.984826444592017,67.1876501453668,23.82752341004118
M5,47.274814942706314,28.812876601999424,23.912308455294262
M7,44.83879655584193,53.75861260080811,1.4025908433499623
M9,91.5109288138776,2.2701063541497994,6.2189648319726025
M10,36.68307749257871,39.22556588865363,24.091356618767662
M2,61.767788535646915,14.619969356726356,23.612242107626727
M3,11.507978597376804,69.81586443323499,18.676156969388202
M5,48.887095544842865,29.434135899184692,21.678768555972443
M7,44.91857878108596,54.95443974593746,0.12698147297658124
M8,9.711487728242641,4.90348914137763,85.38502313037972
M10,6.723034101838813,85.5085921529221,7.768373745239089
M2,67.53264268326757,16.201813021769894,16.265544294962538
M3,12.615378780109326,69.14714215489454,18.237479064996137
M5,47.226232916843735,28.82651841784158,23.947248665314685
M7,45.39791463121443,54.01544367265395,0.5866416961316219
M8,10.433565681986193,5.660569009223292,83.90586530879051
M9,90.01085890964522,5.223058325660523,4.7660827646942545
M2,68.52427226465362,18.237743926444764,13.237983808901618
M3,10.329368542715036,68.0763905760852,21.594240881199767
M5,49.36151025364461,29.278443418488997,21.360046327866392
M6,27.117879711441724,37.33692784445485,35.54519244410342
M9,92.68463156273663,0.7780586749456971,6.537309762317676
M10,6.626058148725568,83.77996298345849,9.593978867815949
M2,69.35902217178186,16.555699234675476,14.085278593542665
M3,13.847575727748643,69.19640527418437,16.95601899806698
M5,52.82159451746699,28.45678041602358,18.72162506650943
M6,26.043297447120096,38.136473691313114,35.82022886156679
M8,14.964186008023662,5.618437436072585,79.41737655590376
M10,5.782459224771661,84.62736142052543,9.590179354702911
M2,70.14579060315154,17.515570299623196,12.338639097225265
M3,8.294886206356376,68.77013984227739,22.93497395136623
M5,50.01748371787962,28.906440191987574,21.076076090132805
M6,26.403522658443254,37.52426819970988,36.07220914184687
M8,14.166348450275393,0.01055985194205095,85.82309169778256
M9,90.94983209352698,3.653919351565473,5.396248554907548
M2,67.78541885939214,16.329228718157697,15.885352422450165
M3,12.472103660120105,68.98660433524593,18.541292004633974
M5,50.88338380951361,29.696401863583148,19.420214326903242
M6,23.29017685572734,39.60861351541262,37.10120962886004
M7,45.439930379131525,53.98201061229107,0.5780590085774051
M10,5.156348100570363,85.24276090120038,9.600890998229247
M2,70.83237181588224,14.449749752831954,14.717878431285806
M3,0.7909498776973568,66.47149173051773,32.737558391784916
M5,50.262492487814136,29.173702788336765,20.5638047238491
M6,24.508405762769428,37.70285942789068,37.78873480933989
M7,50.304700494298785,49.048131395187745,0.6471681105134692
M9,93.02697877336752,1.4152160179978739,5.557805208634608
M2,68.44596965330814,17.130036701728162,14.423993644963698
M3,11.692540624227084,69.27876074390859,19.02869863186433
M5,51.44574663964062,29.13481196703213,19.41944139332725
M6,25.020301092403226,38.938884226710336,36.040814680886434
M7,46.36446918640688,53.16929164991759,0.46623916367553164
M8,14.281650675108105,5.642186531361288,80.0761627935306
M2,67.80475450511916,16.504968344546885,15.690277150333952
M3,9.264866624537444,69.42899637521155,21.306137000251
M4,21.274741425242798,20.105911337705297,58.61934723705191
M8,9.72243586183883,4.848423415794254,85.42914072236691
M9,90.72921345360287,3.8438236025050156,5.426962943892118
M10,6.954881661733785,85.0160438906241,8.029074447642117
M2,67.52889655449133,16.204263812138052,16.266839633370623
M3,9.206959927469676,69.27784522034236,21.51519485218796
M4,21.323845180757385,20.553997103418276,58.122157715824336
M7,46.79792060529526,50.80633490460739,2.39574449009735
M9,90.82768030408644,3.7160573272413644,5.456262368672194
M10,36.62465362932353,39.08676146899987,24.2885849016766
M2,71.18338872510759,13.922712392362554,14.893898882529855
M3,12.317483219762568,69.20893085313483,18.473585927102604
M4,21.184654545158303,20.469644329770123,58.34570112507157
M7,45.089047496781866,54.71492156934037,0.19603093387776482
M8,9.707881189100535,4.899354234835749,85.39276457606371
M10,6.772197743329238,85.39779309934033,7.830009157330423
M2,68.46705772597917,15.571968744694045,15.96097352932678
M3,9.717625440575333,69.68124942869474,20.601125130729926
M4,21.927443322109514,20.365595615478448,57.70696106241204
M7,46.72035387881673,50.87450964085542,2.4051364803278474
M8,13.788498723365622,0.18871444778018184,86.0227868288542
M9,90.97576046937239,3.827809866352812,5.196429664274799
M2,69.15829234778565,15.917286589895697,14.924421062318656
M3,10.931950994776999,68.86981545944158,20.19823354578142
M4,17.828525699900776,22.08380543638474,60.087668863714484
M6,24.51257953314138,37.370607938058576,38.11681252880005
M9,92.71011176461072,1.0316377595534627,6.258250475835822
M10,6.667619660273718,83.88492237588449,9.4474579638418
M2,68.9684113964068,17.335214637894264,13.696373965698942
M3,9.581563219949587,70.58778496426568,19.830651815784734
M4,21.687267105308553,22.296643308291138,56.01608958640031
M6,26.24109361329874,37.70341432569808,36.05549206100318
M8,11.637915203678393,9.885915073715498,78.47616972260612
M10,36.02276268652763,37.387234955489596,26.590002357982776
M2,69.37027155537432,16.269345877707398,14.360382566918286
M3,9.971340924632829,69.82532405956802,20.203335015799155
M4,18.494850831485422,22.287738241613596,59.21741092690098
M6,25.78663481217238,37.22636830003406,36.98699688779356
M8,13.993000797951243,0.4388337861331081,85.56816541591566
M9,91.16608095565992,3.4585633538564906,5.3753556904835875
M2,69.71356272005362,18.414105192353095,11.87233208759329
M3,11.340988998570372,68.88360965317763,19.775401348252004
M4,22.279591781214283,19.977233298072093,57.74317492071363
M6,25.525158357691442,39.21148754635055,35.263354095958015
M7,49.84588272502103,49.78783647392143,0.3662808010575418
M10,5.3459622037274785,85.04093056620081,9.613107230071705
M2,70.38747628527042,14.224551732018627,15.38797198271095
M3,0.8149781593027269,67.16687061714629,32.01815122355099
M4,21.22491502922347,20.604996020732635,58.1700889500439
M6,26.229771800754147,38.8860485299524,34.88417966929345
M7,50.706639557793,48.996227273876826,0.297133168330177
M9,91.95450039045718,3.3785592148205716,4.6669403947222445
M2,69.7286378804429,18.41459484971892,11.856767269838176
M3,11.419483447009055,68.84080619345688,19.739710359534058
M4,24.363111436847642,19.12540702846742,56.51148153468493
M6,25.892441173544295,39.05961932167261,35.04793950478309
M7,50.054269415534094,49.69636280999274,0.24936777447316416
M8,13.156303754739547,5.469024414594353,81.37467183066609
M2,66.83698803830127,16.573621288659172,16.589390673039556
M3,8.42857717462115,69.12057053272893,22.450852292649913
M4,16.256174224133396,19.186533280207083,64.55729249565952
M5,46.47356845535625,29.33734782482454,24.18908371981921
M9,91.40643894258199,1.6449880797965326,6.948572977621482
M10,5.6696335702989,88.26840204027012,6.061964389430983
M2,68.99125121594126,16.98558505390889,14.02316373014985
M3,12.170962407248691,68.80940767968151,19.019629913069792
M4,19.37462737318718,19.73130321047721,60.89406941633561
M5,48.88632678649134,29.749458018186257,21.364215195322405
M8,9.373076373560206,4.735182253349852,85.89174137308994
M10,4.370103538714033,86.95203190901228,8.67786455227369
M2,68.90377766629179,16.93850259722894,14.157719736479272
M3,11.75728055114449,68.8524857165401,19.39023373231541
M4,15.890107158382328,18.867381269413286,65.24251157220438
M5,47.21623702172,29.28473952053258,23.499023457747423
M8,36.43268913998161,9.646116055073945,53.92119480494444
M9,90.21093672677264,4.421485468995044,5.367577804232312
M2,70.12828632640972,14.688392129541652,15.183321544048626
M3,11.865648749136067,70.09467457051527,18.039676680348663
M4,22.59623089677485,21.59058347512129,55.81318562810387
M5,50.418457432251635,31.702111546015036,17.87943102173333
M7,43.25440316699307,56.31743823289434,0.42815860011258877
M10,5.405580634085765,85.54659938902532,9.047819976888917
M2,69.73623394234582,14.492394561598855,15.771371496055325
M3,11.719191732209865,70.27618443092845,18.004623836861683
M4,16.261886422698762,19.173115705715304,64.56499787158593
M5,45.734234826924514,29.730171380010013,24.535593793065473
M7,44.73460071257503,54.779422026895,0.48597726052997103
M9,90.15590085533852,5.12004254004121,4.724056604620275
M2,70.14186678645622,14.695750299933035,15.162382913610745
M3,13.495257894371884,71.12461716115514,15.380124944472968
M4,22.601165108779572,21.59130366365204,55.80753122756839
M5,49.38571132385916,31.40023986750609,19.214048808634747
M7,43.168934065555405,56.28924935440196,0.5418165800426351
M8,9.58414360221254,5.39963201011971,85.01622438766776
M2,68.3006798438142,16.77962650371003,14.919693652475775
M3,12.175539503608627,68.30037563113251,19.524084865258857
M4,19.763869610108003,19.415020044341517,60.82111034555048
M5,49.102516870051424,29.643235094867105,21.25424803508147
M6,25.168019973753108,37.43316032297387,37.39881970327303
M10,4.0408723033860054,86.3653877020889,9.593739994525095
M2,68.9115175970977,17.539466836169844,13.549015566732457
M3,9.43174434245868,69.72808583488965,20.84016982265166
M4,14.96621373151891,22.0394634863265,62.9943227821546
M5,47.71508047999368,29.943920186894974,22.340999333111345
M6,21.175499658175834,37.06561500830632,41.758885333517846
M9,88.8465821820304,4.706322222845561,6.447095595124036
M2,68.0667567226841,16.69717634805313,15.236066929262766
M3,5.678519475035632,69.39709767422598,24.924382850738397
M4,19.447927753945308,19.238599644131913,61.31347260192278
M5,46.85960952737847,28.814059451316822,24.32633102130471
M6,25.656839494499227,37.30585282605598,37.037307679444794
M8,14.035474865915312,5.383992268943859,80.58053286514082
M2,70.43786708387842,14.468995031593293,15.093137884528291
M3,11.531097441872017,69.77641195349929,18.692490604628688
M4,21.104869266288667,18.355090612008688,60.54004012170265
M5,51.80838504695901,29.774741578676487,18.416873374364503
M6,22.86709353265545,37.512579986707976,39.62032648063658
M7,48.91827640586828,50.8514199690714,0.23030362506031565
M1,34.29386828186584,33.15792634347887,32.54820537465529
M6,26.634524586941765,36.21709979857279,37.148375614485445
M7,49.12513746887487,48.47851012386874,2.396352407256394
M8,16.27723337635369,5.82934043947597e-16,83.72276662364631
M9,90.41452203474394,3.996620044763004,5.588857920493057
M10,38.45697121057183,38.41391291105232,23.12911587837585
M1,35.774990068459424,32.4361105961725,31.78889933536807
M5,51.216983876587456,23.45549408730552,25.327522036107023
M7,45.87944969687765,50.36600318100577,3.754547122116577
M8,14.829050144281991,0.14660434400044106,85.02434551171757
M9,91.12697167798171,3.9581342639649963,4.914894058053289
M10,13.284123319217406,79.53801395547156,7.177862725311044
M1,36.0983995504492,32.58414762586058,31.317452823690218
M5,50.9364918814658,23.68199445464353,25.381513663890672
M6,27.740088123895088,36.64749135518467,35.61242052092024
M8,20.783268850067415,2.0037078681641298e-13,79.21673114993239
M9,91.09014926362042,3.9306620149458023,4.979188721433779
M10,8.325696642842697,81.9470851372428,9.727218219914505
M1,36.35561952585206,31.71015616706184,31.934224307086097
M5,51.563903077039726,27.151656854811705,21.28444006814857
M6,30.275411493091934,35.801964596665805,33.92262391024226
M7,51.622886353566145,46.64507904094215,1.7320346054917053
M9,89.10782999745541,4.461531660147382,6.430638342397207
M10,7.017165173674361,82.82625594203077,10.156578884294873
M1,36.011275994453385,33.48674228010299,30.501981725443628
M5,53.08446515014228,28.156690015985642,18.75884483387208
M6,25.26945502829866,38.454061974546065,36.27648299715527
M7,45.30121599254536,50.89963907880639,3.7991449286482535
M8,20.433517701180996,0.0,79.56648229881901
M10,0.662323527167318,87.3132307205578,12.024445752274886
M1,37.43940361353484,31.5295312809169,31.031065105548258
M5,50.04059106970364,25.647899732999026,24.311509197297337
M6,30.202529608226055,35.4510678004023,34.34640259137164
M7,49.086870624338715,46.82237354001425,4.0907558356470375
M8,15.747674957723262,1.0096804335003117e-15,84.25232504227674
M9,88.2252680221941,4.710043781915586,7.064688195890313
M1,35.329278527776154,33.555262216025824,31.115459256198022
M4,25.514985713413747,18.562687868594093,55.92232641799215
M7,47.69778823589573,49.53922881682977,2.7629829472745016
M8,14.724684446362112,0.08723017430644615,85.18808537933144
M9,91.2108411650617,3.655051259921652,5.134107575016653
M10,38.03553884051202,37.56325212819321,24.40120903129477
M1,35.92206406487525,32.861091460134006,31.216844474990737
M4,25.48320545355739,17.708316159364106,56.80847838707851
M6,26.70182170046564,36.04425655094911,37.25392174858525
M8,20.81068434243013,4.1213638662089345e-14,79.18931565756982
M9,90.65947668437855,4.786129521004421,4.554393794617033
M10,2.327363124195714,84.81523379839467,12.857403077409614
M1,36.49134038092712,33.248834394913715,30.259825224159165
M4,26.712043858450063,18.744955208954664,54.54300093259528
M6,26.88216494001368,36.78493382420048,36.33290123578584
M7,46.7936147645162,50.75342581963933,2.452959415844468
M9,76.15240311267661,7.816152957611664,16.031443929711727
M10,32.78698012528215,33.099304280725676,34.11371559399217
M1,38.170000060509764,33.87554735215659,27.95445258733365
M4,25.361465976766677,18.585077593717198,56.05345642951612
M6,26.12273798546959,38.15682569066844,35.72043632386196
M7,47.54453904016543,51.872342159432904,0.5831188004016639
M8,20.532301557983367,2.35568487161402e-12,79.46769844201427
M10,3.2516136897906542,83.56940634798362,13.178979962225725
M1,35.94796372921051,32.07576306636841,31.97627320442109
M4,26.716969223645496,18.756933738226135,54.52609703812837
M6,26.885104139467575,36.766541423676074,36.348354436856354
M7,48.19153580286644,51.251636298412954,0.5568278987206057
M8,22.079344572378623,0.302655696446199,77.61799973117517
M9,91.7871106131609,3.9263824128486213,4.286506973990473
M1,38.075646484218716,32.65656248867111,29.26779102711017
M4,21.02244794642214,20.549264265396964,58.42828778818089
M5,45.2503977984199,28.93896239791225,25.810639803667854
M8,9.703612112168763,4.913818107533086,85.38256978029814
M9,90.57715832917627,4.0184591178414815,5.404382552982248
M10,6.760130250219059,85.40771552775998,7.832154222020961
M1,36.85590409978002,34.10926299576903,29.03483290445095
M4,20.89773874713987,20.83770173363283,58.264559519227305
M5,50.09767003142407,30.559768460128193,19.342561508447734
M7,44.16524971882895,50.52647979034164,5.308270490829408
M9,90.8989266449469,1.8072657335303202,7.293807621522783
M10,5.563087532266395,85.45974944616894,8.977163021564664
M1,36.73244324067558,34.192361681852155,29.075195077472266
M4,20.94987273575885,20.839064446284173,58.211062817956986
M5,50.28432562328918,30.489103167585135,19.226571209125687
M7,48.27115341107878,51.40891960446686,0.3199269844543622
M8,9.561155041909382,5.602197784979709,84.8366471731109
M10,5.394261015521806,85.47499041822587,9.130748566252322
M1,33.790159038988705,33.921085198140105,32.28875576287119
M4,21.186222481578486,20.73285792396368,58.08091959445784
M5,51.05881715769069,30.14611421320965,18.79506862909966
M7,44.21701622511641,55.2910201059578,0.49196366892579135
M8,0.45859089779557555,6.384789296674046,93.15661980553038
M9,90.99702863079122,1.6985134434478868,7.304457925760893
M1,35.91993353584912,32.89621032608507,31.18385613806582
M4,23.771459643940105,14.998328018614421,61.23021233744547
M5,47.81049468427391,28.279698835365814,23.909806480360274
M6,22.570970429256246,34.47189926301046,42.957130307733294
M9,86.30410421062993,8.79584168092931,4.900054108440759
M10,4.098851132053004,85.4782192167907,10.422929651156295
M1,36.46475836259591,31.377532612974754,32.15770902442934
M4,22.310088236263066,19.909833923547282,57.78007784018965
M5,50.037616967388715,29.57090329050418,20.391479742107105
M6,27.937019203332387,38.35368373847545,33.70929705819216
M8,8.890834616626623,4.47811725087141,86.63104813250197
M10,6.624354718028613,83.09207920257941,10.283566079391974
M1,35.09046343304257,32.120720116668984,32.788816450288444
M4,25.34416457428487,18.639549164037746,56.01628626167738
M5,56.85705885847656,24.49742729407775,18.645513847445688
M6,30.774017061871696,36.70607335454088,32.519909583587435
M8,11.243370855961595,4.575419024369922,84.18121011966848
M9,85.97628239577668,8.760869955360128,5.262847648863193
M1,32.95159485497198,34.01917242588154,33.029232719146485
M4,24.15951210130432,19.25170200760905,56.58878589108663
M5,51.529549141878796,30.05581907405384,18.414631784067364
M6,26.004308283191953,38.60584598663374,35.3898457301743
M7,48.01151516780885,51.834190326458724,0.1542945057324232
M10,12.145269116631322,74.92465765410014,12.93007322926853
M1,35.537100246646006,32.2342017631135,32.2286979902405
M4,24.49772568486379,15.354187942359916,60.14808637277629
M5,54.32895684737494,24.08623707553677,21.58480607708829
M6,25.660549551845225,35.758434078417565,38.58101636973721
M7,45.7373372368873,50.50772269649871,3.7549400666139903
M9,85.1672424613846,8.64768575050047,6.185071788114927
M1,32.977039333498524,33.77711104763387,33.2458496188676
M4,24.07636666149518,18.991702893037296,56.93193044546753
M5,51.447511880142905,29.970373672840722,18.582114447016373
M6,25.375094784753962,39.28547832731819,35.33942688792784
M7,48.137723875976576,51.79906622837122,0.06320989565220714
M8,14.74302725500284,5.427091310620747,79.8298814343764
M1,36.98639149552187,34.859777226790364,28.153831277687765
M3,9.922066211971089,67.66401837778366,22.413915410245252
M7,47.897091663347986,49.023075770828726,3.0798325658232883
M8,11.639137897330198,5.181822916990784,83.17903918567902
M9,97.49593896470137,0.0,2.5040610352986334
M10,7.6350820824995695,65.30321807056602,27.061699846934417
M1,37.08509232937197,34.76648465347128,28.14842301715675
M3,9.972447323186227,67.93020414678175,22.097348530032022
M6,22.531889866914526,38.878850704394765,38.58925942869071
M8,15.956299769542824,0.2757696211729307,83.76793060928425
M9,91.82516843804285,3.4301469914652984,4.7446845704918506
M10,7.622353375155724,84.76838926678751,7.609257358056766
M1,37.06131244532166,34.75393800419654,28.184749550481797
M3,16.651780130858555,70.11309426043775,13.235125608703697
M6,21.090572971616222,38.733995028454245,40.17543199992953
M7,46.748238856881606,51.43147271896086,1.820288424157532
M9,93.24701452664308,0.9063493702564944,5.846636103100421
M10,5.277578019632049,67.58834832203854,27.134073658329413
M1,36.99761213614149,34.85341260882088,28.148975255037627
M3,12.359164123995507,68.56643579791316,19.07440007809133
M6,20.858764713195132,38.68410829323502,40.45712699356985
M7,47.264335832229875,51.70452030212625,1.0311438656438767
M8,1.2676006828185109e-14,8.8321475101924,91.16785248980759
M10,5.1976537429037295,67.45433583915927,27.348010417937004
M1,37.12754419779512,34.69655906891907,28.17589673328581
M3,10.580706502878595,69.98168580641608,19.43760769070532
M6,23.36329105729178,36.37647971938288,40.26022922332535
M7,47.47112301492096,50.97282196675715,1.556055018321885
M8,5.382933987876495,4.1366348923999645,90.48043111972353
M9,91.10397412548032,3.8863697046157633,5.009656169903916
M1,34.20998829775489,33.50302351290817,32.28698818933694
M3,11.539185301086702,69.83582047102657,18.62499422788673
M5,46.573566002020414,29.651582828181425,23.77485116979816
M8,11.254224519292334,5.417364156280814,83.32841132442685
M9,90.99853508901028,3.454374381244687,5.547090529745038
M10,6.555350291280195,85.82820992673014,7.616439781989669
M1,33.43474909665489,34.50864683840095,32.05660406494417
M3,11.86310113273513,70.35722202960942,17.779676837655458
M5,47.03530553834363,30.136406723217974,22.828287738438398
M7,43.41168248001502,55.00951611384642,1.5788014061385596
M9,92.33171818017496,0.9866809936602885,6.681600826164752
M10,1.6840145150960661,89.35322169867227,8.962763786231662
M1,33.266404062999115,34.76696083423365,31.966635102767235
M3,11.499033595043215,71.32572785999287,17.175238544963918
M5,45.72355050883582,30.616895948401318,23.65955354276286
M7,45.25144540675031,51.200253872495644,3.5483007207540496
M8,10.947676638432124,5.8462284698099225,83.20609489175794
M10,5.211580055202637,85.9651617117689,8.823258233028469
M1,33.13312034236267,34.52859880517327,32.33828085246406
M3,10.473877042755595,70.74480820895779,18.78131474828662
M5,46.007806132901685,30.318234155785003,23.673959711313312
M7,46.594688745537354,49.18856883589779,4.216742418564856
M8,10.952010740393444,5.884716068967986,83.16327319063856
M9,92.45570983272111,0.9051058596642579,6.63918430761463
M1,34.772558290349906,34.17632683036851,31.051114879281585
M3,10.508010149538196,68.20266948988402,21.28932036057779
M5,51.25675416427451,27.79848292255092,20.944762913174568
M6,24.649695616464445,37.38710651327241,37.96319787026315
M9,88.04348974079869,10.110292902235734,1.8462173569655747
M10,39.223891152655995,39.901608839454674,20.87450000788933
M1,36.05457924565124,32.449828611874615,31.495592142474145
M3,6.268127025256952,75.98052271057887,17.751350264164188
M5,51.549932256723494,30.72433261233816,17.725735130938347
M6,21.797932791213867,38.06949680862308,40.132570400163054
M8,10.323160178333069,5.204411686648011,84.47242813501892
M10,3.5586362090544985,87.31348728924868,9.127876501696818
M1,36.08196096940539,32.235080377612455,31.68295865298216
M3,10.591020784466838,71.41894312561267,17.990036089920494
M5,55.24481765216692,27.632507865228714,17.122674482604364
M6,23.533280078667172,36.00772516506853,40.458994756264296
M8,12.498641450600365,5.093828926153896,82.40752962324575
M9,86.53811978806164,8.804320868088384,4.6575593438499805
M1,33.17909113105296,34.956006142426,31.864902726521045
M3,11.613898076307022,71.57082772782823,16.815274195864745
M5,51.57146812299282,30.82061155671242,17.60792032029476
M6,21.938894428258592,39.513238759443595,38.54786681229781
M7,47.9309468445444,52.069053155444514,1.1084466677857563e-11
M10,5.208333045776642,86.109231158705,8.682435795518359
M1,37.929719606338125,30.618284355326303,31.451996038335572
M3,10.61378692855394,68.22701556003847,21.159197511407598
M5,50.47809694409453,27.606596663221485,21.915306392683984
M6,24.86041056177573,37.41308813043565,37.726501307788624
M7,46.45462717605346,50.53788908953773,3.0074837344088152
M9,86.1905992391293,8.67487636536067,5.134524395510031
M1,36.03337023343638,32.49057275072359,31.476057015840034
M3,11.735551876549863,71.07800211846397,17.186446004986166
M5,52.24146635127334,30.11184243645972,17.64669121226694
M6,24.005167961427627,38.83302668987715,37.16180534869522
M7,44.592979571924964,54.891299103816536,0.5157213242585001
M8,16.47142336330435,6.3021246216464935,77.22645201504915
M1,33.821471759389944,33.88581246556067,32.292715775049395
M3,12.471157888076359,70.08202030317062,17.446821808753015
M4,16.373377290190007,19.81865504684947,63.80796766296052
M8,11.313164162652546,5.35429485827452,83.33254097907295
M9,91.53511084865536,2.5718807282704486,5.893008423074187
M10,6.664102922184316,85.83661231247171,7.4992847653439725
M1,33.880083990962675,34.16086697646951,31.95904903256782
M3,13.071240076446918,70.63926947078969,16.289490452763403
M4,18.17530141494265,20.501549943684772,61.323148641372576
M7,43.882635895119996,54.48359034561891,1.6337737592610964
M9,91.96878154745389,1.6271875842915524,6.404030868254561
M10,1.1893408935648218e-16,74.36003366995122,25.63996633004878
M1,34.08286861658422,34.112588814290845,31.804542569124933
M3,12.438706655824657,70.2769831117608,17.28431023241454
M4,21.534444725628592,21.301156277827438,57.16439899654397
M7,44.348742239858666,55.10744448758697,0.5438132725543667
M8,11.116539257511633,5.714929815046805,83.16853092744157
M10,5.370751126574478,85.6303880485117,8.99886082491382
M1,33.60084666401818,34.111272670699044,32.28788066528278
M3,11.586331833972057,70.7265318523017,17.687136313726242
M4,16.646245051561454,19.447984493946922,63.90577045449163
M7,43.58391423074879,54.74763834882866,1.6684474204225523
M8,11.115694500560004,5.738993827031397,83.1453116724086
M9,92.10492033663012,1.6192516080535992,6.2758280553162855
M1,36.42392032241117,34.10341024886532,29.472669428723506
M3,10.18951390806965,69.76944374444867,20.041042347481692
M4,19.510403524024344,22.141284163238694,58.348312312736965
M6,22.943008301752947,37.46689407274072,39.59009762550634
M9,91.49148907912775,3.6747045601949284,4.833806360677325
M10,7.400109727676161,84.31585319368195,8.284037078641887
M1,36.24757676180924,32.339779104349745,31.412644133841013
M3,13.649590111013648,79.91976133050815,6.430648558478197
M4,22.19583199239914,21.127638174693224,56.67652983290764
M6,21.687704458270606,37.90926808910093,40.40302745262847
M8,10.22441768219954,5.148040921056007,84.62754139674445
M10,24.93298644764849,39.596542950568214,35.4704706017833
M1,35.8608565889836,32.91336737152151,31.225776039494882
M3,10.43269117000992,71.54942730081487,18.017881529175213
M4,26.433203366706465,19.058848092882485,54.50794854041105
M6,28.603754291200698,38.075491072178444,33.320754636620855
M8,15.415996738344317,0.03260193759153593,84.55140132406414
M9,90.5761126771683,5.18048377860196,4.243403544229743
M1,36.04052260132887,32.504984912839,31.454492485832134
M3,12.574064594186614,70.30735513880606,17.11858026700733
M4,22.455843684452198,21.343640787768386,56.20051552777942
M6,21.776476543613413,40.21225431550079,38.011269140885794
M7,45.03123499575027,54.467125848315284,0.5016391559344484
M10,4.717605316669363,70.79143016517035,24.490964518160283
M1,36.98334724205344,34.8587703447493,28.157882413197257
M3,16.63130032163725,71.45459117075504,11.914108507607708
M4,17.719464657929397,19.857473630658387,62.42306171141222
M6,28.70065860918473,38.43346175515908,32.86587963565619
M7,48.4984459681024,49.72979770776097,1.771756324136625
M9,86.02607792659525,8.731879077418109,5.242042995986642
M1,34.451381324510905,33.597135002263066,31.95148367322603
M3,12.285067773654436,70.27009446280245,17.44483776354312
M4,23.51097045654056,20.83835924878954,55.650670294669894
M6,24.699402337490806,39.68983034909463,35.61076731341456
M7,45.830831563571756,53.70220265318892,0.46696578323932414
M8,13.359316963050565,5.780326080212369,80.86035695673706
M1,33.22008189660349,34.48524107332006,32.29467703007645
M3,11.7533211425897,70.83662547851495,17.410053378895356
M4,16.121964487227416,20.1185103055876,63.759525207184986
M5,46.03261717924679,30.256596371911897,23.71078644884131
M9,92.4293762507128,0.9417816931038769,6.628842056183316
M10,6.048617195953156,85.77062018245199,8.180762621594852
M1,33.748239519575414,34.583061873656185,31.66869860676841
M3,11.375798495927683,71.03868200934309,17.585519494729226
M4,16.21305297935312,19.46429414876712,64.32265287187975
M5,45.43895591446726,30.514690040016056,24.046354045516686
M8,7.6376556991148785,10.425387396411892,81.93695690447323
M10,6.502339071484762,85.8994632493481,7.598197679167143
M1,33.02272382932526,34.37458698744357,32.60268918323117
M3,11.947290285015447,70.07496049029196,17.9777492246926
M4,16.136584283683177,19.88356856428971,63.97984715202711
M5,46.04490062053393,29.878294343428745,24.076805036037324
M8,9.743387969205271,5.7880300951309005,84.46858193566382
M9,86.00831897108613,9.928468487501608,4.063212541412266
M1,33.04337530787153,35.500404876838424,31.456219815290048
M3,10.971288155552402,72.21935801463482,16.80935382981278
M4,15.875971217069585,20.642998270453283,63.481030512477126
M5,44.548918716977866,31.837130163228213,23.61395111979392
M7,42.19329125490825,57.33113132567788,0.47557741941386666
M10,6.098284386555212,86.76328051684811,7.13843509659668
M1,32.53081970800827,35.37865036459514,32.090529927396595
M3,10.43314105020563,70.67325265220428,18.893606297590082
M4,15.754383902645868,20.793640791240236,63.451975306113894
M5,45.22945966404446,31.072412670494224,23.698127665461314
M7,44.22835688770811,52.377360586923416,3.3942825253684745
M9,83.05214760562609,12.047593199459223,4.900259194914687
M1,32.72640652580633,35.760073189941366,31.513520284252294
M3,9.746375313598058,71.80208056806079,18.451544118341147
M4,15.995765714409243,20.280103885466865,63.72413040012389
M5,49.42849753912221,31.817283615931103,18.754218844946685
M7,42.40516689424698,57.10835949661315,0.48647360913987114
M8,9.327417577781235,6.111348112913533,84.56123430930523
M1,34.331403651813766,34.79661281685333,30.87198353133291
M3,11.548180816104297,71.31988706618664,17.13193211770907
M4,15.190515697316854,20.141271449711198,64.66821285297195
M5,44.35620750212009,30.580865674827223,25.062926823052685
M6,24.06728498845087,42.26973148192784,33.66298352962129
M10,5.201729986166764,85.95248213423605,8.845787879597182
M1,33.99157294537278,33.726620640002686,32.28180641462453
M3,12.140302668332284,69.83187812851594,18.02781920315178
M4,16.63372847515776,19.84114177078456,63.52512975405767
M5,49.24825280369152,30.156198194275955,20.595549002032524
M6,20.681267168541062,39.87850004353789,39.44023278792104
M9,85.14472304586185,10.057272435685928,4.79800451845222
M1,33.320198391513436,34.108648039440695,32.571153569045876
M3,11.38125182935079,70.54071310290014,18.07803506774907
M4,22.945549206519217,21.540236898986475,55.514213894494304
M5,46.662102599089316,34.028363764921075,19.30953363598961
M6,25.241419172209792,40.16145761512173,34.59712321266848
M8,37.1836471858964,0.0052931915870624196,62.81105962251654
M1,36.257156843558285,35.13918016994543,28.603662986496282
M3,12.708291255894853,73.24991061998048,14.041798124124668
M4,22.41838858731678,23.637635694813728,53.94397571786949
M5,33.02357771410774,35.36155745839279,31.614864827499467
M6,23.42642868197529,44.115599914178475,32.45797140384623
M7,45.09913201605176,54.90086798394823,7.105427357601002e-15
M1,37.074176295974496,34.78466439636649,28.141159307659017
M2,71.34307346445694,16.647517432165575,12.00940910337749
M7,48.03401630270378,49.19800578322825,2.76797791406797
M8,13.944302277915051,0.9420943113004634,85.11360341078448
M9,72.2778743720566,1.4681284713005351,26.253997156642864
M10,5.195572021129706,67.45499246761834,27.349435511251954
M1,38.50674992413655,33.454115444283026,28.039134631580424
M2,69.32397370110606,18.468461591608854,12.20756470728509
M6,23.695260066310624,37.139390133456374,39.165349800233
M8,13.620949659783177,4.342985088822312,82.0360652513945
M9,91.90646293842431,3.5310737845348696,4.562463277040818
M10,9.059810770677736,83.45213631754363,7.488052911778638
M1,33.85836193074192,35.45874892463117,30.682889144626905
M2,70.01585927144617,13.688299150374291,16.295841578179534
M6,24.201446285361172,37.641525380228444,38.157028334410384
M7,50.31903028258884,47.31009069365608,2.37087902375508
M9,92.33851406295457,3.3593849588920546,4.302100978153373
M10,13.721823481643757,80.26497904343553,6.013197474920716
M1,37.16805766297073,34.70372546691385,28.128216870115416
M2,68.34084519855293,19.30335702617254,12.355797775274532
M6,26.06047872391096,40.00915494212807,33.93036633396097
M7,48.2243764614676,49.35718277495165,2.4184407635807474
M8,0.0,8.82665902873744,91.17334097126256
M10,1.6533781193700667,88.93137185093417,9.41525002969577
M1,38.48855239465545,33.33098002839942,28.180467576945126
M2,69.144394936371,15.141147919048262,15.714457144580738
M6,27.31351736590092,32.38439629774967,40.30208633634941
M7,51.19898929296227,46.3645747219853,2.4364359850524338
M8,13.512503020516853,5.3565076483633876,81.13098933111976
M9,91.69906896021656,4.474250404793894,3.8266806349895415
M1,31.93928840172311,33.18026444067253,34.880447157604365
M2,70.27912475606166,18.416265368827275,11.304609875111062
M5,47.16992849819812,29.076366642643094,23.753704859158788
M8,14.458568565502773,3.229985845777766e-17,85.54143143449723
M9,90.82420996504332,3.942554829653608,5.233235205303069
M10,6.771507890925613,85.26855689319467,7.95993521587971
M1,36.170767196343625,34.251489419561935,29.57774338409444
M2,68.88952353652574,14.575851806426478,16.53462465704778
M5,50.77782320876972,28.51227823139367,20.709898559836613
M7,45.70887053181344,51.632234972231565,2.6588944959549963
M9,90.2098820442887,4.273277720351485,5.51684023535981
M10,5.555410290978552,85.25185548937863,9.192734219642816
M1,37.44036804849957,33.83665418701509,28.722977764485336
M2,65.99384090253221,14.553601325363763,19.452557772104022
M5,46.665734741768865,29.598151344800545,23.73611391343059
M7,43.883219822406225,54.40354773780796,1.7132324397858127
M8,11.31055225338028,5.3354126111997,83.35403513542002
M10,5.442204343306191,85.42956993004807,9.128225726645738
M1,34.12647595794883,34.00008304150939,31.87344100054178
M2,67.38944223305889,12.741406549448168,19.869151217492945
M5,47.58321993302678,28.580798120872448,23.83598194610077
M7,44.99535281027689,53.25133093169065,1.7533162580324557
M8,8.60793142599925,10.09538702308293,81.29668155091781
M9,89.97954445761047,5.481017125185805,4.539438417203722
M1,36.16354277793861,32.65927350416897,31.17718371789242
M2,71.38555713393036,11.945543407428866,16.668899458640773
M5,51.745660834378725,27.507878692514755,20.74646047310652
M6,23.926616262020747,39.33882266027544,36.734561077703816
M9,92.35013597429722,3.4243751544712984,4.225488871231485
M10,7.977899647064035,85.12094447172723,6.901155881208737
M1,37.764843608276735,33.6590377757473,28.576118615975965
M2,71.12969876480048,15.68678753986713,13.18351369533239
M5,52.67525292192045,29.561792252867413,17.762954825212134
M6,28.339446174993448,41.20657781431523,30.453976010691328
M8,13.045309678468147,0.7106029333368201,86.24408738819504
M10,1.6279857099169757,88.67282633884996,9.699187951233071
M1,38.316222625945436,33.51570657481439,28.168070799240176
M2,77.15166852786459,12.416182813525683,10.43214865860973
M5,51.38973082259103,27.716755449029908,20.893513728379066
M6,24.617490172552195,37.72421086585108,37.65829896159673
M8,12.031312469288643,6.395644384610826,81.57304314610053
M9,91.79552082873649,3.596605021370535,4.60787414989298
M1,36.43571058516115,34.375632126170544,29.18865728866831
M2,74.49959307370959,13.16851807082525,12.33188885546516
M5,49.93905088212161,28.163021828519966,21.89792728935842
M6,22.720553464657495,39.239432514832444,38.04001402051006
M7,47.081086480727706,51.9993776789462,0.9195358403260911
M10,1.6182439656223861,88.84555052824152,9.536205506136099
M1,41.24482406733001,30.26320368094441,28.49197225172558
M2,72.32475177254037,12.514287308645503,15.16096091881413
M5,54.53640081653276,25.479170305984866,19.984428877482372
M6,26.340260912140483,35.89213000932998,37.76760907852954
M7,51.26722906238397,48.049330751866,0.6834401857500296
M9,92.4247253694501,4.143510213132322,3.431764417417577
M1,35.80117288292378,34.139855071561,30.05897204551522
M2,73.88676138026696,13.479647198741272,12.633591420991767
M5,53.51854571919065,28.825752801892083,17.65570147891727
M6,25.563273310286156,39.61594817285461,34.82077851685924
M7,47.28264258502576,52.2028229971977,0.5145344177765381
M8,10.757960911157083,10.261299641268355,78.98073944757456
M1,34.4993962334421,34.62236496837332,30.878238798184583
M2,69.8906551708211,18.295029600260026,11.814315228918868
M4,14.011393769540444,23.693084199477667,62.295522030981886
M8,14.534173338990284,1.0060464025519733e-14,85.4658266610097
M9,91.01316970550705,3.8083799722767013,5.1784503222162455
M10,9.93591747783397,85.10889548066939,4.955187041496643
M1,36.02930089688659,34.4615716430096,29.509127460103812
M2,71.55609318415738,17.670281330594413,10.77362548524821
M4,19.331849479513064,22.27074211618971,58.397408404297224
M7,47.66712699869364,49.79962937405507,2.533243627251288
M9,93.30938582937897,0.7872970420448474,5.903317128576185
M10,6.290521437236251,84.60265509658363,9.106823466180117
M1,37.620048396855935,33.76339579530736,28.616555807836704
M2,66.08103700940875,14.489778428101422,19.42918456248983
M4,21.796477591190182,20.976274933492693,57.22724747531713
M7,44.0726257280441,54.17294354705203,1.7544307249038695
M8,14.325529235703979,0.07666672026647517,85.59780404402954
M10,9.10876042016404,86.3333021405456,4.557937439290356
M1,35.300501422038806,34.47892388829981,30.220574689661383
M2,70.26523868261103,16.650727856724757,13.084033460664216
M4,19.324583318030967,21.899989621266517,58.775427060702526
M7,47.683906244628325,49.82130963625349,2.4947841191181865
M8,21.29182792569291,0.0,78.70817207430709
M9,92.69930324398054,3.1618037666216745,4.138892989397788
M1,36.67304353774907,34.197937122903255,29.12901933934767
M2,68.15452998370556,19.017030676022863,12.82843934027158
M4,19.71717530369232,22.291239889273005,57.991584807034684
M6,27.249842773373754,39.315367532736786,33.434789693889456
M9,91.665932284915,3.6215330267617003,4.712534688323299
M10,12.825020497092858,80.38508764404193,6.789891858865218
M1,35.15951372155565,34.48968185280218,30.35080442564218
M2,70.16494080540683,16.643490354622624,13.191568839970547
M4,22.935095833227116,20.354403564484365,56.710500602288526
M6,27.737043698579846,38.66343670009888,33.59951960132128
M8,14.811525115603445,0.07970183184354102,85.10877305255302
M10,6.266015055657716,84.45608812680608,9.277896817536202
M1,35.928310695014964,34.21282556476395,29.858863740221075
M2,68.28496285840356,18.835472555836983,12.879564585759457
M4,19.405376930684508,22.027050790357997,58.56757227895749
M6,28.759477948672842,38.32689008024642,32.91363197108074
M8,12.289092757063756,5.368087369443359,82.34281987349289
M9,91.60345436570925,3.6187424162104227,4.777803218080323
M1,36.06439818499492,34.449215506342235,29.486386308662844
M2,71.58289800173857,17.65263800630334,10.764463991958088
M4,23.353063452158263,20.632929188496487,56.01400735934524
M6,28.145377693766505,38.899320442591204,32.95530186364229
M7,47.2414546376992,49.973188475619125,2.785356886681676
M10,38.27552225307355,37.50675597137538,24.217721775551077
M1,38.68082164450526,33.32791570919072,27.991262646304023
M2,69.46943258215138,18.361381718188518,12.169185699660098
M4,21.221011168463647,21.81556636288821,56.96342246864815
M6,26.67488573192365,39.562426196630724,33.76268807144562
M7,48.924911813262455,48.488498291809265,2.586589894928281
M9,91.23129625250829,3.809496685854262,4.959207061637452
M1,35.83692896959672,34.21486235964065,29.948208670762625
M2,71.42166962818109,17.607162374365377,10.97116799745353
M4,23.39364251344047,20.244677190814834,56.3616802957447
M6,27.47499698420443,38.80903109395804,33.71597192183752
M7,47.623818258012086,51.90795902518415,0.4682227168037656
M8,22.025416976730394,1.2317657834083608,76.74281723986124
M1,31.487605003653627,33.662316653077646,34.85007834326873
M2,71.61905111009891,14.3223883416735,14.058560548227591
M4,16.686965220028156,19.191704313004887,64.12133046696695
M5,46.57167679290091,29.59953256610872,23.82879064099037
M9,86.90301123771194,10.284341689735665,2.812647072552398
M10,6.6675742626718755,85.76343321676764,7.568992520560485
M1,37.22033493527446,33.938869628612686,28.840795436112856
M2,61.30127605542826,15.621020315726376,23.077703628845363
M4,20.857795713574525,20.924203874308173,58.218000412117306
M5,44.83776739302721,29.606048220767306,25.556184386205487
M8,9.637746202167166,5.10536500628139,85.25688879155145
M10,6.64388956433972,85.66395115472835,7.692159280931932
M1,32.88976584044312,35.68999674077201,31.420237418784872
M2,68.98444532042154,17.0154134957974,14.000141183781057
M4,21.35374792678954,20.787688396826237,57.85856367638422
M5,45.51488275684669,29.08427407477326,25.400843168380053
M8,9.859148878023255,4.999257907920747,85.14159321405599
M9,90.65067749718953,3.9986955317815993,5.350626971028866
M1,32.37558300897517,36.640554142868666,30.983862848156164
M2,62.05569744922896,12.997083734069259,24.947218816701785
M4,15.969584160233207,20.09362155220227,63.936794287564524
M5,44.35999310400959,32.11208973802305,23.52791715796736
M7,43.78182464746945,55.700957668817736,0.5172176837128148
M10,6.522435853525264,85.83798793611928,7.639576210355457
M1,32.7718795755857,33.80700810758478,33.42111231682952
M2,71.63864296331192,14.556405889962141,13.804951146725935
M4,16.311032287280266,18.978776080219067,64.71019163250067
M5,44.7031238932017,29.81285055868516,25.48402554811314
M7,44.49159334552775,54.99971885909937,0.5086877953728859
M9,90.46447315874232,4.137079997138277,5.398446844119401
M1,32.00861519757916,35.978718349872864,32.012666452547975
M2,72.36310930995324,14.883662591925612,12.753228098121143
M4,20.590192407170566,21.01140643004489,58.39840116278455
M5,44.29729713071818,29.686745371242928,26.015957498038894
M7,43.48541314544589,55.962597907756894,0.5519889467972163
M8,7.786802453121083,10.189879438251454,82.02331810862746
M1,38.073013032530014,32.65829844012063,29.268688527349354
M2,71.17047064917017,17.418527253903523,11.411002096926307
M4,21.070090891654452,20.577759917397223,58.35214919094833
M5,45.25080720696315,28.939327010233512,25.809865782803335
M6,21.17692697750523,37.11049259342776,41.71258042906701
M10,2.015416631811057,85.71518174895813,12.269401619230806
M1,35.43912106993902,33.332721393513275,31.228157536547705
M2,70.34939133950456,16.534891778050447,13.115716882444989
M4,20.98884434446683,20.96652549733933,58.04463015819384
M5,53.373495522568284,29.036670172992793,17.589834304438924
M6,29.162295527532205,40.4769296685778,30.36077480388999
M9,88.7639653817403,6.721982389405057,4.514052228854637
M1,32.955649120614666,34.23986616987651,32.80448470950883
M2,69.01334288681501,17.01841178037182,13.968245332813169
M4,21.158237633483864,20.60116754260983,58.24059482390631
M5,45.259862533529706,28.940589554720166,25.79954791175013
M6,26.647607277606106,39.031524240006256,34.32086848238763
M8,1.1613194367036483,5.332861580664666,93.50581898263168
M1,36.845751514252804,34.092941951841496,29.0613065339057
M2,72.65749385753456,14.614798253571957,12.727707888893482
M4,21.605729636184517,20.559998367725637,57.83427199608984
M5,51.06707369752553,30.142640815525304,18.790285486949166
M6,19.936274020606273,37.954329197621234,42.10939678177249
M7,44.2807466849668,55.23433997966908,0.4849133353641193
M1,33.756793922870514,34.97171396696388,31.271492110165603
M2,75.02006048347252,13.612631324561471,11.367308191966009
M3,10.144072432807144,68.93376373106578,20.92216383612707
M8,11.991721592594294,6.723666437586228,81.28461196981948
M9,72.63250845391259,1.5402821501987736,25.827209395888634
M10,5.218486707238581,67.92564660046781,26.855866692293603
M1,37.26134628942327,35.07431111432281,27.664342596253917
M2,61.27919774777226,25.786634144444882,12.93416810778286
M3,11.727300192384124,68.75676587689783,19.51593393071805
M7,47.88564061674013,49.169838215424306,2.9445211678355605
M9,72.6270775257264,1.5414347695768518,25.83148770469674
M10,5.216356874535221,67.9295109691922,26.854132156272584
M1,37.80793456822269,34.25667755838649,27.935387873390816
M2,73.97718660353434,14.134303689150292,11.888509707315373
M3,12.847820971954972,70.53984843006837,16.61233059797665
M7,45.175490815353754,54.08754491397888,0.7369642706673645
M8,11.443474270995994,5.988270618331419,82.5682551106726
M10,4.2160791634333545,69.15295621942947,26.63096461713718
M1,37.25486003768968,35.08006434319373,27.665075619116585
M2,75.3922545625543,13.282210328618259,11.325535108827442
M3,12.15418617733776,69.20486366078194,18.640950161880298
M7,47.59991013917071,48.80006825931661,3.6000216015126796
M8,9.079713965073163,10.637391838323712,80.28289419660312
M9,93.10129058492075,0.819298736489355,6.079410678589898
M1,32.498540089618764,35.19917857057263,32.302281339808616
M2,70.14804802177088,13.418733352524093,16.43321862570503
M3,9.404396915098065,70.28022641932829,20.315376665573652
M6,23.514388448976035,39.61961613684996,36.865995414174
M9,92.69661540469482,2.724643466176226,4.578741129128949
M10,10.352383862667537,85.50691781932328,4.140698318009186
M1,35.13626579495233,33.637704211658765,31.226029993388913
M2,76.44919502328032,13.34675275231037,10.204052224409304
M3,9.665209705053975,70.58629867444752,19.748491620498513
M6,23.889864898432602,38.76037621799075,37.34975888357664
M8,12.846404490499093,6.08483943063244,81.06875607886846
M10,7.485564374038805,85.77317605964274,6.741259566318462
M1,32.53419413093848,35.088540484618854,32.37726538444266
M2,70.22547251653269,13.333109447555923,16.441418035911386
M3,9.464104730780793,70.07721060098324,20.458684668235975
M6,23.974867397519883,38.80348788483107,37.22164471764904
M8,9.513584353568662,11.585913917558708,78.90050172887263
M9,92.52292144186615,3.018735511966913,4.4583430461669415
M1,31.674396950644486,36.64769903050033,31.677904018855195
M2,76.42554959718113,13.462151044466681,10.112299358352187
M3,9.398659723600675,70.57513078492471,20.026209491474617
M6,24.21229524747665,39.18157163096411,36.606133121559246
M7,47.992060964383796,49.80007936982986,2.2078596657863443
M10,3.334540034641137,85.72223543516607,10.943224530192794
M1,32.52440632818675,35.05915388386309,32.416439787950154
M2,70.83579596854113,12.348489428192195,16.81571460326667
M3,10.314408521241676,68.77774808213569,20.90784339662264
M6,20.436924950139193,39.12543395710534,40.437641092755456
M7,50.13785483428964,46.81951783251356,3.0426273331967977
M9,92.50786742452088,3.031138715706152,4.460993859772966
M1,36.786706449446825,33.53234778663263,29.680945763920548
M2,76.47141747007377,13.336004994815207,10.192577535111019
M3,11.6641188343118,70.59795812274785,17.737923042940338
M6,23.830311145269377,38.72316504708539,37.446523807645235
M7,46.55742027934081,51.647945553574935,1.7946341670842543
M8,12.349524450895178,6.127615411424602,81.52286013768023
M1,37.58765746368344,34.49273423461152,27.91960830170504
M2,73.72715332157941,14.341942153305203,11.93090452511539
M3,10.114516215367281,71.05285980394983,18.832623980682897
M5,50.00231068796251,30.015671858667332,19.982017453370155
M9,86.31475360710758,10.103841359903736,3.5814050329886875
M10,1.9751455739308425e-14,73.10219617819683,26.89780382180315
M1,38.38198748444611,33.460323596973346,28.157688918580547
M2,73.23603977209233,14.482381906052847,12.281578321854827
M3,11.7846347593085,71.328668631424,16.886696609267503
M5,48.44607613109475,30.187065248219035,21.366858620686216
M8,10.76434592284617,5.433010273088148,83.80264380406568
M10,5.56705003922419,86.04048938631941,8.392460574456408
M1,37.43315719632161,34.55863292831668,28.008209875361707
M2,73.61422893689316,14.398986813069936,11.986784250036909
M3,10.611878775160003,71.15684321794105,18.231278006898947
M5,45.704557024737376,30.122666296377737,24.172776678884887
M8,0.5314743583737273,7.065950398556627,92.40257524306965
M9,92.18580340917863,1.6422007943478727,6.171995796473495
M1,32.99101348510667,35.677685399595816,31.33130111529752
M2,64.58595955729386,15.743622842857535,19.670417599848605
M3,7.527834994920818,71.27280729586597,21.199357709213203
M5,44.90767221038316,31.5013475238344,23.590980265782438
M7,44.152761864525296,52.33342550925897,3.5138126262157314
M10,8.285828462032587,87.41121913145595,4.302952406511466
M1,35.718085302099816,36.24984563875717,28.03206905914302
M2,74.1813284610811,14.03269580248565,11.785975736433256
M3,16.77691318119209,71.77367021240708,11.449416606400831
M5,50.30848540622677,29.820417058685567,19.87109753508766
M7,43.51864465558999,53.13482580098954,3.3465295434204734
M9,84.00632648701689,10.599799446499024,5.393874066484084
M1,32.52702545722509,35.65648740522497,31.816487137549935
M2,70.97057632159866,15.511474007225004,13.51794967117634
M3,9.667233071691353,71.76007023334316,18.572696694965487
M5,44.9063106411135,31.501359198240447,23.592330160646053
M7,44.152435929682255,52.33256661299589,3.5149974573218543
M8,10.779734820544146,6.030952120676785,83.18931305877906
M1,32.80324446171651,33.145569201586454,34.05118633669704
M2,64.72478841620149,16.44963193781159,18.82557964598692
M3,4.99057250350235,77.84848632002554,17.160941176472107
M5,47.143880519879886,30.521498578231796,22.334620901888318
M6,22.32361739281256,43.10868840551491,34.56769420167252
M10,3.9505610841044865,88.82811592946253,7.22132298643298
M1,35.93307390314917,33.242879520861095,30.82404657598974
M2,70.40128314561343,13.452884533303155,16.14583232108341
M3,9.483001208217784,70.40741511992769,20.109583671854523
M5,51.39410597243514,28.272240481495924,20.333653546068934
M6,21.26911806877889,38.64628425169534,40.084597679525764
M9,93.62736218791959,1.4140411763153413,4.958596635765072
M1,32.85485938950241,33.1042368782921,34.04090373220549
M2,64.7773553390806,16.420498675964197,18.802145984955203
M3,5.264469274541619,77.91142437474734,16.824106350711034
M5,47.205628364511455,30.477513811561504,22.31685782392704
M6,23.14841399196092,40.77245958773407,36.07912642030501
M8,12.011280794873013,6.063889969855626,81.92482923527136
M1,35.113498849892956,33.77311341206474,31.113387738042313
M2,64.66370447440701,16.504227132356633,18.832068393236355
M3,4.956582937410409,77.94225302189051,17.10116404069909
M5,48.786746051956904,30.97269092120544,20.240563026837656
M6,23.76078454967031,39.767395133101424,36.47182031722827
M7,43.79560505402536,54.79165944096638,1.4127355050082642
M1,35.586932526529715,36.26138925908243,28.15167821438785
M2,73.9683046324736,14.140520436495258,11.891174931031138
M3,12.565526531822167,70.42408843226876,17.010385035909067
M4,18.037963691326887,20.708775514196706,61.253260794476404
M9,85.31625371626016,11.064913024661207,3.618833259078629
M10,0.0,72.95056199753719,27.049438002462807
M1,36.68559011904344,34.30106681614259,29.013343064813974
M2,72.79979619759256,14.343476635141599,12.856727167265845
M3,14.398403670267587,71.36719133771496,14.23440499201746
M4,17.073689968361773,20.352715025084528,62.573595006553695
M8,12.744134368833592,5.70972757062347,81.54613806054294
M10,3.6183580837108553,87.38977984703588,8.991862069253258
M1,35.178088319226,36.372268852628544,28.449642828145464
M2,73.87067876617823,14.164364358439531,11.964956875382239
M3,11.43930744098676,69.93573575596726,18.624956803045976
M4,17.684384768111034,20.567091487465223,61.74852374442375
M8,8.640686681970385,10.839659896830312,80.51965342119931
M9,84.12416035316727,10.863911947432642,5.011927699400088
M1,38.54573140258621,33.4588460338705,27.995422563543286
M2,73.36795848655387,14.48939115995358,12.142650353492545
M3,12.090522147855072,71.27243499114459,16.63704286100034
M4,17.973486121160253,20.2822731865666,61.74424069227315
M7,44.72181944674806,54.657932304668286,0.6202482485836569
M10,1.340100214402974e-14,73.15311838301184,26.846881616988142
M1,35.474037193249714,36.35976990712402,28.166192899626267
M2,74.00621243943166,14.111377200987206,11.88241035958113
M3,16.463638651499657,72.02537589691939,11.510985451580964
M4,16.85783573578745,20.416602563423627,62.72556170078893
M7,43.27472196161386,53.40525442473244,3.320023613653703
M9,83.79279096798724,10.805284067862521,5.4019249641502345
M1,36.90406891426992,34.31461280080727,28.78131828492281
M2,72.64625044336047,14.447729040175195,12.906020516464332
M3,12.021540552774178,70.98663498595583,16.991824461269985
M4,16.663807278347175,19.707681410187483,63.62851131146534
M7,44.55075062689441,54.93098953993569,0.5182598331698998
M8,12.74565059729847,5.718567233043993,81.53578216965754
M1,39.11256278920312,34.67076053462418,26.216676676172703
M2,74.39941061971038,14.182925166058434,11.417664214231186
M3,11.137358661892351,71.61190574915331,17.250735588954342
M4,18.057215889742942,20.736350038220355,61.206434072036714
M6,22.229585347034508,41.497137775306406,36.27327687765908
M10,5.958170617250663,86.28200266574034,7.759826717009005
M1,34.031742867120755,35.87305392553036,30.095203207348888
M2,75.00916439157963,13.948281908028703,11.042553700391666
M3,9.638097792503133,70.32981595383087,20.032086253665994
M4,18.85890523443083,21.487562840239804,59.65353192532936
M6,23.316910634782012,40.190553033528396,36.4925363316896
M9,88.90457461380961,8.519163014267916,2.5762623719224695
M1,38.66847462485426,33.49044069455305,27.841084680592687
M2,70.68605706772279,17.056484126235464,12.25745880604175
M3,16.69960982017701,71.88890162767764,11.411488552145343
M4,16.989763729235122,20.168959224314904,62.841277046449974
M6,22.203178694749553,39.29738427012979,38.49943703512066
M8,10.635312151211574,6.1261822839778315,83.2385055648106
M1,40.30252606928977,34.69924210883284,24.99823182187739
M2,75.14596272532025,14.118403706368639,10.735633568311115
M3,11.166434647500322,71.75099913565022,17.082566216849457
M4,17.880210680049245,21.315865679734713,60.80392364021604
M6,19.872749527683098,40.106270173318194,40.02098029899871
M7,43.94065337799998,53.29120598359553,2.768140638404489
M1,34.16189034099814,34.69873701295634,31.139372646045516
M2,63.086636365471115,17.92934576377278,18.984017870756105
M3,4.575441091183655,76.71956616666779,18.704992742148562
M4,22.429043137660802,22.83396968743409,54.73698717490511
M5,49.12430243064679,32.84040949779265,18.035288071560558
M10,5.218880309328626,86.38112264935727,8.399997041314109
M1,32.53720620665189,36.05491438583666,31.40787940751145
M2,71.5723281695365,14.785273162444906,13.64239866801859
M3,10.705190559857146,70.09659085623836,19.19821858390449
M4,15.68410585089876,20.907558189096434,63.408335960004806
M5,45.83360630884574,30.419292521702697,23.747101169451565
M9,86.66350911928828,10.418574063878571,2.9179168168331504
M1,33.27915959626584,35.69415801964713,31.026682384087025
M2,64.5836616900933,15.749597042522172,19.666741267384534
M3,11.03504070480742,72.07502781448459,16.889931480708
M4,15.995900954615305,20.350079458303476,63.654019587081216
M5,44.90721366722367,31.504012790894567,23.58877354188176
M8,10.78248705305926,6.031605638543516,83.18590730839723
M1,28.65633348980971,42.4206191242528,28.923047385937487
M2,66.9145070050121,19.65086799505635,13.434624999931554
M3,3.4237554588369807,79.44375776226119,17.132486778901836
M4,15.083415086114433,22.166323940423148,62.750260973462424
M5,40.07366205305246,38.5899854004263,21.33635254652124
M7,38.64910494303087,59.69674272061038,1.6541523363587487
M1,39.49233570059024,36.04566673703504,24.46199756237472
M2,71.63034428076136,17.620110170622475,10.749545548616162
M3,9.839734589392764,74.80809035887815,15.352175051729091
M4,17.671240686758118,23.445306654390514,58.88345265885136
M5,46.99539224316984,32.57343693390468,20.43117082292548
M6,27.050717144654136,43.07625731265589,29.87302554268998
