M6,27.834816551341138,36.55184216724948,35.61334128140938
M7,49.536871674526026,50.00315262467206,0.4599757008019125
M8,19.720419162620775,7.963802715398721e-13,80.27958083737843
M9,92.18068823677184,3.136080355665226,4.683231407562931
M10,7.557133731477759,82.30362390867445,10.139242359847785
M5,49.999227798909665,28.969766267388433,21.031005933701902
M7,49.11685424224231,48.937157279844754,1.945988477912934
M8,13.993737492744092,1.675353251833321e-16,86.00626250725591
M9,90.80826852442952,3.7076555215454245,5.484075954025053
M10,6.616610777705749,83.54431845881966,9.839070763474595
M5,54.69670349245346,26.373090271658572,18.93020623588797
M6,28.27434819482002,35.948673881406584,35.776977923773394
M8,19.589219910419086,2.3058543510537156e-15,80.41078008958091
M9,90.27632176381157,5.005905396453832,4.717772839734602
M10,7.3159850304348275,82.3999617736916,10.284053195873568
M5,54.703715870704755,26.38448244215338,18.911801687141864
M6,28.35282450345363,35.99733947168295,35.64983602486342
M7,52.358849463657506,47.60127389880452,0.039876637537972215
M9,92.39436738143097,3.1540099509661794,4.451622667602853
M10,6.265297375523777,83.33057178552427,10.404130838951957
M5,53.026514070216805,27.587911208146004,19.38557472163719
M6,26.610156144566574,36.96681237752161,36.42303147791181
M7,51.69275156940429,48.307248430595706,7.105427357601002e-15
M8,15.347633649700432,5.611649534234609,79.04071681606496
M10,6.393663779230271,83.22722255665245,10.379113664117284
M5,54.69799242581713,26.37321874837926,18.928788825803615
M6,28.329615251330964,35.966765033217605,35.70361971545143
M7,48.084210801030274,51.33457120557076,0.5812179933989654
M8,16.091482160780323,5.3339976175050055,78.57452022171468
M9,91.7344882758207,3.7341423894555583,4.531369334723747
M4,24.54349219477611,17.924512346034945,57.53199545918895
M7,47.84726244248216,51.440110726844786,0.7126268306730523
M8,13.857134964406152,0.0,86.14286503559384
M9,90.9824022537817,3.6686006941950713,5.348997052023229
M10,8.27371428873757,81.78810394896458,9.938181762297859
M4,24.380215128688928,18.733439302933675,56.88634556837739
M6,28.829604980165794,37.71971628068552,33.450678739148685
M8,19.21981521653681,0.0,80.7801847834632
M9,90.07959312535647,5.0485680160111235,4.871838858632409
M10,12.264382491311052,77.80402191373213,9.931595594956818
M4,24.816327716173777,19.0831698198534,56.10050246397283
M6,27.172872348093062,35.62959667083623,37.197530981070706
M7,48.072991508119074,51.346431024999745,0.5805774668811807
M9,92.51005300483429,3.05537564731859,4.43457134784712
M10,4.024230490147135,85.27172473132362,10.704044778529251
M4,23.683173411639793,19.452923709761947,56.86390287859827
M6,29.380730913463793,37.54076604552656,33.07850304100965
M7,51.093454436936725,48.90654556353001,-4.66734206838737e-10
M8,14.02457042464208,6.585033851666483,79.39039572369144
M10,6.725626429907464,82.95277410520683,10.321599464885708
M4,23.89445247248592,18.144787545192685,57.96075998232139
M6,27.170298841540838,35.62718208452099,37.20251907393817
M7,49.61572196224701,50.00042543886029,0.38385259889270174
M8,19.701060909972934,3.543428342276852e-10,80.29893908967271
M9,92.05237054951233,3.4545663404780584,4.49306311000961
M4,23.925703313202135,17.88360039644411,58.190696290353756
M5,52.55924852910192,27.843263824214866,19.597487646683213
M8,10.659673349116723,4.029459985195682,85.31086666568758
M9,87.38557323862028,7.347587060591984,5.266839700787735
M10,0.13076184340431996,88.70221704733304,11.167021109262649
M4,23.83951541294399,17.926316530544824,58.23416805651118
M5,53.77610513447914,27.39371129033314,18.83018357518772
M7,51.11925760164566,48.880742398354336,7.105427357601002e-15
M9,87.38289363144068,7.347267421005935,5.269838947553384
M10,13.440823605452177,72.5367275515598,14.022448842988013
M4,23.48165560677868,18.09554518843265,58.422799204788674
M5,52.00901255287382,28.165045234665147,19.825942212461033
M7,50.33205291371346,49.648552970921045,0.019394115365493292
M8,14.674280333233343,5.6631355394927025,79.66258412727396
M10,6.1343737385180015,83.48226133004587,10.38336493143612
M4,23.972946745322098,17.86568226236976,58.161370992308136
M5,48.47682919649666,29.372525703318566,22.150645100184775
M7,51.40180501779797,48.44962860958541,0.14856637261662087
M8,36.658279874250894,9.890587329995856,53.45113279575325
M9,87.39647484351302,7.340013605263532,5.263511551223449
M4,24.39910134108797,18.334744034660947,57.26615462425109
M5,54.49899931935519,26.445872011127694,19.055128669517114
M6,26.914469890873026,36.60902713130707,36.476502977819905
M9,87.78446422621137,6.805404524292723,5.410131249495907
M10,6.76180617317017,82.80624633268391,10.431947494145916
M4,24.160050197818933,18.272786443710146,57.56716335847092
M5,49.26465043869332,27.026635980011992,23.708713581294685
M6,27.63687285113327,38.287488649747765,34.07563849911897
M8,18.70931173099703,0.0,81.29068826900297
M10,0.1137209344878974,88.24787587466886,11.638403190843235
M4,24.02560676012795,18.43288019697529,57.54151304289677
M5,52.166712483433265,24.72180489451508,23.111482622051653
M6,21.761060642081883,33.297184693417876,44.94175466450024
M8,10.737270948602056,4.371825910747012,84.89090314065093
M9,87.87440618081703,6.898717655643791,5.226876163539176
M4,25.045482226589538,17.452452151015255,57.50206562239521
M5,52.545108853917505,27.85221999850284,19.602671147579656
M6,29.370443178556805,37.545358610730496,33.08419821071271
M7,51.08415249109961,48.915847508900384,7.105427357601002e-15
M10,6.108634780262072,83.49103423027832,10.400330989459619
M4,24.333276436326972,17.80598291715643,57.860740646516604
M5,53.148472439570014,27.48964078270407,19.361886777725918
M6,26.824242388854795,36.845910592450444,36.32984701869476
M7,51.724903142623205,48.275096857376795,0.0
M9,88.16005604880401,6.745389796037452,5.094554155158539
M4,25.059804588871124,17.447771881690535,57.49242352943835
M5,52.55708081978255,27.84469853646164,19.598220643755813
M6,26.392149703861662,37.10298383981855,36.50486645631979
M7,51.12705688288497,48.872943117142086,-2.7057467377744615e-11
M8,13.32350879319541,0.0,86.67649120680458
M3,10.47477732328826,69.08835220469786,20.43687047201388
M7,48.61866787030577,49.2931547281441,2.0881774015501264
M8,14.108277757931122,0.2250521996377846,85.6666700424311
M9,91.4101122844959,2.986396331819848,5.603491383684257
M10,7.237445951313676,84.07917120287618,8.683382845810144
M3,10.191427450501507,68.28653338481796,21.522039164680535
M6,27.56465749444751,36.873335913437906,35.56200659211458
M8,14.269266966853674,3.470764997886996e-11,85.73073303311162
M9,91.08307018509487,3.5859341612824833,5.330995653622648
M10,7.492910253148037,82.79333148012641,9.713758266725549
M3,11.349843754733865,67.89146038195813,20.758695863308006
M6,27.34134084428735,37.13240771638586,35.52625143932679
M7,51.830889387096,47.62724721705047,0.5418633958535324
M9,94.20064067278346,0.72800234515059,5.071356982065946
M10,6.496409500736577,83.59655639053959,9.907034108723835
M3,12.681486748048917,67.17318937257158,20.145323879379504
M6,27.105021736328325,37.33521542072463,35.559762842947045
M7,51.692045335016644,47.9946071121995,0.31334755278385273
M8,14.004678456347326,0.0,85.99532154365268
M10,6.326162835049697,83.66825165686153,10.005585508088771
M3,11.183303709682662,67.63417592286812,21.182520367449214
M6,27.586408872997687,37.04284320544788,35.37074792155444
M7,51.08071679756808,47.923324266060064,0.9959589363718564
M8,18.66839010077029,1.9313017049508596e-13,81.3316098992295
M9,91.25618921466165,3.5323235339035004,5.211487251434853
M3,10.003900951643415,68.34739482142729,21.648704226929297
M5,50.45591966489791,28.96438018222161,20.579700152880477
M8,11.306153318185435,0.9713854887839783,87.72246119303058
M9,90.88445482634792,3.6948981665377945,5.420647007114286
M10,11.223507807553295,73.89284427974368,14.883647912703026
M3,11.4822572110367,69.13378542638021,19.38395736258309
M5,50.27208082854831,29.285977688761694,20.441941482689995
M7,46.601554643608566,51.91211658069099,1.4863287757004429
M9,90.94244322100516,3.201391021062734,5.856165757932103
M10,36.70508361455268,39.05653600677189,24.23838037867543
M3,11.756111275769477,69.33379021620017,18.910098508030345
M5,51.300488789239225,29.089822416486182,19.609688794274593
M7,46.319047120441255,53.069028317777395,0.6119245617813505
M8,9.72339106641733,4.775219596910628,85.50138933667203
M10,6.326666309054491,84.42087134801709,9.252462342928425
M3,10.780185407504547,68.0363422592533,21.18347233324215
M5,51.142891045425856,28.724180987294677,20.132927967279468
M7,47.989617571307896,49.76441417996422,2.245968248727884
M8,11.311293571588392,0.968970972346415,87.7197354560652
M9,90.90163802811077,3.6893164384003923,5.4090455334888405
M3,9.843324703265443,67.76850103659142,22.388174260143145
M5,54.98567824211787,26.694296294925365,18.320025462956764
M6,28.41831588633503,36.33718767005432,35.24449644361066
M9,91.07495966789389,3.5588396102517694,5.366200721854337
M10,6.687500495711765,83.29867962148212,10.013819882806118
M3,13.948817197388275,66.3444787715215,19.706704031090226
M5,53.77987323361522,27.393840499324384,18.826286267060397
M6,26.60292538290928,37.160444953904474,36.23662966318625
M8,11.127739190872159,0.867070989564753,88.00518981956309
M10,6.323402941104764,83.58472147927208,10.091875579623164
M3,8.23629429936793,71.87598720923296,19.887718491399113
M5,55.04838318048871,26.675935135190237,18.27568168432105
M6,28.586030727418226,36.284720079120696,35.12924919346107
M8,14.155060782055807,1.23046019146064e-12,85.84493921794295
M9,91.07567878263191,3.559793935983059,5.36452728138503
M3,9.54269869881636,70.72164412389128,19.735657177292353
M5,50.40613393284447,30.275835923119296,19.318030144036236
M6,26.217787829273426,37.870402440443016,35.911809730283565
M7,50.50357559534555,49.397933433035725,0.09849097161872322
M10,6.111915028037594,83.97854432222687,9.909540649735533
M3,10.664354992517927,67.8409918603995,21.494653147082573
M5,49.90907390343561,28.950332125764533,21.140593970799856
M6,27.437142495973777,37.12292310145049,35.43993440257574
M7,51.79999969244104,47.66978279847903,0.5302175090799324
M9,90.70841229508758,3.747496145471338,5.544091559441078
M3,12.855437975534006,67.54606162129376,19.59850040317224
M5,52.59162579705397,28.389584643731663,19.018789559214365
M6,25.969520899793316,38.046955820188636,35.983523280018055
M7,50.354853918728416,49.44208081297117,0.2030652683004135
M8,19.04121666581356,5.3816550497215604e-11,80.95878333413262
M3,9.928829865665886,68.26498581832784,21.806184316006266
M4,23.529530881242035,18.395245407987428,58.07522371077053
M8,11.51103873799868,0.7663545074302718,87.72260675457105
M9,90.06382155567738,3.9948251796935845,5.941353264629036
M10,6.217258219728867,83.84856156707154,9.934180213199596
M3,11.319595051298263,69.04436936338358,19.636035585318155
M4,22.00002077039482,19.728767314015133,58.271211915590044
M7,46.986547036251515,50.80821159365101,2.2052413700974753
M9,90.81136402042371,3.6132428084927617,5.575393171083528
M10,6.754929785930341,85.55663737726275,7.688432836806911
M3,11.19543034139013,68.9451445034052,19.85942515520466
M4,23.419526348470875,19.34938815454344,57.23108549698569
M7,46.64149127027879,51.19831273587326,2.1601959938479496
M8,9.706486921206405,4.881981484890226,85.41153159390336
M10,7.0770596510710195,84.65004285718689,8.272897491742086
M3,9.350315975723746,69.86039664938632,20.789287374889938
M4,24.14980569674324,18.860814911989664,56.98937939126709
M7,46.78373338338821,51.346198353515796,1.8700682630959946
M8,9.620068856368423,5.061518774557748,85.31841236907383
M9,90.75786591587922,3.793518371332603,5.448615712788175
M3,14.335984321951788,66.16836043621629,19.495655241831926
M4,23.61092768305892,19.487202480275258,56.901869836665824
M6,26.321320825578205,37.11962828622244,36.559050888199366
M9,92.10090407082879,3.15708682401341,4.7420091051578
M10,6.2549179078441535,83.55027865220386,10.194803439951983
M3,12.729956453356523,67.56375980116368,19.706283745479794
M4,23.681614750518445,19.280330064504966,57.038055184976585
M6,32.138072620022776,34.96220862284026,32.899718757136974
M8,14.535905244993197,5.963318432133717,79.50077632287308
M10,6.131882602639123,83.45567496674849,10.412442430612387
M3,10.922160379124772,69.04904317402693,20.02879644684829
M4,23.635157047865032,19.346910752335134,57.01793219979983
M6,29.231368358972603,37.518643455965595,33.2499881850618
M8,14.19987935727843,6.340356534561097,79.45976410816047
M9,87.4939870013416,7.230515540294457,5.275497458363949
M3,15.452747162342973,67.69285181759136,16.854401020065666
M4,23.998299609612154,19.032298218333374,56.969402172054465
M6,26.30652702504089,37.66909522751925,36.02437774743986
M7,50.62071149044083,49.321804398801085,0.05748411075808235
M10,6.206504435551691,83.81990812063715,9.973587443811155
M3,10.803277779054644,69.54273797456501,19.653984246380347
M4,23.217885402742475,18.947547378862303,57.83456721839523
M6,26.177031374392286,37.25314278611787,36.569825839489845
M7,53.51710841341481,46.03950466427804,0.44338692230714827
M9,93.77251874437243,0.7464288094473678,5.481052446180199
M3,12.655975057675182,67.71684383367966,19.62718110864516
M4,23.914345427497754,19.04821353202084,57.03744104048141
M6,26.094872468530042,37.45863036840205,36.44649716306791
M7,50.467623445431066,49.532376554568934,0.0
M8,18.698666596839033,0.0,81.30133340316097
M3,9.370945992457512,68.97653874394823,21.652515263594267
M4,23.629730523332938,18.468380951844647,57.90188852482241
M5,47.991346081360994,30.12641425491101,21.882239663727997
M9,88.97687432664337,4.461095468625904,6.5620302047307275
M10,6.132591281459701,84.01412694351417,9.853281775026133
M3,12.148937510488956,68.42001502853412,19.431047460976913
M4,22.625825335250223,20.104812339761207,57.26936232498856
M5,50.69580556172259,29.301466228225102,20.00272821005231
M8,9.052273811116427,4.558180983925391,86.38954520495818
M10,7.477586618509977,82.5356865389139,9.986726842576132
M3,9.284752149719987,68.49035676353796,22.224891086742048
M4,23.67126557507259,18.27547915658944,58.05325526833796
M5,53.29383841495775,27.939156395274843,18.76700518976741
M8,9.691100554328642,4.5788817166044575,85.7300177290669
M9,89.03476590685662,4.387138130783095,6.578095962360285
M3,11.90841735362302,69.89706255250988,18.194520093867098
M4,21.181635410814103,18.3821698895512,60.436194699634704
M5,51.67949060764894,29.80990468289268,18.510604709458384
M7,48.832021996245025,50.945340260119266,0.22263774363570832
M10,5.557120789991333,85.12428646537185,9.318592744636817
M3,11.644151324734832,69.85720442039603,18.498644254869134
M4,20.374521292161983,18.494536189619623,61.13094251821839
M5,50.43103487037924,29.610064818151724,19.958900311469034
M7,49.117516890502614,50.55464521392229,0.3278378955750938
M9,91.0094877646545,1.6742993401355035,7.316212895210002
M3,11.797694792923583,69.85637908524737,18.345926121829052
M4,24.515252048322978,18.319433795597984,57.165314156079035
M5,51.67701631312959,29.807428001005004,18.515555685865404
M7,48.82902804622582,50.947502206710496,0.22346974706368172
M8,35.88594605336875,9.513288492495125,54.60076545413614
M3,12.054351158344776,68.05171532185364,19.893933519801593
M4,24.27456138428657,17.54728611138027,58.178152504333156
M5,51.61532497722166,28.323325987852535,20.061349034925804
M6,25.956204090024258,37.23808850444553,36.805707405530214
M10,13.02220286371379,72.79309460052981,14.1847025357564
M3,10.165567304222302,69.7862027103785,20.04822998539919
M4,23.5570026073327,17.9784665932098,58.464530799457506
M5,48.38245064052475,29.43138919351655,22.186160165958697
M6,26.22160252635689,37.14926970794892,36.62912776569419
M9,89.26632654445446,4.234245800932511,6.499427654613031
M3,9.570528247058576,70.20794072601136,20.221531026930066
M4,23.309034135586447,17.95984055567776,58.7311253087358
M5,51.79635698653335,28.176296215138493,20.02734679832816
M6,28.054151027834674,38.301761934063755,33.64408703810157
M8,14.166489585125992,5.90713210157563,79.92637831329839
M3,11.707728584208349,68.93022582044912,19.362045595342522
M4,23.10712667865091,19.688158388362865,57.20471493298622
M5,52.87703875546691,27.710606148342436,19.41235509619065
M6,25.578298698718296,38.202852976151945,36.218848325129755
M7,49.41991713673278,50.58008286326722,0.0
M2,69.48211424799828,16.00951177040439,14.508373981597327
M7,48.02718410811055,49.04062666604129,2.9321892258481554
M8,14.54429604993985,0.10923217168623862,85.34647177837391
M9,91.33508400392287,3.13931068747902,5.525605308598108
M10,3.772672348532939,82.7927836212705,13.434544030196562
M2,70.63809296541623,17.276424139871914,12.085482894711852
M6,27.7323317381646,36.96312415124661,35.304544110588786
M8,14.292825708882784,0.0,85.70717429111721
M9,91.12623066676322,3.5818677315703944,5.291901601666385
M10,8.233556754259766,82.01371058526405,9.752732660476184
M2,69.68670413381102,15.910454657272565,14.402841208916415
M6,26.731509899441566,37.40477192977328,35.863718170785155
M7,47.254295927888286,47.87116768860994,4.874536383501777
M9,87.89905957794008,4.044284640083178,8.056655781976744
M10,6.681669698214043,83.85975079473909,9.458579507046878
M2,69.84736130903799,16.376289066401217,13.77634962456079
M6,26.67856123473605,37.43873680443721,35.882701960826736
M7,48.90166823807746,50.53900069552014,0.5593310664024003
M8,20.199221226264193,6.549243147016429e-13,79.80077877373515
M10,6.357264700259586,83.72857468937549,9.914160610364917
M2,70.0922627561387,16.185943627714753,13.721793616146552
M6,27.010812297120083,37.452801841316344,35.53638586156357
M7,47.04010871794269,48.19336517591842,4.76652610613889
M8,15.521171581967446,2.0465085318456117e-13,84.47882841803235
M9,91.06019002762675,3.38898361634629,5.550826356026964
M2,70.68856284763856,17.385114433036993,11.926322719324443
M5,49.39340904303642,29.251230736947623,21.355360220015957
M8,13.610884645769703,0.15555975765786373,86.23355559657243
M9,92.431081028649,0.8174063735913035,6.751512597759692
M10,11.437332802722946,73.51688530567202,15.045781891605031
M2,61.79993406207793,20.31762421291535,17.882441725006718
M5,48.136063021583425,29.2335682042307,22.630368774185875
M7,48.63900264070338,48.937471997332906,2.423525361963712
M9,90.81675414769009,3.5273715479888628,5.655874304321046
M10,6.626766365746892,83.82975869440736,9.543474939845751
M2,68.46437167346981,17.132798001965536,14.40283032456465
M5,50.472311509900344,29.161024892712305,20.36666359738735
M7,46.21860411763094,52.975095461556606,0.8063004208124553
M8,9.768752152138514,4.694887534234896,85.53636031362659
M10,6.777439567602585,85.50100490299961,7.721555529397804
M2,70.04958586014173,16.62538731804893,13.325026821809338
M5,48.69878407996982,29.232389018079594,22.068826901950587
M7,48.4803117442369,49.63295511579597,1.8867331399671272
M8,12.840357388248599,0.6705676039353423,86.48907500781606
M9,90.42441740914639,3.9714623828107953,5.6041202080428185
M2,70.0528946023735,16.417338694064817,13.529766703561684
M5,49.847262443575445,28.973638285066418,21.179099271358137
M6,27.345016267404297,37.15300002282652,35.50198370976918
M9,90.97662759309165,3.6441896455315352,5.379182761376816
M10,6.4860286243981005,83.54343242061888,9.970538954983013
M2,70.90369959581065,14.529564557501699,14.566735846687651
M5,52.580558621533456,27.829960889582797,19.589480488883748
M6,32.46290448244762,34.81134578187107,32.72574973568132
M8,13.292116420680047,0.016332032329887516,86.69155154699007
M10,6.716811243012524,82.95962206558394,10.323566691403528
M2,71.57615823321703,16.77513472585469,11.64870704092828
M5,46.75349461141811,29.862921949952007,23.38358343862988
M6,26.034830144556366,37.2584797021652,36.70669015327844
M8,14.135004974346908,2.869045388589761e-15,85.86499502565309
M9,91.08255486885317,3.5579412295087747,5.35950390163806
M2,69.71285489790628,16.49366454826419,13.793480553829529
M5,49.4378530974046,29.25424359376537,21.30790330883003
M6,27.135695387134007,37.32256383218265,35.54174078068334
M7,51.871334539835466,47.90007357343485,0.22859188672968145
M10,6.232325765739834,83.63722614496287,10.130448089297303
M2,70.76928876178964,17.14160021879908,12.08911101941128
M5,49.83736722387617,29.049257275039583,21.113375501084246
M6,27.316618726143652,37.170061485334614,35.51331978852174
M7,51.91736262833082,47.65144808491423,0.4311892867549503
M9,94.11717074515157,0.7294320101545795,5.153397244693852
M2,70.6929287589573,17.385576533027923,11.921494708014784
M5,49.48586562595264,29.219919706023358,21.294214668024
M6,27.108696720273542,37.33055739425145,35.56074588547501
M7,51.53466015094343,48.03298458426356,0.43235526479301
M8,14.014637613406036,5.551115123125783e-17,85.98536238659396
M2,70.36838794533787,17.474190904275407,12.157421150386721
M4,19.387870128606988,20.14849739567842,60.46363247571459
M8,7.759602647949438,9.94767144785629,82.29272590419427
M9,90.9487761281306,3.653657514427356,5.39756635744204
M10,11.330757500984818,73.57775923855763,15.09148326045755
M2,68.72110826020688,15.881265592634854,15.39762614715827
M4,18.364115830291894,21.34773125175201,60.2881529179561
M7,47.789271743700446,46.535559845362855,5.675168410936699
M9,91.24558872979765,3.0741867467098953,5.680224523492459
M10,3.479485285584594,83.2801162386536,13.240398475761808
M2,68.52120968980863,17.19603383639569,14.282756473795683
M4,24.12819836611685,18.847502698699625,57.02429893518352
M7,46.63802478255166,51.73445256821604,1.6275226492322972
M8,11.227289075594669,1.1196225373074111,87.65308838709792
M10,7.130575405537936,84.56187987594795,8.307544718514109
M2,69.40545752780929,16.44627352674906,14.14826894544165
M4,20.68851707033927,20.27262542695214,59.03885750270859
M7,47.60462964719159,49.825525396939284,2.5698449558691294
M8,14.041393905628075,0.29898340410477797,85.65962269026716
M9,90.82227112463357,3.7165021730636227,5.461226702302804
M2,67.95074042989336,18.151379627259246,13.897879942847396
M4,23.90489731667004,18.18578507029607,57.909317613033885
M6,27.804537718678525,36.562600999395144,35.63286128192634
M9,91.1200639387037,3.542512351122057,5.3374237101742485
M10,12.295024974031396,78.1754168865114,9.529558139457208
M2,70.87356633167825,14.545476606137848,14.580957062183904
M4,23.816636163743876,17.925270184892174,58.25809365136395
M6,32.42050679710574,34.838067897438506,32.74142530545576
M8,13.317704312486374,1.454067602227382e-10,86.68229568736822
M10,6.10877011100707,83.49118405573108,10.400045833261842
M2,62.230576103427744,19.281122980567655,18.4883009160046
M4,23.933933353746752,18.19469209122114,57.871374555032105
M6,27.82936562150127,36.5750776172752,35.595556761223534
M8,19.198820511191172,0.0,80.80117948880883
M9,91.11312931459715,3.5453038965740427,5.341566788828812
M2,69.66201614795797,16.310104148849568,14.027879703192461
M4,22.443894809750685,19.512974291186392,58.043130899062916
M6,25.630265488662975,37.55128393980314,36.81845057153389
M7,47.86413029006905,51.51128813486782,0.6245815750631323
M10,6.253452872466143,83.86362534606663,9.882921781467232
M2,69.72766038970663,16.229514733625237,14.042824876668135
M4,19.038991802557423,22.29497055876217,58.66603763868041
M6,26.031155931122186,37.29873868176788,36.670105387109935
M7,53.40610664491103,46.14701709801923,0.44687625706974643
M9,93.85154980255123,0.7737200361009631,5.374730161347804
M2,69.67250809943671,16.406324453917634,13.921167446645654
M4,22.628481935673637,19.265624794341868,58.1058932699845
M6,26.482903860481052,37.27368156554723,36.24341457397171
M7,47.56775317783393,51.81066671242827,0.6215801097377991
M8,14.458705456887238,5.416824118515462,80.1244704245973
M2,69.06596481183408,16.972972210074218,13.961062978091704
M4,14.630102376033701,22.050808290640575,63.31908933332572
M5,48.12396186493027,29.82719652389181,22.048841611177917
M9,89.85873415769895,4.102458913835149,6.038806928465903
M10,6.273335569704316,83.91305899791784,9.813605432377841
M2,68.91833593903756,17.524250700039506,13.557413360922933
M4,23.670952382473764,18.272749535069135,58.056298082457104
M5,50.950576633809824,28.82620912798776,20.223214238202416
M8,11.316493612608324,0.7862777415071925,87.89722864588448
M10,6.40555782547601,83.56008737613435,10.034354798389643
M2,68.7602912901802,18.250181747718624,12.98952696210117
M4,23.467885964696652,18.419194879007605,58.112919156295746
M5,48.54134771413676,29.679831112715572,21.778821173147666
M8,36.88077435645734,9.094421766596204,54.02480387694646
M9,89.63095078037074,4.158078979937546,6.210970239691715
M2,68.59277338102716,16.894751523578396,14.512475095394446
M4,16.456963865519338,18.647428779898718,64.89560735458194
M5,45.0440185519405,29.309593308899093,25.646388139160404
M7,44.88327213610482,54.94283433103627,0.17389353285890508
M10,3.5405479234955664,86.75508758661682,9.70436448988761
M2,68.30948231117598,16.996406675344115,14.694111013479901
M4,20.37843034491156,19.819201872445145,59.80236778264329
M5,43.97415665013922,30.267682066970803,25.758161282889976
M7,46.62066841243639,51.8241844617767,1.5551471257869096
M9,90.80002150432685,3.6620841465094154,5.537894349163735
M2,69.05549235898289,16.95828994583472,13.98621769518239
M4,21.9272301084323,19.026047424614962,59.046722466952744
M5,50.39195014814208,29.39383674974487,20.21421310211305
M7,44.56636664744466,54.797733279564675,0.6359000729906654
M8,9.89540980816731,4.851019037392658,85.25357115444002
M2,68.1860628525982,16.747506227285626,15.066430920116176
M4,23.46919288825758,18.056703504752193,58.47410360699023
M5,51.655472379989014,28.482977296731608,19.861550323279378
M6,28.411024120327664,38.245803571220875,33.34317230845146
M10,6.032910864906656,83.5715862752201,10.395502859873247
M2,69.14216938791341,16.26156806648957,14.596262545597018
M4,24.271916875822452,17.834328765969136,57.89375435820841
M5,49.93076748282542,28.747306941054315,21.32192557612026
M6,26.24584806779226,37.11435889942987,36.63979303277788
M9,92.277792355412,3.1134951640773636,4.608712480510633
M2,68.88286484385938,16.192140339648265,14.924994816492354
M4,23.545267337998666,18.020299725576034,58.434432936425296
M5,52.12884335385613,28.122165674823382,19.748990971320485
M6,25.927411533907055,37.34612773860119,36.72646072749176
M8,11.636695479394586,0.6189318490790203,87.74437267152639
M2,68.91570480139309,17.531199576406195,13.553095622200715
M4,24.003372210034232,19.07083792387484,56.92578986609093
M5,49.70765475700649,30.050006730609823,20.24233851238369
M6,26.242642006972233,37.80380112733564,35.95355686569213
M7,50.40288758813028,49.58895665631987,0.008155755549850596
M2,62.44253874305552,21.32982675717805,16.227634499766427
M3,9.803048683289369,69.5955778411571,20.60137347555353
M8,14.435132608764587,1.102933490247927e-14,85.5648673912354
M9,90.94161730423043,3.8326461106513228,5.225736585118243
M10,7.142584363699073,84.50172561132386,8.355690024977065
M2,67.40446534977265,12.760359988148503,19.83517466207885
M3,12.047793027802934,68.6615596026258,19.29064736957126
M7,46.4456425694452,50.833439867029824,2.720917563524978
M9,91.02831090201143,3.7049038203415092,5.266785277647064
M10,6.146627769378249,84.84384949422223,9.009522736399518
M2,71.8553001644983,13.59213399456188,14.552565840939817
M3,12.742010837311467,69.13758478314382,18.12040437954471
M7,44.94576938922631,53.38079634284983,1.6734342679238665
M8,14.304340327399208,0.14276585549504106,85.55289381710575
M10,5.749190592402773,84.92001518287793,9.330794224719298
M2,73.1126767538097,13.658454219748679,13.228869026441627
M3,0.7859291998473986,67.66185977165127,31.552211028501333
M7,46.340319050386526,51.01027758131645,2.6494033682970226
M8,14.534755827536118,0.027786099424674332,85.43745807303921
M9,90.03998270606218,5.399390634498872,4.560626659438952
M2,68.8059570640019,15.43275192929097,15.761291006707129
M3,10.724148520357184,68.74218627346879,20.53366520617402
M6,23.8176436188257,37.87548147704474,38.306874904129565
M9,91.50318807114395,3.1984733544613655,5.298338574394682
M10,6.944572538415514,84.14308755191743,8.912339909667054
M2,69.91023483766377,14.600229977575243,15.489535184760992
M3,11.694361719551903,68.80653346328877,19.49910481715932
M6,25.42896854550204,39.30749257121988,35.26353888327807
M8,13.475782856230076,0.3856869167426744,86.13853022702726
M10,6.211486392210153,84.3862128742158,9.402300733574052
M2,68.9360783582601,15.35169059607643,15.712231045663465
M3,11.082351075912616,69.17298473878846,19.74466418529893
M6,25.127372039211945,38.07228556680694,36.80034239398111
M8,11.57953735675705,5.272963412396484,83.14749923084648
M9,91.25436552466033,3.6932183614789666,5.052416113860704
M2,67.11950460866858,19.427782394597198,13.452712996734224
M3,12.170531571794797,68.62982945807316,19.199638970132042
M6,25.271408214838235,39.48716167546701,35.24143010969476
M7,51.03770708633744,48.87960308161091,0.08268983205164915
M10,5.772857355090661,84.76125226077694,9.465890384132393
M2,67.01043518630047,19.44333544045941,13.54622937324012
M3,14.892383386120253,67.56626984319578,17.54134677068396
M6,27.761121462859585,38.65205760162683,33.58682093551358
M7,48.18700267679178,49.62462176419466,2.188375559013565
M9,92.83704731323476,3.0836300078087717,4.079322678956466
M2,67.06249789564085,19.453152227263043,13.484349877096111
M3,12.292192403952983,68.57930677361392,19.128500822433097
M6,25.458661432648462,39.41199968687397,35.129338880477576
M7,51.14458006227586,48.833063525811085,0.022356411913058594
M8,13.08257772750074,0.5448933377967692,86.3725289347025
M2,67.53911942820015,16.19096942848789,16.26991114331196
M3,8.990821173144603,67.50610510671554,23.503073720139852
M5,47.136871346813685,28.886072515561047,23.97705613762527
M9,90.93002929891608,3.369591740641059,5.700378960442858
M10,36.59659755701319,39.43160939846987,23.971793044516943
M2,68.16334472686502,16.818578743490598,15.018076529644382
M3,11.59903270474409,69.8170513347303,18.583915960525616
M5,47.42127784542521,29.385848942576107,23.192873211998684
M8,9.709484277378987,4.900644814301365,85.38987090831965
M10,6.723576222740739,85.51089980860618,7.765523968653071
M2,67.59544168312276,16.14543465218156,16.259123664695682
M3,9.16480431280579,69.16976530616544,21.66543038102877
M5,47.04512116434242,28.932194619723603,24.022684215933978
M8,9.994287199148111,5.363034335510849,84.64267846534104
M9,89.8268954087346,5.478113437703383,4.694991153562016
M2,66.943066554717,16.573488432817403,16.48344501246559
M3,11.409634861628955,69.90729990003186,18.683065238339182
M5,47.455048889197464,29.421525295438773,23.123425815363763
M7,44.6389649330949,54.793412842927154,0.5676222239779491
M10,3.604400823825647,86.83995075737894,9.555648418795414
M2,72.44786258317461,14.107914601907995,13.444222814917394
M3,12.265439657372667,69.8303814159535,17.904178926673836
M5,51.754083272297905,29.96635635661481,18.279560371087285
M7,45.48000212009232,54.00721286248715,0.5127850174205264
M9,89.7056995381758,5.656134045428908,4.638166416395299
M2,69.00131837586119,16.938519779585956,14.060161844552855
M3,11.914362387925543,70.01823614689309,18.067401465181376
M5,51.881367148003456,29.537738353549045,18.5808944984475
M7,44.68660792862054,54.7674968542766,0.5458952171028599
M8,10.162629322442541,5.015099608553534,84.82227106900393
M2,68.7877098806069,16.375807549414105,14.836482569978998
M3,12.378315846161456,68.98988060737025,18.63180354646829
M5,50.276037500745275,29.768076030820115,19.95588646843461
M6,20.76829389507043,38.91073213798422,40.32097396694535
M10,5.533522266657813,85.13461123713336,9.331866496208832
M2,70.33816031278933,14.263360198524929,15.398479488685744
M3,10.992427046557777,69.50490742245812,19.502665530984103
M5,49.14111693958821,28.76906723614906,22.089815824262732
M6,21.863141207855016,38.264801644871575,39.8720571472734
M9,88.9182741097296,6.316781696003627,4.7649441942667785
M2,68.93945847228203,16.881775764713062,14.178765763004911
M3,12.432001802352481,69.05004515027787,18.517953047369645
M5,50.351954294861756,30.076703329530865,19.57134237560738
M6,25.429838853678593,38.18588823900691,36.384272907314504
M8,9.534727420904641,4.798452563526091,85.66682001556927
M2,72.34123444719658,13.82875045076173,13.830015102041687
M3,12.660625319535917,69.19273333596388,18.14664134450021
M5,51.39463057143361,29.87280696467557,18.732562463890822
M6,22.941138865935066,39.6664938766688,37.392367257396124
M7,45.43004543302558,54.02207491393408,0.54787965304034
M2,67.53345439974039,16.19749366856151,16.269051931698097
M3,9.186653844001693,69.2702641575841,21.54308199841421
M4,16.822175407790407,19.245001071375953,63.93282352083364
M9,90.73443261707514,3.8325747336138165,5.432992649311041
M10,36.50743315751747,39.332353135074875,24.160213707407657
M2,68.41031951964119,16.802153292474888,14.78752718788392
M3,12.219396236666114,69.29778065756823,18.48282310576566
M4,21.048233196911898,20.457359028203527,58.49440777488458
M8,9.710700250988795,4.894796258246066,85.39450349076515
M10,6.745951096816621,85.46067123773699,7.7933776654463855
M2,67.5363572906923,16.205677238901078,16.257965470406628
M3,9.242940788429234,69.66485336161496,21.092205849955803
M4,16.79805764344858,19.065565352631406,64.13637700392002
M8,1.627584596651587,5.150647170508283,93.22176823284013
M9,90.76739919997713,4.189274372285068,5.043326427737798
M2,67.23996812875771,16.437779648317886,16.322252222924405
M3,11.749656267656938,69.94070824048354,18.30963549185951
M4,21.032492448531872,20.56245554791587,58.40505200355226
M7,44.82170400744086,54.54038839910926,0.6379075934498815
M10,5.517773411014606,85.17891606419859,9.30331052478681
M2,68.73339515948057,17.435428001277483,13.831176839241952
M3,9.191195349209073,69.33727274363146,21.471531907159473
M4,21.560193024182375,20.540210093471206,57.899596882346415
M7,45.70571610824871,51.97159741401211,2.3226864777391825
M9,90.22144088835944,5.197034368529375,4.581524743111186
M2,69.19088365327558,16.844936089480612,13.964180257243811
M3,11.999737925851054,69.99730261820646,18.002959455942488
M4,23.272912685447164,18.615439835364224,58.111647479188605
M7,44.895659551021254,54.567551301761846,0.5367891472169006
M8,0.6475657929626986,6.3517835177262985,93.000650689311
M2,68.70000406326957,16.446877212085106,14.85311872464532
M3,10.907697525179298,69.09008693784746,20.00221553697324
M4,21.71483859960271,20.172854119284924,58.112307281112365
M6,25.139185827987685,39.354363928547194,35.50645024346512
M10,5.6359986923464405,84.97332512106736,9.390676186586191
M2,69.57887981505615,14.834318464053318,15.586801720890527
M3,10.874865676448387,69.12086989868213,20.004264424869476
M4,20.27066541175007,21.019674867929353,58.70965972032057
M6,25.630821065658704,39.2062303962134,35.16294853812789
M9,91.28401998087719,3.6894318061806017,5.026548212942208
M2,69.12012823492334,16.53640418474718,14.343467580329477
M3,11.044677071843658,68.98261871925443,19.972704208901902
M4,22.351066320430984,19.87793354372058,57.77100013584843
M6,25.46823919402047,39.1973405219036,35.33442028407593
M8,10.005124381961867,4.970350784964391,85.02452483307374
M2,68.60329323395038,17.277330235940685,14.119376530108934
M3,9.524009645704506,71.91261829750106,18.563372056794435
M4,22.68519014291148,20.111619964477903,57.20318989261062
M6,25.132050723789895,39.505530110187415,35.3624191660227
M7,46.176020287672394,53.35462119222075,0.46935852010685863
M2,67.07930805810709,16.641576930707494,16.279115011185418
M3,11.208292276146972,69.79600525414868,18.99570246970434
M4,16.446288084237846,18.667538569467272,64.88617334629488
M5,46.97979422946309,29.399823000756456,23.620382769780456
M10,6.70454551704073,85.53748550221489,7.75796898074438
M2,70.54797035150715,13.943413449051205,15.508616199441649
M3,11.901498631833995,70.01995809734468,18.078543270821328
M4,16.268361706800405,19.39778322378812,64.33385506941147
M5,46.64912458548864,29.357453139409824,23.993422275101533
M9,90.14189277844801,5.149299541226128,4.708807680325862
M2,68.71330590969366,16.948834514774358,14.337859575531983
M3,11.714255741694286,69.91293660285486,18.372807655450856
M4,16.44134616309657,18.665798346061536,64.8928554908419
M5,46.99592144569764,29.401472475434964,23.602606078867396
M8,7.726474304756168,9.928675403487912,82.34485029175592
M2,69.15153357361916,16.131474071567876,14.716992354812962
M3,13.335509525454844,71.43795633342985,15.226534141115309
M4,22.53845178395217,21.748206678114627,55.7133415379332
M5,49.02526136914764,31.77742157119517,19.197317059657188
M7,43.2633187959546,56.25489290222267,0.4817883018227249
M2,68.99206726049957,16.980586728737002,14.02734601076343
M3,12.211505390624874,68.82164057906405,18.96685403031107
M4,19.588921139048427,19.78074185494546,60.630337006006116
M5,49.79098373089811,29.997769871459834,20.211246397642054
M6,20.792715208266255,36.39343136427797,42.81385342745577
M1,36.0387039233823,33.80485941080777,30.156436665809927
M7,48.21470180646463,49.210373096725675,2.574925096809693
M8,15.096256261097341,0.14300861477595928,84.7607351241267
M9,90.50137691307953,4.019504616360663,5.479118470559811
M10,7.2941768078621925,83.74293457881807,8.962888613319748
M1,32.55572466797625,34.48916131921875,32.955114012805
M6,26.901070928620825,36.726645056094036,36.37228401528514
M8,15.609584789874154,0.05518936943655448,84.3352258406893
M9,76.90068917755615,9.425100638839435,13.67421018360442
M10,7.720753153712481,83.49754735068639,8.781699495601131
M1,36.93888963423823,34.002406065398304,29.058704300363466
M6,27.507489978691847,39.09135411915173,33.40115590215642
M7,48.287971306266414,48.975980450936405,2.7360482427971817
M9,90.83018500340913,3.9606080667749692,5.209206929815903
M10,7.2632253947688215,84.14870776041091,8.588066844820261
M1,36.23994854277112,33.91618376009643,29.843867697132453
M6,25.877812179506634,39.33592191159228,34.786265908901086
M7,48.172933566431766,49.38587242779584,2.4411940057723953
M8,15.452837923230819,1.0266487550183315e-13,84.54716207676908
M10,10.089541963676067,75.3967965404003,14.513661495923628
M1,36.26375739535578,32.75574314594347,30.98049945870075
M6,26.937560602793937,36.97067878669154,36.09176061051452
M7,48.74703922893919,49.253420809772265,1.9995399612885478
M8,15.761914704897785,0.0,84.23808529510221
M9,92.7214794493974,3.325995976580054,3.952524574022539
M1,35.12775784080595,32.50667757375339,32.365564585440666
M5,48.63851191738049,27.50788025056972,23.85360783204979
M8,14.213323244620769,0.8276716698515786,84.95900508552765
M9,90.41249360044914,4.957417109402495,4.630089290148367
M10,7.855067141725719,82.92939413806718,9.215538720207093
M1,34.98625475427162,32.82250863792283,32.19123660780556
M5,48.26541142747391,28.077558137132336,23.657030435393757
M7,47.22930966158634,50.3435097802306,2.4271805581830606
M9,90.9639677280089,4.082758223285854,4.95327404870525
M10,6.141428020435889,84.13091218090067,9.727659798663453
M1,37.14780637214711,33.97210617463767,28.880087453215218
M5,50.68681825234308,30.215192668663803,19.097989078993116
M7,45.85371884173628,51.87534857397881,2.270932584284907
M8,10.637715920037603,5.121939429260788,84.2403446507016
M10,5.414077622236123,85.3221629686165,9.263759409147383
M1,34.981590943250545,32.7854692467489,32.232939810000545
M5,48.531531190378466,27.62948644347336,23.838982366148173
M7,46.77340942748914,51.13432119233721,2.092269380173647
M8,11.72992523090004,4.97250748339206,83.2975672857079
M9,90.47774348324826,4.937989649480114,4.584266867271625
M1,36.07874659310327,32.89652124793659,31.02473215896014
M5,48.39191518111403,28.282334706434384,23.325750112451587
M6,22.92707129700731,35.00685230323744,42.06607639975526
M9,90.7617972304136,4.659637777649056,4.578564991937338
M10,2.620969928271071,84.38903797114521,12.98999210058372
M1,35.344846859314075,33.58425932110984,31.070893819576085
M5,51.75057064686298,28.15565505190758,20.093774301229438
M6,23.74412659486175,38.18297238560678,38.072901019531464
M8,11.694100231256773,4.8534794206033105,83.45242034813992
M10,0.8423778501422702,87.1127216324353,12.044900517422434
M1,35.64991365352285,32.012841688885764,32.33724465759139
M5,51.23163255064713,23.457464891132773,25.3109025582201
M6,22.963599436707938,34.960802066727695,42.07559849656437
M8,11.871554194495406,4.798947840351881,83.32949796515271
M9,90.2606607365896,5.558060357635983,4.181278905774417
M1,35.4199249156278,33.43685987049541,31.143215213876786
M5,53.52156318902773,28.724455284554107,17.753981526418162
M6,29.127007125789444,40.22976235859636,30.643230515614192
M7,47.46148185212122,52.04510721660225,0.4934109312765358
M10,4.891758931748969,85.55330925284687,9.55493181540416
M1,36.05311912793323,31.99647223710544,31.95040863496133
M5,52.828870958523595,27.378792078222286,19.79233696325412
M6,24.902205329400765,36.184875200628206,38.91291946997102
M7,48.190575882727245,51.24229804416578,0.5671260731069765
M9,86.48044457006107,8.788955754917499,4.730599675021434
M1,35.24389638289314,33.059465651652886,31.696637965453974
M5,53.55878972263124,28.696925613283796,17.744284664084965
M6,29.076679869747043,40.28472770477621,30.63859242547675
M7,47.37259927198238,52.124346371207736,0.5030543568098835
M8,13.961944057120936,5.715984468451805,80.32207147442726
M1,34.67743465594271,34.37938165547897,30.943183688578323
M4,22.410735351103533,20.065315791374896,57.52394885752156
M8,14.673144921993739,0.028314704363730046,85.29854037364252
M9,91.0496146395835,3.8325336503229046,5.1178517100936
M10,9.83147179418317,85.35037649393102,4.818151711885804
M1,35.040417465528435,34.50562042850452,30.453962105967044
M4,22.45965235699973,20.52169960007216,57.01864804292811
M7,47.51210742679505,49.93367467776096,2.5542178954439905
M9,90.67517816978805,3.967742341669066,5.35707948854288
M10,6.176373198409374,84.43030665818748,9.393320143403145
M1,36.44775439216141,33.740448978161425,29.81179662967717
M4,21.824952699013984,20.960576060355685,57.21447124063034
M7,44.11033127817141,54.14127150629886,1.7483972155297351
M8,11.292518770874745,5.408990452107323,83.29849077701793
M10,5.465890236490064,85.37321138885865,9.160898374651282
M1,34.56460446401667,34.564207225137665,30.871188310845668
M4,24.534048965123862,19.473941515135746,55.99200951974039
M7,47.02125292061554,50.32846318101837,2.650283898366091
M8,14.682645411351878,6.119918607181591e-11,85.31735458858692
M9,91.06906608889292,3.7975365686715845,5.133397342435491
M1,36.18728446338494,33.72713273725673,30.085582799358328
M4,19.251729439421748,21.78159616670561,58.96667439387264
M6,28.411408567659144,37.79242277802563,33.79616865431522
M9,91.34666741244918,3.7203726387706384,4.932959948780183
M10,12.351110616922927,79.180796424747,8.468092958330075
M1,35.074442670291546,34.30308766355527,30.622469666153187
M4,23.801591155075396,19.237185419532434,56.96122342539216
M6,25.639432539250794,38.078340248779625,36.282227211969584
M8,13.700111072463127,0.4720851018777316,85.82780382565913
M10,6.180001993361715,84.19363633879564,9.626361667842644
M1,35.880445941141026,33.087403087024335,31.032150971834632
M4,19.262585593008776,21.823270981662482,58.91414342532874
M6,28.566700863547624,37.99533164563201,33.43796749082037
M8,15.488671058015274,0.013809322549840311,84.49751961943488
M9,90.69895136574613,5.066049302631031,4.234999331622843
M1,35.56288288857565,34.31770472005315,30.119412391371206
M4,23.698174328274597,20.069596629530075,56.23222904219532
M6,27.71488783325675,38.68553698949893,33.59957517724432
M7,47.38946667419272,49.94375706455242,2.66677626125486
M10,6.262208518594278,84.46260185401108,9.275189627394639
M1,35.88460902917965,33.44532834813027,30.67006262269009
M4,26.399635842101016,19.065286272582007,54.53507788531697
M6,29.998184539963997,39.88536227414171,30.116453185894287
M7,48.406091317718555,49.332573523784795,2.2613351584966495
M9,92.86740912588624,3.1521206451060095,3.98047022900775
M1,38.476839689173005,34.74347960764761,26.779680703179388
M4,25.86842890021345,19.1664222731348,54.965148826651756
M6,27.768032622762053,38.64943744548248,33.582529931755474
M7,47.58279224154434,49.882551737764864,2.5346560206907967
M8,21.88089581966489,1.5764932518704362,76.54261092846468
M1,37.96181363034583,32.81166217674894,29.22652419290523
M4,16.171748018285413,19.30533725237537,64.52291472933922
M5,45.22035783669159,28.96500896705713,25.81463319625128
M9,90.56538245282944,4.010077975132886,5.424539572037674
M10,6.76711246344859,85.35800118557437,7.87488635097705
M1,37.92956515422323,32.86258537634769,29.20784946942908
M4,21.14339567633038,20.61990021894219,58.23670410472742
M5,49.97688061375107,30.28439496327021,19.73872442297872
M8,9.692552593128411,4.94968954692431,85.35775785994728
M10,6.736111585478272,85.43687283983893,7.827015574682804
M1,32.904974967302614,34.218915692905355,32.87610933979202
M4,21.075076587771566,20.57685291980339,58.34807049242505
M5,45.23059168811785,28.951632235445626,25.817776076436527
M8,9.692088068703383,4.931838641925142,85.37607328937148
M9,90.48780787708475,4.25396245840783,5.258229664507422
M1,36.562734995252555,34.33026811583398,29.106996888913464
M4,20.553626127021005,21.01242310074614,58.433950772232855
M5,48.98136549974887,31.038842260059905,19.979792240191227
M7,43.38113034715998,55.94840237440664,0.6704672784333781
M10,5.316093771990562,85.53931832436966,9.144587903639774
M1,33.785391842835615,33.9217350861753,32.292873070989074
M4,20.934641302374654,20.84011061552906,58.225248082096286
M5,51.05819315161739,30.15083911034804,18.79096773803457
M7,48.208311777958336,51.791688588559005,-3.6651734092174593e-07
M9,91.04845365598669,1.6984324452972355,7.253113898716073
M1,33.99887729484328,33.979057503185075,32.02206520197164
M4,21.1436318500765,20.757835046299956,58.09853310362354
M5,50.91118143102439,30.269728406513693,18.81909016246192
M7,44.05107422416153,55.44260928942788,0.50631648641059
M8,7.895491875232524,9.90174581077652,82.20276231399096
M1,34.45384256298501,31.006765769712896,34.539391667302084
M4,22.756587673209108,20.389063931736406,56.85434839505449
M5,50.24194902470639,29.982747286340288,19.77530368895332
M6,25.856820848279412,37.94435567572016,36.19882347600043
M10,5.867565206017907,84.34991435537819,9.78252043860391
M1,34.80868767757216,32.628196522146574,32.563115800281274
M4,17.827222262579653,16.100296201060747,66.0724815363596
M5,46.95597133548112,27.941395835024395,25.10263282949449
M6,21.650681429448948,37.06868229101826,41.280636279532786
M9,86.72752751547377,8.02558195255748,5.246890531968752
M1,36.1833174124275,31.951169405376437,31.865513182196064
M4,20.97562658534772,20.37429399294548,58.65007942170679
M5,50.074401856510455,30.149916390672068,19.775681752817476
M6,23.75095489680472,40.2358505663469,36.013194536848374
M8,9.598907184376575,4.84646079386929,85.55463202175414
M1,36.838895209092115,34.09714500723916,29.06395978366872
M4,23.00487855740199,19.968320030884282,57.02680141171372
M5,51.05352739883621,30.152561211601736,18.793911389562055
M6,24.977229311928625,40.09204751644267,34.930723171628706
M7,44.839384862004685,54.744115897957535,0.4164992400377798
M1,36.06263810041686,34.81131848530635,29.126043414276786
M3,10.300283607241902,67.80402977756299,21.895686615195103
M8,12.28918147403948,5.367083266992291,82.34373525896822
M9,91.38083239255617,3.667367036063184,4.951800571380644
M10,7.3663773783926025,84.91424502471047,7.719377596896933
M1,36.957053052204394,34.88655673020454,28.156390217591067
M3,10.016740504397468,68.01343001861802,21.969829476984515
M7,47.90307198460315,49.276595473274234,2.820332542122614
M9,92.92850887725423,0.8227673211635643,6.248723801582205
M10,5.1988365160096475,67.57869578082743,27.22246770316292
M1,33.97168619393265,34.06079538923686,31.9675184168305
M3,12.586734942112939,70.3422479000649,17.071017157822155
M7,44.6698480864712,54.822037451011504,0.5081144625172982
M8,11.799174189831035,5.4849486758428565,82.7158771343261
M10,5.429549140778563,85.68079428615496,8.889656573066475
M1,36.97565528554486,34.86912505056553,28.15521966388961
M3,10.256345688248723,70.33405309901079,19.409601212740483
M7,46.53650855234101,51.506371290829435,1.9571201568295535
M8,11.204751662147265,5.280442241132599,83.51480609672014
M9,90.11634366838084,4.301811942721305,5.581844388897859
M1,37.05513008886907,34.74312388417029,28.20174602696064
M3,9.922134337154073,67.66638419009118,22.411481472754744
M6,22.45220248119196,39.08200674014685,38.46579077866119
M9,91.76980713916954,3.4878181322419586,4.742374728588498
M10,7.6111733104361186,84.78338285360357,7.605443835960315
M1,36.999671644804366,34.851322987254875,28.14900536794076
M3,12.32119342361924,68.5523774440586,19.12642913232216
M6,20.860204891102534,38.68450403333812,40.45529107555934
M8,12.72192888843701,5.386724767499753,81.89134634406324
M10,12.318573234359512,79.59522573850927,8.08620102713121
M1,37.085066245261906,34.76642702670951,28.148506728028586
M3,16.58671299638841,67.70137618757896,15.711910816032628
M6,21.045454858278447,38.48923500909354,40.46531013262801
M8,12.767436522350032,5.372417050070686,81.86014642757928
M9,91.44765156285398,3.9672562017963284,4.585092235349695
M1,37.00337766975032,34.84735969789945,28.14926263235023
M3,12.364392468224638,68.56969602014635,19.06591151162901
M6,20.858656448563192,38.68198449268598,40.45935905875083
M7,47.22076086464391,51.69174972598648,1.08748940936961
M10,5.196813807754506,67.45319212162951,27.349994070615978
M1,37.03298352508401,34.69704046432442,28.26997601059157
M3,12.333434666217826,68.5431206709518,19.12344466283038
M6,21.039934321473073,38.72097421505779,40.239091463469144
M7,46.93118804210064,51.48369927560589,1.5851126822934631
M9,85.15065112359689,10.000868885036203,4.84847999136691
M1,36.988151266334285,34.861264151355286,28.15058458231043
M3,12.394631271366434,68.57930364823122,19.026065080402347
M6,20.85878386245945,38.68352593229894,40.45769020524161
M7,48.95503164913108,50.33886478109961,0.7061035697693114
M8,11.989746690524134,5.404480142787697,82.60577316668818
M1,34.10017964630917,34.061712570449664,31.838107783241163
M3,11.596167757605775,70.04447012857301,18.35936211382122
M5,47.6069422277284,29.976554530142064,22.416503242129533
M9,92.19309324015074,1.056861561969627,6.750045197879628
M10,6.532461166834245,85.81819792315419,7.649340910011574
M1,34.178642601005784,33.941244969113754,31.88011242988047
M3,8.093774517354358,70.08264673500041,21.82357874764523
M5,46.26764294315247,30.112354771928047,23.620002284919487
M8,11.113076894398997,5.636180420702343,83.25074268489865
M10,5.470746647187299,85.62042137560809,8.908831977204613
M1,33.549333462971056,34.06112540867563,32.38954112835332
M3,11.506819239790772,69.83561891957498,18.657561840634244
M5,46.58183772957623,29.658328233478,23.759834036945772
M8,11.240688898026615,5.441669318676762,83.31764178329662
M9,86.88207611894838,10.348427395169404,2.76949648588222
M1,32.80147185231179,35.24674335512899,31.951784792559216
M3,11.312312418292562,71.74678263122023,16.94090495048721
M5,45.279558303940064,31.09566937230569,23.624772323754247
M7,44.6520266650073,51.81838706406464,3.529586270928064
M10,5.092823284101668,86.20514216892364,8.702034546974687
M1,33.54096005215716,34.457911311957446,32.001128635885394
M3,11.147552852646273,69.97016805051116,18.882279096842566
M5,46.84664793404367,30.054823799748387,23.09852826620794
M7,43.471075449561006,54.98339522458539,1.5455293258536074
M9,92.27204967856261,0.9898860949557489,6.738064226481642
M1,33.16039654006265,34.77665003780633,32.062953422131024
M3,11.442781116807284,71.32681333593747,17.230405547255245
M5,45.71121795637459,30.62944334298184,23.65933870064357
M7,43.88755577571213,55.614653763950585,0.4977904603372849
M8,10.944144802177133,5.850312988714748,83.20554220910812
M1,36.260610324554115,32.67478248835067,31.064607187095213
M3,6.304278621997528,76.21061374407797,17.4851076339245
M5,49.206717570848156,30.292879870688008,20.500402558463836
M6,21.02519514098402,40.548965157099204,38.42583970191677
M10,5.1083171574672015,86.09076571987211,8.800917122660692
M1,37.109679716709195,30.490418101819742,32.39990218147106
M3,10.512263472202571,68.18793407530953,21.299802452487896
M5,51.25307196336368,27.792097453623924,20.954830583012395
M6,23.31059007576164,39.47297428752634,37.21643563671202
M9,88.71869379772689,9.028383610218384,2.2529225920547304
M1,36.055985884172934,32.46626704149632,31.477747074330743
M3,12.389850714240223,70.47721301409277,17.132936271667006
M5,51.551845030536114,30.730341306418428,17.717813663045458
M6,21.79656373251895,38.09319365532395,40.1102426121571
M8,10.328379249631668,5.209787061931761,84.46183368843657
M1,34.889117355539824,34.698113943841584,30.412768700618592
M3,10.489236692791925,71.19691308903599,18.313850218172092
M5,46.16667194987306,30.32173594279794,23.511592107328998
M6,18.394781678966947,39.2534356610442,42.35178265998885
M7,44.39307548856598,55.05698872476432,0.5499357866697068
M1,33.94276664257394,34.10900573378358,31.948227623642474
M3,12.529121663350718,70.32714512205544,17.143733214593837
M4,17.010510030476436,20.214191400806552,62.775298568717005
M9,91.8581444765875,1.7201453893348464,6.421710134077656
M10,6.682922718132454,85.97077615029274,7.346301131574805
M1,34.224466380404834,34.033739482450805,31.74179413714436
M3,12.395141154092181,70.3346116439699,17.27024720193792
M4,16.594099394389904,19.983105581287074,63.42279502432302
M8,11.296098438873226,5.490349794779287,83.21355176634748
M10,5.401905288605997,85.62466142623643,8.973433285157569
M1,33.75521742070187,34.03671754542353,32.208065033874604
M3,12.080567419682305,70.0614145398707,17.858018040446993
M4,16.759007111112712,19.942117551311085,63.298875337576206
M8,10.244596556501618,5.171641900578941,84.58376154291943
M9,90.91115252888267,3.7422034475796777,5.346644023537655
M1,33.7849411413332,34.227166597201695,31.9878922614651
M3,12.023977530635849,70.85164924324603,17.124373226118124
M4,20.416159930289858,21.085606273086373,58.498233796623765
M7,44.44924657007485,55.04723539084057,0.5035180390845824
M10,5.386460394293409,85.7280484478562,8.885491157850396
M1,33.88865935245428,34.158245464849635,31.95309518269608
M3,11.941665448052309,70.07856687636988,17.97976767557782
M4,16.548234770653632,20.09073466632252,63.361030563023846
M7,43.959462356276916,54.51022145587066,1.5303161878524207
M9,83.81497485859039,11.119099809646757,5.065925331762854
M1,33.81277361070155,34.109830091951416,32.07739629734703
M3,11.87757903020856,70.77436599091199,17.348054978879446
M4,21.143448545310505,21.2080820190301,57.64846943565939
M7,44.383607172999284,55.07819924343603,0.5381935835646843
M8,11.141905045490022,5.726396984776291,83.1316979697337
M1,36.106326184794035,32.51056116740728,31.383112647798683
M3,6.28101883290416,76.0654982565512,17.65348291054464
M4,20.80865949467451,21.11976806080283,58.07157244452266
M6,23.130902296064686,38.58249795091106,38.28659975302425
M10,5.838279136479686,70.08008470852867,24.081636154991642
M1,36.97061377692002,34.86984515215653,28.159541070923453
M3,10.305291820959424,70.84241028338401,18.852297895656562
M4,17.91353724392708,20.13654372425045,61.94991903182247
M6,21.085318514726172,38.50956474670242,40.405116738571415
M9,90.69103392393725,4.853551006368447,4.455415069694299
M1,36.70055506645825,32.493864048868566,30.805580884673184
M3,12.24546905811148,70.39688735384743,17.357643588041086
M4,21.8963148528812,21.051273923020283,57.05241122409851
M6,21.673179949840968,37.945241496814084,40.381578553344944
M8,10.222002232718584,5.153444310392561,84.62455345688886
M1,34.020624896289696,34.07188233747137,31.90749276623894
M3,12.10378867884354,70.81317535524043,17.083035965916025
M4,21.759156049773303,21.331764492059875,56.909079458166815
M6,23.527734376048144,38.74459413398709,37.72767148996476
M7,44.6051346026573,54.880232624961245,0.5146327723814537
M1,33.469101189575824,34.77163997013133,31.759258840292844
M3,11.529413947258485,71.32806840205778,17.14251765068373
M4,15.985249926427198,20.363184656392132,63.65156541718066
M5,46.643779788553914,30.631152363532898,22.725067847913188
M10,5.2191516148245665,85.96545537185821,8.81539301331722
M1,33.214042914667075,34.522322204585876,32.26363488074705
M3,10.925883254245312,70.76894417640452,18.305172569350177
M4,16.124841611172666,20.111974312378862,63.76318407644847
M5,45.006409470826405,32.01935099649815,22.974239532675448
M9,86.75292541423153,10.380480062467697,2.866594523300776
M1,33.46046610767095,34.55860801714074,31.980925875188305
M3,11.266474318495325,71.00864484812622,17.72488083337845
M4,16.228355023440955,19.48268477047284,64.2889602060862
M5,45.14698636879085,30.49042754056293,24.36258609064622
M8,7.740869491348432,10.316315193107092,81.94281531554448
M1,33.74907001591416,34.650169215761295,31.600760768324548
M3,10.585803985435785,72.56066799236362,16.853528022200592
M4,15.859184077914918,20.75369061241803,63.387125309667056
M5,43.20253483471742,31.97210020952865,24.82536495575393
M7,41.63918571816574,58.21569243267707,0.14512184915718507
M1,33.62443234604638,34.76895749913179,31.606610154821837
M3,12.06005994266074,70.81985416386506,17.120085893474197
M4,15.280279337450445,20.167124180892593,64.55259648165696
M5,46.67977710884994,30.630580024148475,22.689642867001584
M6,23.482069946182353,42.05368719704324,34.46424285677441
M1,37.063438791636045,34.79059667342143,28.14596453494252
M2,71.34027111944671,16.64842451139533,12.011304369157958
M8,12.387192638171586,5.754228776198631,81.85857858562979
M9,91.63081427492503,3.6158765657838052,4.753309159291165
M10,5.195307082759832,67.46094814175716,27.343744775483017
M1,37.070533904725664,34.78924910102524,28.140216994249094
M2,71.55468184453868,16.461476004774227,11.983842150687096
M7,48.08795521046296,49.2931788837243,2.61886590581274
M9,91.31010937534356,3.6158526973516723,5.07403792730477
M10,5.1959041351076705,67.47057945882621,27.333516406066124
M1,35.500519507329294,34.6693573281663,29.8301231645044
M2,73.7657385393381,13.455478278300372,12.778783182361526
M7,46.4946566505135,52.97666288733929,0.5286804621472143
M8,9.300711827862077,10.304200776544121,80.3950873955938
M10,9.475420455789187,75.75049245850077,14.774087085710036
M1,37.06243339974129,34.79375795073481,28.143808649523905
M2,75.36272908521545,13.099985554490432,11.537285360294119
M7,48.16086448289549,49.29043369616285,2.548701820941659
M8,11.22088768264091,6.045638120845243,82.73347419651385
M9,90.84148482827526,3.973961078554056,5.184554093170688
M1,34.11346660829728,34.53022706440224,31.356306327300487
M2,70.54004487044278,12.063320838007424,17.39663429154979
M6,23.081762503351875,39.149222073023545,37.76901542362457
M9,92.13001815238863,3.4065437397804987,4.463438107830871
M10,7.885905571963013,84.83214224169676,7.281952186340234
M1,37.10202143478221,34.75335599431077,28.144622570907018
M2,75.3465372321287,13.107760856514817,11.545701911356486
M6,22.365386018943802,39.07899903936285,38.55561494169334
M8,12.52292317035182,5.721503300180337,81.75557352946785
M10,7.395724298083255,84.67130017069731,7.932975531219441
M1,38.61012745978042,33.37806948265453,28.011803057565047
M2,69.38319563604101,18.428110652239294,12.188693711719697
M6,25.001783798391735,34.92330884439187,40.074907357216404
M8,2.0650293597825367,5.353429904841405,92.58154073537605
M9,91.90668527879266,3.528280319782381,4.565034401424954
M1,37.12506566942738,34.74034560087569,28.13458872969693
M2,75.35585371132015,13.103374755501878,11.54077153317797
M6,20.85808166676271,38.684170079144785,40.4577482540925
M7,48.314089558043484,49.54162292664425,2.1442875153122642
M10,5.197144524886959,67.45460054782103,27.348254927292004
M1,37.95981994260873,33.673792901253165,28.366387156138103
M2,71.1481542848032,17.54717039458193,11.304675320614873
M6,24.14518925912507,37.7311020234695,38.12370871740544
M7,50.31679931749346,47.3137673099185,2.369433372588041
M9,92.3373179962992,3.360654602229832,4.302027401470962
M1,37.128361551434814,34.73656002464555,28.135078423919637
M2,75.38660070982355,13.083045491064347,11.530353799112099
M6,25.95910319181525,39.975143002567044,34.06575380561771
M7,46.1695206358167,51.339440637997804,2.4910387261854936
M8,11.83827467103007,6.05287916923224,82.1088461597377
M1,35.72327756401623,34.49593611398881,29.78078632199496
M2,71.37491681973631,13.161848782265062,15.463234397998624
M5,49.57704114003141,28.52059943493239,21.9023594250362
M9,90.5552685621992,4.193082140453552,5.251649297347245
M10,6.282687825739778,85.15725491837304,8.560057255887187
M1,37.255616569853736,33.80798923211023,28.936394198036034
M2,64.98245623848779,16.24604121078373,18.771502550728485
M5,46.64913741350973,29.59607652420894,23.754786062281333
M8,11.312509669182273,5.3113054160607724,83.37618491475695
M10,3.595207371031511,87.10459211482308,9.300200514145416
M1,34.081494476585775,33.99653302161198,31.921972501802244
M2,73.04430291044382,13.725337107022032,13.23035998253415
M5,47.51742706175919,28.630132610875304,23.852440327365503
M8,10.963935651538266,6.037101134391028,82.99896321407071
M9,89.94252716490314,5.5068056719056315,4.550667163191228
M1,36.11110818660552,34.03517386487965,29.853717948514827
M2,66.53584710579977,13.429344344985006,20.03480854921522
M5,46.468551641996754,29.75179919188559,23.779649166117657
M7,43.47338101836922,54.79479034574886,1.731828635881925
M10,5.180531963748746,85.77057536684754,9.048892669403713
M1,36.11048686101285,34.119161322710326,29.770351816276822
M2,74.3406985467306,13.276787087260391,12.382514366009016
M5,50.513614141540316,28.43540596720985,21.050979891249835
M7,46.11766899397843,51.82517554785454,2.0571554581670313
M9,87.5782798389678,7.157009117713498,5.2647110433187
M1,37.16122842260699,33.82048107467434,29.01829050271867
M2,69.40208414072961,17.00126923306272,13.596646626207665
M5,46.65707179508177,29.59052339339639,23.752404811521842
M7,43.87794467257009,54.43855332378728,1.68350200364263
M8,11.301856809601363,5.335322218935622,83.36282097146302
M1,36.209590105817504,34.4642510334271,29.3261588607554
M2,74.20885966934885,13.195231367853053,12.595908962798093
M5,49.63845199031494,28.190262390299363,22.171285619385696
M6,22.210816693209438,39.10930212167472,38.67988118511584
M10,5.626047957803717,85.39880506042114,8.97514698177514
M1,36.44289947273855,32.50955471166596,31.047545815595484
M2,71.44801015779476,11.958321424641465,16.59366841756378
M5,51.602261524461156,27.479594512016124,20.91814396352272
M6,23.908305161498895,39.32571044985059,36.76598438865051
M9,92.06495300282396,3.929303432832608,4.005743564343437
M1,34.619968199426324,34.925838762328844,30.45419303824483
M2,73.52429592685243,13.547223254170666,12.928480818976903
M5,52.68319555015029,29.54862134784959,17.768183102000123
M6,24.894562913391834,40.10017904875025,35.005258037857914
M8,12.191679135145042,1.059657199207952,86.74866366564702
M1,36.516529048232165,34.01398403231543,29.469486919452407
M2,75.16447287308416,13.16590121873858,11.669625908177254
M5,49.31348636659533,27.92326664816769,22.763246985236982
M6,21.984808337129923,39.02524867753302,38.98994298533706
M7,47.19680371810434,51.84549938628382,0.9576968956118392
M1,34.854240153724746,34.9392012896424,30.206558556632856
M2,70.12769166174691,15.863522745241998,14.008785593011094
M4,19.92308161581736,21.811756960229573,58.265161423953074
M9,90.70128713331333,4.002120232410673,5.296592634275998
M10,6.505515620464366,84.8802252751547,8.614259104380935
M1,37.25122436906672,33.805909203441416,28.942866427491865
M2,66.02692961049065,14.53019921571255,19.442871173796796
M4,16.964652625715463,19.154495493775578,63.88085188050896
M8,11.31762492272328,5.345507595013501,83.33686748226322
M10,9.076029459162713,86.37608027691672,4.547890263920564
M1,35.14830206722122,34.51723021206358,30.334467720715196
M2,70.19748492326941,16.66088465612684,13.141630420603747
M4,15.698191302678717,23.340601422821155,60.961207274500126
M8,14.389390785756047,0.2739243020209215,85.33668491222303
M9,91.39515368897418,3.697857946820356,4.906988364205468
M1,37.06503423598108,33.83032292130139,29.10464284271753
M2,72.44050164964472,14.296060161582636,13.263438188772648
M4,21.641457543882545,21.016359293564708,57.34218316255274
M7,44.13828598417384,54.18944932550664,1.6722646903195226
M10,5.445098349253122,85.4625229300673,9.092378720679577
M1,35.528805050217024,34.67212124099189,29.79907370879109
M2,71.55618873164732,17.667981829472936,10.77582943887974
M4,19.459188584893482,22.217658567905982,58.32315284720053
M7,47.62394657152648,49.817165451745915,2.558887976727604
M9,90.76896101678494,3.986110351477101,5.244928631737957
M1,37.4149550528395,33.75977833249926,28.82526661466124
M2,66.07714290603184,14.513678646920658,19.409178447047502
M4,21.808483420030182,20.967444955199767,57.22407162477005
M7,44.08970803705014,54.16463296794429,1.74565899500557
M8,11.271281424751825,5.44494124455385,83.28377733069433
M1,35.78599890944562,34.53275023876178,29.681250851792598
M2,71.02009400001299,17.876380266679107,11.103525733307904
M4,22.74434696131867,20.77978831021256,56.47586472846877
M6,26.014894671563425,39.73103525703018,34.254070071406396
M10,6.238747409982699,84.65827391218356,9.102978677833747
M1,36.440433881108525,34.29510850823501,29.264457610656464
M2,68.22084068421812,18.986356376944823,12.79280293883706
M4,19.74449085282496,22.2831894903957,57.97231965677935
M6,27.258467906738844,39.31185154090826,33.4296805523529
M9,91.6770826037638,3.6170252751010676,4.70589212113514
M1,35.352714506794726,34.46081723613941,30.18646825706586
M2,70.29986507239215,16.587998267673175,13.112136659934674
M4,23.19386376990515,20.31853092070175,56.4876053093931
M6,27.732139312916768,38.70226240591371,33.56559828116952
M8,14.339761230822859,0.3023476930366636,85.35789107614048
M1,36.07387155754384,34.44280464711731,29.483323795338848
M2,70.6791837901391,16.708172063351032,12.612644146509862
M4,23.368545655542288,20.62617459828634,56.00527974617137
M6,28.112071075616573,38.91070357150724,32.97722535287619
M7,47.20330736504023,49.986841327338894,2.8098513076208746
M1,36.31092838049794,34.027928360380166,29.661143259121893
M2,71.64774893877987,14.515326376706282,13.836924684513848
M4,16.264561559511304,19.867416243601646,63.86802219688705
M5,46.20690514111898,29.840793351342242,23.952301507538778
M10,5.396333742681152,85.59770078182343,9.005965475495415
M1,33.63410129746781,33.724979349883384,32.64091935264881
M2,66.02723134452233,14.559409698500518,19.41335895697715
M4,16.685991970218673,19.13122870420305,64.18277932557827
M5,46.54705702672451,29.610851952059818,23.842091021215673
M9,90.5575594228145,4.253864551211186,5.1885760259743074
M1,37.19392550519365,33.96568088737188,28.84039360743447
M2,68.98777651410077,16.909675731052616,14.102547754846611
M4,20.97166791852969,20.91214951602988,58.116182565440425
M5,51.16156836856761,30.128142815428905,18.710288816003487
M8,11.214973591421106,1.0744352764973655,87.71059113208152
M1,32.15715731688617,36.71326591656604,31.129576766547792
M2,62.09797608450133,12.845198584452666,25.056825331046
M4,15.972548382822072,20.090107412363732,63.937344204814195
M5,42.667660312273554,32.10507687893222,25.227262808794222
M7,43.7260188801015,55.782742703681805,0.49123841621669584
M1,38.212345221703536,32.80122364585977,28.986431132436692
M2,68.98843475113391,17.015732547703518,13.995832701162573
M4,21.36342346234028,20.778073063065833,57.85850347459389
M5,50.3670439466433,30.342180736833296,19.290775316523405
M6,26.88119202895618,39.27594247222389,33.84286549881993
M1,37.00862530466504,35.18437243488084,27.80700226045412
M2,74.7879626227033,13.643129010463209,11.568908366833487
M3,11.526082353526188,69.30516088752829,19.16875675894552
M9,92.22949230969822,2.2084664732200134,5.56204121708177
M10,6.536812915879782,85.57213180555166,7.891055278568558
M1,37.58818317126554,34.46853440435495,27.94328242437951
M2,73.74059057413287,14.320297255143393,11.93911217072374
M3,11.572595391470983,71.20781056821643,17.219594040312586
M8,10.673493558250792,6.129542681856235,83.19696375989297
M10,5.815207111937597,86.02870809136775,8.156084796694657
M1,37.25517262588347,35.08031659688966,27.664510777226873
M2,75.1966481955678,13.455965320174837,11.34738648425736
M3,14.446350587739731,65.87958159917666,19.67406781308361
M8,9.278624654693882,11.408665577321367,79.31270976798474
M9,91.54555381490489,3.7483330054970025,4.7061131795981055
M1,37.85569841665531,34.28459794117285,27.859703642171844
M2,73.9944566839754,14.153769333210498,11.851773982814102
M3,12.803816358052087,70.60906386072983,16.587119781218078
M7,45.105240720676804,54.05589335892412,0.8388659203990727
M10,5.527889877397131,85.89417144963114,8.577938672971726
M1,37.25033514597046,35.08440099423119,27.66526385979835
M2,68.32553385332622,19.543299546285034,12.131166600388745
M3,12.339428118708582,68.97937524002366,18.68119664126776
M7,46.34632152125638,51.40465780064825,2.24902067809537
M9,93.00695194130114,0.8484645362456555,6.144583522453205
M1,37.825258450161705,34.252104495242634,27.92263705459566
M2,73.98116327175158,14.136754825700422,11.882081902547995
M3,11.503742138346443,69.97734136539947,18.518916496254093
M7,43.296558425970574,53.485867778117836,3.2175737959115907
M8,10.910081683595525,6.052333681760619,83.03758463464386
M1,34.58895950889172,34.86789814858493,30.543142342523353
M2,69.08899974361736,14.743746000830988,16.167254255551647
M3,9.051297900058136,71.4412670083372,19.507435091604663
M6,23.704347734360958,39.95513380219692,36.340518463442116
M10,7.328333333418487,86.11284126771963,6.5588253988618845
M1,32.4900672134577,35.16775280330451,32.342179983237784
M2,70.19751677143695,13.337952844793895,16.46453038376915
M3,9.42751372338182,70.22790613942098,20.344580137197198
M6,23.512564402756166,39.60221785071679,36.88521774652704
M9,93.93167391576604,0.7756808465946249,5.292645237639334
M1,35.82967093482052,33.61163886188923,30.558690203290254
M2,69.96148331674418,13.790584911126157,16.247931772129665
M3,11.630427936014307,70.65198513459475,17.717586929390933
M6,20.453696419234014,38.85345799413029,40.692845586635706
M8,12.718071435839915,6.096540174204595,81.18538838995549
M1,36.80009387961353,33.53868899542647,29.661217124960004
M2,76.50902572205455,13.311816034509484,10.179158243435971
M3,11.67739672540888,70.62615971289007,17.696443561701045
M6,20.531138502287718,38.840059119509,40.62880237820328
M7,46.67176376176387,51.724535893579436,1.6037003446566942
M1,38.567602664351874,33.56375525129522,27.868642084352906
M2,70.35301248759592,17.32078692255524,12.326200589848842
M3,11.738640352400381,71.33246544611653,16.92889420148309
M5,49.45453730346348,30.467749571275913,20.077713125260605
M10,3.636824563853667,87.7930320881819,8.570143347964432
M1,37.58580004068521,34.49647114887663,27.917728810438163
M2,73.73131506641262,14.33884806811975,11.92983686546763
M3,10.671981237073096,71.1250573919706,18.202961370956302
M5,46.742462012219626,30.0357983382628,23.221739649517573
M9,84.34706239320109,9.911636810208691,5.741300796590224
M1,37.24697274415969,34.62243154231029,28.13059571353002
M2,70.15342685743143,17.283256069029843,12.56331707353873
M3,10.545795600515794,71.15581271554029,18.29839168394392
M5,48.34243168620854,30.185366565727268,21.47220174806419
M8,10.757998028698786,5.4337057021441515,83.80829626915707
M1,33.02848114537495,35.81979268319571,31.151726171429353
M2,70.66910721177695,15.93719991694099,13.393692871282063
M3,7.08537176551327,75.90522920695834,17.00939902752839
M5,45.0357469556561,31.53009332087999,23.43415972346391
M7,42.489003326976835,57.02266623567865,0.48833043734451564
M1,32.807761420962045,33.14770252431481,34.04453605472315
M2,70.79194576512985,17.49618515257149,11.711869082298659
M3,11.387242654473448,71.88198754340748,16.73076980211907
M5,51.23319621326292,27.167807034214807,21.59899675252227
M6,23.107467735775952,40.81837888097211,36.07415338325193
M1,38.544838669410154,33.48541530639377,27.969746024196077
M2,73.34241471182945,14.546513844881702,12.11107144328885
M3,12.212245012133408,71.19742272466569,16.590332263200906
M4,19.337952646166755,16.57430362398943,64.08774372984382
M10,1.398288371089512e-15,73.19368443062405,26.806315569375954
M1,35.58931761836374,36.26091267984868,28.149769701787584
M2,73.96138529884124,14.14661812200895,11.891996579149813
M3,11.466482752570379,69.97392090191828,18.559596345511338
M4,17.716558578203575,20.63839051019904,61.64505091159738
M9,83.88047654118434,10.845995225584744,5.27352823323092
M1,38.32558974602873,33.23329015486675,28.441120099104516
M2,69.71795355996314,17.17877550495533,13.103270935081536
M3,12.033926334387454,71.02261835267349,16.94345531293905
M4,17.13370548432005,20.35373364842952,62.51256086725043
M8,10.515348137210319,5.300577202454323,84.18407466033536
M1,38.629157921092045,33.508407472322354,27.8624346065856
M2,73.47522905523024,14.52070366561496,12.004067279154796
M3,10.640409819826036,71.15849093419163,18.201099245982334
M4,19.397410027261767,16.642746810418405,63.95984316231983
M7,42.6092456741356,54.05088464767623,3.3398696781881725
M1,39.60936438477427,33.69801229838553,26.692623316840205
M2,73.71263487483291,14.334230767017655,11.95313435814943
M3,10.680637029922652,71.11264031250036,18.20672265757699
M4,17.893409855172525,20.106815911397923,61.999774233429555
M6,20.803305366616943,39.24880047169154,39.94789416169152
M1,32.80633314153536,36.50797910064659,30.68568775781805
M2,63.08624471553928,17.929695165228857,18.984060119231863
M3,10.24600703027327,73.06609476847746,16.68789820124927
M4,17.70802317806328,17.10672623461287,65.18525058732385
M5,44.16621847484926,32.45959457475084,23.374186950399903
