5.129161669960384806e+00
5.527493767897420973e+00
2.601885548493203260e+01
1.076388031502822429e+01
9.094166833676337092e+01
1.469170498837073602e+01
7.855349443961884504e+00
8.275718685765600213e+00
8.069776218155952918e+00
2.742929046349544819e+01
1.921946166598121053e+01
1.066886676831318965e+02
3.654171576591997450e+01
2.254827922988561539e+01
2.618024310866423221e+01
7.311820788066490273e+00
2.436110917126839581e+01
1.621667766456006987e+01
7.210030236703020989e+01
3.580851102569536692e+01
1.290281178389327721e+01
2.800619496323633495e+00
1.033593995376327257e+01
4.768897481744644118e+00
3.492021573394173295e+00
3.639926676775765912e+01
2.117986965865957316e+01
7.285847874832853677e+00
6.449711679457401203e+00
1.038575967244000786e+01
5.179253406665810466e+00
1.632448676378288610e+01
7.874997429875057264e+01
2.491891798976520178e+01
6.249609944454732613e+00
4.477720993423957019e-01
1.064949992675014201e+01
8.427460447569329105e+00
1.923726691287803092e+01
7.206133380147020873e+00
2.356745696712288307e+01
4.225740274761740523e+00
6.555704174479125790e+00
9.711441605113646958e+00
6.413513063158862160e+00
2.294740050849753388e+01
6.179691814026524455e+00
6.703394431436588263e+01
7.783869210145637041e+00
3.793807989149323490e+00
1.115527950542663227e+01
8.179290715633918296e+00
2.426517688198373790e+01
6.486680401240874971e+00
6.934563220034718256e+01
1.782804183195947090e+01
5.909319552539913367e+00
9.409951727434448188e+00
2.840041132552923031e+01
1.254408696930875422e+01
8.337457950777418603e+01
1.454859452038861889e+01
1.554504434501908605e+01
3.971345006095567953e+00
7.303543502935973208e+00
2.472582970773940403e+01
1.301520402627390460e+01
1.077271674268385055e+02
3.134495336890662642e+01
6.846610969564371096e+00
4.702729206773114790e+00
8.159238392273397977e+00
7.914518246975710269e+00
7.171066834675690060e+00
4.413079459402590743e+01
2.023239307374063500e+01
7.232081017366684073e+00
4.894945996876934657e+00
1.117291187775578010e+01
3.194655723195526154e+00
2.210037104608609937e+01
6.518410210645888014e+01
2.130510756447749188e+01
1.010931045780192861e+01
9.195399776780229573e+00
5.142758027063744741e+00
6.972991542656333586e+00
1.738064359090618538e+01
6.460457482693971798e+00
3.714834110169316261e+01
8.954320386633662920e+00
8.216283754594723376e+00
6.300387238420884550e+00
2.695170309240191742e+00
2.199624649841169344e+01
4.700324760938474067e-01
8.422578042828213540e+01
6.988248729493772515e+00
4.359225275478521233e+00
8.820504380863841476e+00
3.148664461938635029e+00
2.254970139384515448e+01
5.813539372062612287e+00
8.366924939173580356e+01
4.341574406252768625e+01
5.268019110430112839e+00
1.079561991114236186e+01
1.775877769347293267e+01
7.537820414638980893e+00
5.272977227053603855e+01
2.459432579572927935e+01
4.349520343246422449e+00
1.770096076986325784e+01
1.003084518804243608e+01
6.413567674634754745e+00
9.489135865375246226e+00
6.730963439571792151e+01
7.350029656723641835e+00
9.739943392979742498e+01
6.254410308444467326e+00
4.283012206912164110e+00
8.265135906499222473e-01
1.648637789564500622e+01
5.466933578626515100e+01
2.411526592575947703e+01
1.788720302171773113e+01
9.794737636686827287e+00
6.641586804103629227e+00
7.831399780777391406e+00
5.459256137782612761e+00
6.951996151085126030e+00
2.158984640312802483e+01
3.186115962211262698e+01
4.770963391862927949e+00
1.081901584621752299e+01
7.430687929915042567e+00
2.423664624528599276e+01
7.383446819419631879e+00
9.920159911763647642e+01
7.414977950611381985e+00
5.837347453431642741e+00
1.168670816296056536e+01
6.774825972155817055e+00
2.347420833519865369e+01
9.314038918215281626e+00
5.606625857313587602e+01
3.686501319989526593e+01
1.018101936134650920e+01
1.690286718148670175e+01
1.035442202183160809e+01
6.336691799315630647e+00
4.003048487217289875e+01
2.759305147946918169e+01
1.952208529170547990e+01
6.579932873575977226e+00
1.461214462690850091e+01
7.556770322374166682e+00
6.648906687497048829e+00
6.122995989203344180e+01
2.751321259482253367e+01
1.048665806275381129e+01
6.861289652573329789e+00
1.132038436372441481e+01
9.321313050496012664e+00
1.599093501358311187e+01
7.516851550109684865e+00
3.607808966570942033e+01
3.057773560327071039e+00
9.128020252100092768e-02
9.554645019261426953e+00
7.745987682968578092e+00
2.072465280322473902e+01
5.673328480438460941e-01
7.559677453021268434e+01
8.121079379327717618e+00
7.334754576876708398e+00
2.617281563859846827e+01
1.065193428876375670e+01
1.814273452510324702e+01
5.114230101202460688e+00
6.858897050846225341e+01
3.817343479395487549e+01
1.560720792068607032e+00
1.348195389941398048e+01
7.235415961025065457e+00
1.020915907693584579e+01
3.584867024862612794e+01
1.922618387358168235e+01
1.029097905752128028e+01
1.351327279673020421e+01
2.455894491344599029e+00
9.398174402061153287e+00
8.985904756511720493e+00
5.027478206160623131e+00
2.040567997775148612e+01
1.212491635926508238e+01
2.762459195338470863e+01
1.247706706210301064e+01
8.818383108013648553e+00
3.911334860184913609e+00
4.576454556296027931e+00
7.077603127177043518e+01
7.829811061658978666e+00
2.956466191752479045e+00
1.062670970455079811e+01
2.618701269743623072e+01
4.877389555820378142e+00
5.521123231036152212e+00
4.497882133869919841e+01
1.456060138996725151e+01
5.044662514929433961e+00
1.210021296533153645e+01
1.128939053532486980e+01
4.832852392453028223e+00
1.309453921310599434e+01
6.447626007996587028e+00
1.606781108932460711e+01
1.578527036240009451e+00
7.943202685258740736e+00
8.556460066128037667e+00
3.862483213913932456e+00
1.264849155943123016e+01
7.333786242005065503e+01
7.861384121661695090e+00
2.657897190605555959e+00
9.195169109113681571e+00
1.103010177892965693e+01
4.290538071485553218e+00
2.235779793176321206e+01
8.739423587060872478e+01
1.375100241843071558e+01
5.750439360167103331e+00
1.235619495184427841e+01
1.599059985601883405e+01
5.623716953599565471e+00
2.070502977566754055e+01
8.497128505029674095e-01
1.586051062859590743e+01
1.192706673321313104e+01
4.966185423386016318e+00
7.613916178655851574e+00
9.757176317099672147e+00
1.189147350995163244e+01
3.994590393656130445e+00
1.793566137344594580e+01
1.663838786008609238e+00
1.252001012588479512e+01
1.003992352565885682e+01
3.617694893584369797e+00
1.946813343818719844e+01
2.110992507918797223e+00
6.377851010445979085e+01
1.282391084072725995e+01
9.662828239684175813e+00
2.387847803956437431e+01
1.620598980381467058e+01
8.178356719408915865e+01
1.186505524191340122e+01
1.418596157949750847e+01
6.329339657899883953e+00
1.362816169508909780e+01
3.076266965893532301e+01
2.128592171173067626e+01
1.080299608769061450e+02
2.231130666099424431e+01
8.604303837775042041e+00
8.626557065512393763e+00
8.085140226207455427e+00
1.168136616311061893e+01
1.012607533788457914e+01
1.054124361899548461e+02
7.254901960784313530e+01
1.242643002999970037e+01
6.273574581369214975e+00
8.498157132351336074e+00
2.507746381279195358e+00
2.258579354860152577e+01
6.882149887737053007e+01
1.174808940740130225e+01
9.219911192173313452e+00
6.534835489975691303e+00
8.458336879770357086e+00
1.473185722879266280e+01
2.826335352779117827e+01
1.467068721823400423e+01
1.998834379926777416e+01
1.275235821412932147e+01
7.191664369907300625e+00
1.024341795821459122e+01
3.428531350034571989e+00
2.210887126412927728e+01
3.996350406540047917e+00
9.638049401803736771e+01
8.198909624581729005e+00
5.961704482767740565e+00
1.368646565773564738e+01
6.281258193094752862e+00
2.673842248611301997e+01
1.113443561747270927e+01
8.873421680491817654e+01
1.834816072296057143e+01
6.754391901161720391e+00
3.560773041083068247e+00
2.477891990396336652e+01
9.616719912613877597e+00
8.330282393473292757e+01
2.930192976634758040e+01
1.487288270571010429e+01
3.338014355206074146e+00
7.444747159876833997e+00
6.941136501508907486e+00
1.059532976214964606e+01
6.761847575648033626e+01
3.995666851953149301e+00
1.648042454992481609e+01
4.911415570509819695e+00
5.375993297333780951e+00
1.051232848517187080e+01
2.923102338551062473e+01
5.563916431784230809e+01
2.129834854363434715e+01
1.743452597136962723e+01
3.957522190372012805e+00
7.537791984906988318e+00
1.173926687646836875e+01
3.367006490480485326e+01
1.778145905275915339e+01
3.036667284735367289e+01
1.433384551876178392e+01
1.138119096184408363e+01
6.515683316048477280e+00
1.123344246489923925e+01
3.189556886818803605e+01
1.868137580241337758e+01
7.872407196816679686e+01
1.787052653645024591e+01
2.872710115250415530e+00
1.530836138582575501e+01
1.271968473575882541e+01
3.230746343393381181e+01
6.664443625132314253e+00
1.219205689403383275e+02
6.462415454454053076e+00
7.881053632264648279e+00
2.544794415797160880e+01
1.023073775815988995e+01
6.445702481962541697e+00
6.587481656157224563e+01
1.215161864079017562e+01
1.194395761720494598e+01
7.049420071798910392e+00
1.184364902106774942e+01
1.196592722621561755e+01
1.685764840568602096e+01
3.672629891355025933e+01
2.282890872234548851e+01
1.665876768690829124e+01
1.101584502361606432e+01
1.384337959104314031e+01
1.843469698028087578e+01
2.049552424535093564e+01
1.035040817411852032e+01
2.554825898786297600e+01
2.242833571166315210e+01
7.855071868190369067e+00
2.536849279967343662e+01
1.311385920592475429e+01
2.314274411503542339e+01
3.570936029040006954e+00
8.919597807710850645e+01
1.227589975419532919e+01
1.173653241142091908e+01
1.969999024659511733e+01
1.545828950140982272e+01
2.155302572022594632e+01
7.549492227762470975e+00
7.907124578149716854e+01
1.296344113094624184e+01
3.171787998857606539e+00
4.342744060313367349e+00
7.415427879892310337e+00
2.779359201157740156e+00
2.928662590105307473e+01
1.441479081443141119e+01
9.048155656020197668e+00
4.487585358302253802e+00
1.334961562832485527e+01
1.123081176125418779e+01
5.945629619274233058e+00
2.304083756821465379e+00
1.712001006879719256e+01
2.558723886781295676e+01
5.488249679207682696e+00
7.618133340156067135e+00
8.838656627669800869e+00
4.283772036047351683e+00
6.101159725944512502e+00
3.552756151807980700e+01
7.966841270089052074e+00
4.685020381286382651e+00
1.222533024648544320e+01
1.044822748707077231e+01
3.804785452664033674e+00
1.129485653461835160e+00
3.701733416671299892e+01
9.794198969778864949e+00
1.876609048952311909e+01
2.510119654949989965e+01
2.697686525509764621e+01
1.395012033739572566e+01
1.931647527166728651e+01
1.148839910610007387e+01
2.242615941501145826e+01
7.759663880864057006e+00
1.374667529549324740e+01
1.473152113921136852e+01
5.686135588126080442e+00
2.364917849597094701e+01
5.825455797607597219e+01
1.356694612955088530e+01
5.560720039226345612e+00
1.368783587473234320e+01
1.126243530796339165e+01
8.775218346229150868e+00
1.932639837632629920e+01
4.351323721920238086e+01
1.509432819762966949e+00
1.247439542023948711e+01
2.458144786263700965e+01
2.762199120554522480e+01
2.068594055002965959e+01
2.259970439266579945e+01
1.028735959353378249e+01
2.097430448224909227e+01
1.372126626430936369e+01
8.724653210259701197e+00
1.385091618094380550e+01
1.313818932696196917e+01
3.221865833904468701e+01
5.666756735026249103e+00
2.663456675539605101e+01
4.299900898534034788e+00
2.058428827600574706e+01
1.365058074795480714e+01
1.130868427954408695e+01
1.699585194260187038e+01
4.671736970830957958e+00
4.323835891840931822e+01
1.170269528278620008e+01
1.595184448897751928e+01
1.672779380294812768e+01
1.390438789956473187e+01
5.643648486233757211e+01
2.804080595593429237e+01
2.158785226229045051e+01
5.011113834069711004e+00
1.958080300541360286e+00
1.058032425316096869e+01
9.602077571333198946e+00
7.057106922430010343e+01
1.088862445914475607e+01
1.716022894309807612e+01
9.280339950090102263e+00
1.418986217740746980e+01
1.108185356278700340e+01
2.747804378015953830e+01
8.270985443687852978e+01
2.351079846401015416e+01
1.933020955100861826e+01
7.235501829451730593e+00
1.606634795950524719e+01
1.386101887882278838e+01
1.029526403282474689e+01
1.479673285351397283e+01
2.325663068461527061e+01
2.440374414253138369e+01
3.018839135216573322e+00
6.092053265577361820e+00
1.128267461650686698e+01
3.077513695949159001e+01
8.676855236508393077e+00
5.971376590161639086e+01
7.585636933755250055e+00
1.089745802780440265e+01
8.088448526290948237e+00
1.506738188546194834e+01
3.651289695740301511e+01
1.449712934027117406e+01
3.843717394990184744e+01
9.720741923617094216e+00
9.802571551556077623e+00
1.421099180445663457e+01
7.999399773710085704e+00
1.196745163227152275e+01
3.858429207411801087e+01
2.317987244129794178e+01
7.245389574698156032e+00
9.258204220368575932e+00
1.364881461118820205e+01
7.758897443611933120e+00
2.225090456778452719e+01
5.424750856754562278e+01
3.073544738117552200e+01
8.966151395439617033e+00
1.007030065101813854e+01
1.101527446007530386e+01
1.682606053441654126e+01
1.803535807906129662e+01
8.482180977624299345e+00
2.507819210183597747e+01
4.789789695762291188e+00
6.082087325333717764e+00
1.257605531698376211e+01
5.977121206028436440e+00
2.170255151337156363e+01
2.959241769332513705e+00
7.437177950758344025e+01
1.223027182403940216e+01
6.127427330734216859e+00
6.810873294441294412e+00
1.381590112909674417e+01
2.631301865068110502e+01
1.143590273779291522e+01
8.112390497747162499e+01
1.582827869996928705e+01
6.189455443494644271e+00
6.320564727467907318e+00
6.309368515689065759e+00
3.127365147883191643e+00
1.616133615674578650e+01
4.987012418338272468e-01
6.150494778221952785e+00
4.931498847754711257e+00
1.417008548799331891e+01
7.772330304768190423e+00
1.101851703019602979e+01
4.782692037008121844e+00
1.269487417968820431e+01
1.381417351253269743e+01
6.435027406648533344e+00
1.652484065203069363e+01
9.056919903680441308e+00
2.807124956604631905e+00
1.342126884952261179e+00
2.041675785243581132e+01
7.652946057178055206e+00
9.107904871639087574e+00
3.184637578923850132e+00
9.931312682035910555e+00
2.469011480660739721e+00
2.220189838158276530e+00
6.304228229749052304e+01
1.268735961743884921e+01
9.852879647981838573e+00
7.984838669110005505e+00
7.655959484233123113e+00
1.189966013044160320e+01
1.873658167881361081e+01
2.482242776733929190e+01
2.936608320781471093e+01
7.178806115046527658e+00
1.637118697653178190e+00
1.054724983209411882e+01
4.923256081267470385e+00
2.064847277333889863e+01
5.433776361581288228e+01
7.842240075440960467e+00
5.431092354884296647e+00
1.220092502648105182e+01
1.087417185978519107e+01
2.324851816235605106e+00
2.163205594348687555e+01
6.705809501963966568e+01
3.593318597684179938e+00
1.490103482023362425e+01
8.662904624581400981e+00
2.033664287542212890e+01
1.438876512972867516e+01
3.939843013499011448e+01
1.163931886202202781e+00
2.256088398746379653e+01
8.820592571070159593e+00
1.989130175582745608e+01
8.154737239874473076e+00
8.816334292218064306e+00
1.200903564452796068e+01
1.647544144720772863e+01
3.077076097304571434e+01
7.103225917546407864e+00
3.333980936633386349e+00
1.066535154283992703e+01
3.843627037807614499e+00
2.137894134192100282e+01
4.525722201798923372e+00
6.636934911027869077e+01
4.026184627990583742e+00
1.230855897492973305e+01
1.305006926657171817e+01
8.582687388506116122e+00
5.232915085714353864e+01
1.883520468410385718e+01
1.889866059075301763e+01
3.004415510081241081e+00
6.693981277202458280e+00
1.933073699230792863e-01
2.179832697198848379e+01
5.211800107079497479e+01
2.033417200245951051e+01
1.599986398422483447e+01
4.596895739273233694e+00
9.260276659426109447e+00
9.956987070204247559e+00
3.107194329248607190e+01
7.814253598095577402e+00
8.239766823315969546e+00
9.702005443358039827e+00
7.053370995028401147e+00
8.929424099746835708e+00
1.025194455997510623e+01
2.401147445462304475e+01
7.649935401057190276e+00
7.850158809490130807e+01
1.317803710704338727e+01
5.165655145761157030e+00
6.251174236315296007e+00
9.992600768289660707e+00
3.660544653677968796e+01
1.303190192544073867e+01
3.707775587161482633e+01
2.861648210775129542e+01
2.125941472436069013e+00
7.189212480507410241e+00
1.343324756200314596e+01
7.045503552018445248e+00
3.540867489780892896e+01
2.979594827201975704e+01
1.832562914158346601e+01
1.152220658278299048e+01
9.547588089349593687e+00
9.871166924284244359e+00
5.321620218377607792e+00
6.403249609183784052e+00
2.933475415584908674e+01
1.154421908476868275e+01
5.799341942694236529e+00
2.176165161288226901e+00
8.223470747021975669e+00
4.207498254030130447e+00
5.360083825011239256e+00
4.210575253951900265e+01
1.308408396978904165e+01
9.845328754598909882e+00
6.830389199451942339e+00
1.706983151718916147e+01
4.509891895094259695e+00
7.170014439772629977e+00
5.204442467470590117e+01
2.786553942365934233e+00
1.300508610793947639e+01
8.893292509043234872e+00
2.486492778322401520e+01
1.612309306226158512e+01
1.102379906019229594e+01
1.987231605413340318e+01
2.563752320531726525e+01
1.417848115511143448e+01
9.932976977812023378e+00
1.154733044331633529e+01
1.003086841370432403e+01
3.037815267842552203e+01
8.135194979929970316e+01
1.670306404221541996e+01
4.201745751085057101e+00
5.733351872942345828e+00
8.057737880537279906e+00
1.146201723383467197e+01
3.071047888415482774e+01
4.936369007284412191e+01
2.315410945600858739e+01
1.254257730005639893e+01
1.981091449107659841e+01
9.477089398737998494e+00
1.440561224157019637e+01
3.052673985961829217e+01
7.939744545637071660e+00
1.650392404930003920e+01
7.171575210199311101e+00
1.209271279017510814e+01
9.180324301462308156e+00
3.720250261981991713e+00
9.448428060544275198e+00
6.049384898926769338e+00
1.405737909209107102e+02
1.388521623428385254e+01
9.508423409633410373e+00
1.186114062679879488e+01
9.234385260671675866e+00
3.029165276117637617e+01
1.030621541504379790e+00
7.825230696662802643e+01
3.497567512378691124e+00
6.706806315302543453e+00
1.298668437375725659e+01
4.560917251994530019e+00
1.887528674632656589e+01
1.338208035414758301e+00
6.758637328926313970e+00
7.216925251884425130e+00
8.925150846854158715e+00
1.883180200689330874e+01
1.305072769758831264e+01
1.891007393945089543e+00
1.602195100626778768e+01
1.559046120524289236e+01
5.584355132428174606e+00
1.446300301318826698e+00
1.100968703542883453e+01
7.669083707039312081e+00
7.618867616602561732e+00
4.499915503459254040e+01
8.019865667863857794e+00
2.247920876134322121e+00
2.979401229435053367e+00
7.129981524157630979e+00
8.386326404705743087e+00
5.244195921181746822e-01
1.965170180505552722e+01
2.065727846794150580e+01
1.342959675405339937e+01
1.127539834700537291e+01
1.800916638022905758e+01
1.872928271926345545e+01
1.186881583744119162e+01
4.867806406532280583e+00
2.002242202409999194e+01
6.030046533980114809e+00
8.610532449545518219e+00
1.161445738915784709e+01
7.465515252140225932e+00
9.275993219769022247e+00
7.469577341298848694e+01
9.366318564205929675e+00
6.279731754662994270e+00
3.029327978530645726e+00
1.047240245569231121e+01
1.112104524137776629e+01
2.061769249104172630e+01
2.744368974700229202e+01
2.044296981221383813e+00
1.422871141215625279e+01
1.007597876156107297e+01
1.750339038421333981e+01
2.041242680989099867e+01
2.966476512520098652e+01
2.199649525393869709e+00
8.429558452122567047e+00
7.048413496405864009e+00
1.313402241342370935e+01
2.646581132603031961e+00
3.382693543750690868e+00
1.200253006362016173e+01
4.659926121418634715e+00
2.802333519055032340e+01
6.676875709345839738e+00
2.629831999629615336e+00
6.138780414452898349e+00
7.879718861323397050e+00
2.086048804649344746e+01
2.746603396020746324e+00
6.362842930056259405e+01
7.770984277558038222e+00
1.040225293782663840e+01
1.506717933784286778e+01
1.392785280779639123e+01
6.540826177362475846e+00
1.412466115037377712e+01
1.432598197422343489e+01
5.186780182500315028e+00
1.492858673536535896e+01
1.542139914286398295e+01
8.405331178543045567e+00
2.425798598446170740e+00
3.752001067851100657e+01
1.419472786798577246e+01
5.326811177893571170e+00
8.844031061322638054e-01
2.040998348147682506e+01
8.844606506391068379e+00
5.120672584067513355e+00
2.881242254283582938e+01
2.581390892313945251e+00
6.514432871615153609e+00
1.219242776286138508e+01
1.217520357379673079e+01
1.232529763380484233e+01
6.993666850706532934e+00
6.296234416160125136e+00
1.382780589363655110e+01
6.642822978136259771e+00
7.625706932831822549e+00
4.249426043824665378e+00
1.066598800554784354e+01
8.982012144417661048e+00
2.754024575257703944e+00
1.122282824268545909e+01
5.613212403626456570e+00
4.347364458480377003e+00
1.623129822371867448e+01
8.888015779842573849e+00
4.089545986407331135e+00
1.775638109484155347e+00
5.603201591075190180e+01
2.962372783747498417e+01
2.668234042633065428e+01
3.095402167494457046e+01
4.551526895849153931e+01
2.365760598514716051e+01
2.267505445347897464e+01
2.690602176991108152e+01
2.816344663246755431e+01
2.641526919421557906e+01
2.633208699014050680e+01
4.340544401099651139e+01
2.412134131900439726e+01
9.422488676465322399e+00
1.665645168097588069e+01
2.495131318492130035e+01
2.133988898715793070e+01
2.542015708301387633e+01
3.470739126689598919e+01
1.928107451039056386e+01
3.865356869189186995e+01
1.014621296989654269e+02
2.868103947596401326e+01
3.530063624717512738e+01
2.836946988855336471e+01
4.106541275133552205e+01
3.113300367995450912e+01
3.375097295972178557e+01
2.046726277646892811e+01
