7.416143790895014298e+00
2.749265512966097091e+01
1.359856421397226356e+01
1.094876973275462291e+02
3.623470325740513687e+01
1.412564271945741901e+01
7.264274871230582242e+00
2.483929669302278853e+01
1.621674186262077200e+01
1.057164373566207445e+02
2.169377580288664831e+01
1.117335085356850932e+01
7.937698434243046997e+00
3.617904869418155922e+00
9.227663073942856897e+00
6.984687104991955664e+01
1.787491659006514055e+01
1.275301515338186853e+01
1.032600626672920185e+01
3.259851090817395214e+00
2.294178698506535241e+01
7.097747679207017768e+01
1.471019038444976523e+01
1.071223939733416053e+01
7.908440192393137558e+00
9.719619244825054238e+00
2.108805103322119479e+01
9.420768954181392374e+00
2.740101285139574827e+01
1.188054572650079699e+01
9.308515706495095188e+00
6.197182222451303346e+00
2.209035589972411984e+01
6.177749771584347904e+00
6.839877174763748258e+01
7.525880550888540910e+00
9.470675431592782800e+00
1.283055367355779985e+01
2.321625824098773805e+01
9.705748006400753525e+00
9.731604200298500018e+01
2.422295092656674953e+01
2.063450532805987780e+00
2.767746276640538738e+01
1.380578858867868064e+01
1.091609414631804498e+02
2.432783597392631592e+01
1.276445226751394912e+01
5.413288549895713508e+00
6.706632805895787364e+00
9.964666783729684951e+00
6.459184876845795031e+01
1.385629716151190927e+01
1.549278579359709518e+01
4.413569671575423570e+00
5.196162491631091562e+00
2.064222090967763634e+01
6.873804613544308495e+01
2.453753958536261237e+01
1.893546469015735667e+01
4.204976626275622742e+00
6.213473582362415648e+00
2.604557191428090235e+01
8.228532768526903851e+00
1.469954723146777553e+01
1.104441549052053340e+01
1.455249596158010661e+01
4.824160138265873421e+00
3.708666256957761931e+01
6.952183390722851186e+00
7.147033682387818487e+01
1.643796813972875626e+01
7.673787712270592642e+00
6.165429715940977218e+00
2.533042621699453889e+01
8.808601086781628453e+00
1.144745083872129499e+02
2.392477916093855228e+01
2.555908237219007262e+01
1.042343175725811832e+01
6.374238061930515897e+00
6.412006203755356637e+01
1.763165339449891533e+01
1.113020057894946646e+01
1.607719751175106282e+01
1.162483532723813084e+01
1.796179599579930297e+01
7.206649000710757491e+01
1.552728660198275712e+01
1.036849856958231086e+01
1.005922495482497858e+01
1.034270105756006508e+01
1.651786347856592840e+01
7.724222234651395347e+00
2.012491114832112871e+01
9.528723307167748402e+00
1.161481578793742209e+01
7.522118636589173235e+00
2.175799849350006809e+01
6.237732852057579436e+00
6.684570206516882251e+01
9.612351827128090775e+00
1.322474639094006044e+01
1.194896110796560151e+01
2.075141051434774297e+01
6.686872167595234728e+00
9.187660439265521006e+01
4.166634319640212425e+01
8.817625401612609437e+00
8.398442406985198616e+00
4.982443677586071651e+00
5.516602361306451741e+01
1.497677155659025061e+01
1.265640255589328689e+01
5.758394967402696629e+00
9.239553415055524965e+00
7.776656841563512224e+00
6.548092347817016545e+00
1.603329657905524286e+01
7.972885790688289731e+00
6.727129654764072875e+00
1.045978147901653621e+01
5.054958429716656099e+00
5.563923415816488749e+00
5.505346022927253813e+01
7.254077893015026035e+00
7.597222793856164280e+00
8.720200438910827856e+00
5.263343368907797526e+00
6.014646547427995316e+00
6.323759085954835513e+01
1.305200869816330034e+01
7.091905652459364440e+00
1.329809151668403899e+01
6.371226024791156739e+00
1.909316084110939116e+01
2.165041772734405257e+01
1.740307713604127571e+01
8.283468113025358903e+00
8.629172545377317149e+00
5.040922772792224116e+00
2.104556706383339204e+01
5.611436825716601362e+01
6.828431010486871955e+00
3.611917198713500365e+00
1.115521217853703639e+01
5.852635762536678499e+00
2.421614451413092084e+01
6.836286020670448238e+01
1.780088832197368021e+01
1.207562775603890337e+01
1.514255038622960292e+01
5.871816298221898656e+00
2.455753577148356115e+01
4.514788734817894778e+00
1.148582783826888232e+01
5.145671804200365962e+00
1.373151420681626433e+01
7.763947476302260675e+00
2.361731544254216786e+01
6.724556916397921746e+00
1.616167850980127341e+01
9.129110077032146719e+00
1.126690304141191667e+01
5.809703117922288662e+00
2.264872832193147545e+01
6.218401463768184811e+00
8.794258813181141932e+01
2.582495163947018835e+00
2.382964556853202964e+01
1.311902847175481845e+01
1.081494764815069516e+02
2.435895304869346134e+01
1.070785789099131868e+01
4.000693656123379682e+00
6.162283538793713156e+00
9.511080057319013292e+00
7.134334790666113690e+01
1.072809516283346909e+01
1.248772803525041120e+01
3.380898613552610232e+00
6.625773147651661255e+00
2.932466993286629986e+01
5.791756633819382927e+01
1.897101810663161103e+01
1.222344790498272360e+01
7.027956423152993182e+00
1.996711442478230580e+01
2.193511651846938193e+01
1.131338485222098456e+01
2.361117526918781095e+01
2.576200106821417535e+01
7.047852529260101306e+00
3.928519058924500040e+00
3.709111330081729818e+01
6.860918689861399855e+00
7.752961646479620583e+01
1.238569702262892491e+01
5.227138244614880414e+00
4.255402022236140169e+00
2.683388009785552697e+01
1.237457870750766276e+01
1.127485670521434713e+02
2.068343913902540621e+01
1.395351657065786632e+01
1.044505562570674861e+01
8.780851635086502682e+00
4.506114280898652424e+01
2.282191972223543530e+01
9.817382724430924412e+00
5.497091350036147794e+00
1.011914319935693918e+01
5.783275277749553744e+00
6.694956276888116520e+01
3.481214366862169385e+01
1.029698904049201147e+01
1.156643973416110782e+01
7.881945412428779996e+00
1.766532501683699863e+01
7.971479381615141691e+00
3.057997913849782989e+01
1.853005819324855707e+01
1.209451002573658229e+01
9.174019768241818085e+00
2.213328051291173892e+01
5.542623298039890400e+00
1.034569327854201362e+02
1.030115103208808769e+01
5.302750535493253814e+00
1.002227075432396752e+01
2.259329229619108048e+01
5.968783091774513494e+00
5.838115247494052795e+01
3.481956055625695257e+01
5.240457283823148238e+00
7.177588446557041202e+00
4.046486021384443355e+00
3.522536855716939641e+01
1.798567622850645975e+00
1.015868280444111349e+01
2.416914262881033171e+00
6.677707094702789448e+00
3.596870720999801652e+00
5.537250112299561877e+00
2.541870738322473144e+01
1.408193385096212502e+01
1.652625141976111989e+00
1.060350848355510855e+01
6.675376413154118893e+00
5.622500957386236564e+00
6.970248083349960666e+01
5.991493437999524829e+00
4.226158330538317465e+00
8.329523725807248979e+00
3.865446143162866832e+00
2.444434400373362681e+00
3.513378433137554424e+01
2.130264711923745935e+01
1.274996650341051918e+01
9.077207433160380035e+00
9.371142648137775311e+00
2.247368196883054381e+01
1.410668305078347373e+01
1.144312557068832703e+01
2.041207950469387189e+00
9.437563153843216313e+00
3.309732790522900814e+00
2.122176104066597091e+01
7.437938055298647555e+01
7.319734608343403615e+00
2.917419662405275615e-01
9.360553276022626434e+00
2.574828545168085459e+00
2.200009710063823221e+01
6.267450882083886654e+01
1.666871499844863536e+01
7.442960214698492116e+00
1.198794223876640608e+01
8.645317888369286052e+00
2.363791459253502936e+01
6.964573908853445516e+00
1.030749873344974077e+01
2.828826816333481986e+00
1.215996918855659281e+01
8.185891403375897823e+00
2.392535080453494700e+01
5.252905469001210470e+00
1.471099426222955664e+01
6.177539477019372782e+00
1.043559885193253756e+01
2.221021972632152508e+00
2.198254251734618947e+01
5.175646278471610628e+00
6.879773554504340893e+01
9.871015159691193475e+00
1.634948241511419909e+01
9.115919261568837584e+00
5.720486642007398359e+01
1.207622382599304522e+01
1.669070967103084158e+01
5.465453780173299414e+00
1.345490564285661783e+01
1.123164256831805297e+01
5.765177406525117476e+01
2.685219286557589768e+01
1.759968483480042423e+01
9.613974276155325072e+00
1.015582862414751375e+01
1.435889999992657629e+01
7.036559696238098738e+00
3.352335943994111744e+01
1.376914762958378446e+01
4.868477939939613641e+00
1.464528564284076317e+01
2.001295958149026433e+01
6.664552630401063382e+00
6.923826264034163103e+01
1.595063369042516754e+01
7.227583338369844235e+00
2.131728134208131920e+01
2.715795517589731389e+01
1.396778689325440581e+01
1.046150447753946224e+02
3.211682114699572566e+01
1.997110221814864639e+00
2.729078136853480885e+01
6.105763932697414020e+00
5.531668079623948842e+01
1.719267741157612761e+01
1.681005005316737666e+01
9.545272533725485786e+00
2.016445642505432190e+01
2.654484347948657064e+00
6.482687602471656874e+00
1.866789726585858489e+01
1.565617383137308849e+01
5.161487058691636598e+00
1.165316722429932916e+01
3.723612300793744723e+00
5.408739565366344593e+00
6.129590346908040033e+01
1.086567854016881896e+01
2.263327116907132464e+01
1.057845356674362236e+01
3.306066075840457419e+00
9.393273018015575460e+00
4.913215093971799519e+01
2.025455318940833749e+01
2.754341019973246762e+00
5.657515984604188475e+00
6.713521927160896574e+00
1.980453296458953005e+01
1.592007258554356319e+01
1.512181873137484445e+01
5.056349747643761106e+00
9.371305456216584062e+00
4.752607367885706147e+00
2.177822370812484110e+01
7.112125400416618959e+01
1.244369883873803140e+01
2.673880573990704335e+00
8.976514693034838288e+00
7.538610566825767023e+00
2.248827552533768070e+01
6.997750258283446101e+01
1.401318670448698356e+01
5.464495733720994508e+00
3.171148730366555757e+00
5.484715540958153390e+00
2.299578239934555768e+01
7.769099188499720698e-01
1.339499899895134405e+01
4.605563479621131329e+00
6.594901802588349682e+00
7.889647282368060566e+00
2.418277806874147018e+01
6.903253959490292857e+00
2.152492533416125298e+01
3.828258075987136078e+00
1.020836310814247661e+01
8.622487874489198845e+00
2.631176186709775777e+01
5.044092496039684015e+00
7.235635793679212213e+01
5.958844982403928903e+00
1.545823811967344774e+01
5.070702182652604861e+00
3.479755575035900250e+01
2.615614956293234528e+01
1.415125987615843606e+01
6.790756782148702264e+00
2.451942950639190144e+01
1.081166378492855351e+01
6.641215015818788814e+00
2.705913013151178959e+01
1.276641971803542219e+01
7.399014356145779958e-01
1.291938991345030274e+01
9.261532933223042718e+00
2.198888636360930349e+00
7.146733874192159419e+01
8.602679661525533206e+00
8.568194444340660354e+00
1.549042768642240553e+01
9.718623533381633095e+00
4.485862694573294007e+00
3.987790581213904773e+01
2.021292423684714024e+01
9.795821265243327858e+00
1.516919400263697959e+01
1.319854999608621959e+01
8.420847767940026429e+00
1.551856979248587542e+01
1.163878325814659220e+01
1.280831467712281624e+00
1.133701894311169589e+01
8.144973680036267538e+00
2.047485385949539705e+01
7.317214813729391665e+01
9.168765785074176833e+00
2.429686018129787239e+00
9.395604499594270465e+00
9.273422250258706256e+00
2.218779374569803053e+01
6.780423120784826096e+01
1.466851660303578875e+01
8.333419598341809120e+00
1.333106216502562091e+01
1.393920846845765915e+01
1.996692573572814311e+01
3.290954087606659417e+00
1.206863189805489611e+01
3.827147525030463626e+00
1.023429582175576513e+01
1.544876713447160022e+01
2.421779770129184328e+01
7.491991893379118750e+00
1.496036331403502118e+01
2.305392419623522926e+00
1.007333199239521271e+01
1.116909853350780146e+01
2.238105635181479514e+01
9.740603787011565373e+00
8.788651339466123602e+01
5.774802547609780845e+00
1.161471170524105823e+01
8.872988068123893513e+00
2.933231491772190669e+00
2.316202215534657771e+00
1.006793014883020554e+01
2.701149743503755918e+00
1.232937392709014013e+01
8.679315804247410782e+00
3.938803623926100617e+00
6.477945915118998244e+01
6.455311321620675002e+00
3.098101740918169700e+00
8.480698341768317050e+00
8.499792815949421154e+00
3.762883786895129479e+00
3.909790543925535644e+01
1.446643595318241715e+01
8.937521690625304771e+00
2.022008677145744215e+01
1.532938053369182541e+01
7.536287096060081403e+00
1.861477910524278245e+00
1.331727263651724869e+01
4.333539056279820834e+00
1.664692818643809247e+01
1.250086288676195601e+01
5.218186381139171992e+00
4.648280814400704841e+00
1.878255590559432520e+01
9.230557925646656336e-01
2.463243004715268114e+01
8.555749948754021617e+00
2.707404804040226765e+00
3.707649871022163923e-01
5.714923461304635310e+01
6.141542664870392798e+00
1.477168886860883923e+01
1.607579036268677086e+01
6.981547869777259052e+00
2.522214158038983101e+01
1.403490439446401794e+01
6.348135016857938240e+00
1.326416968962660370e+01
1.331304882911469178e+01
8.470375272872258776e+00
1.624479836027682111e+01
4.774595722424851196e+00
1.562181197306234948e+00
1.548322995042013339e+01
1.000818904231389084e+01
3.358094213109705795e+00
1.842778095309675734e+01
5.951765271402700819e+01
1.097179578743949868e+01
1.343212739375678666e+01
1.568483112638334909e+01
6.149230061459067365e+00
2.003706934302233478e+01
3.550088260762461978e+00
7.249785067014360429e+00
2.514846165799361799e+01
1.127561375542197908e+01
7.911332824915442075e+01
2.116729977818558339e+01
1.232310117730006560e+01
6.635066407390032062e+00
7.507929312922505538e+00
9.983375005480862541e+00
1.119547020836614166e+02
1.269477398577529037e+01
1.456863328551253645e+01
6.462756346029535415e+00
1.152411661157377409e+01
2.614102574803831303e+01
6.783173844442767120e+01
2.429182243306560096e+01
1.503418882337297191e+01
4.223326611640733752e+00
1.319829132655723036e+01
3.312298338940219367e+01
1.142934561892970180e+01
1.383956207049552667e+01
1.137248658211473717e+01
6.582803336880044043e+00
6.230953844809410391e+00
2.614547669170455890e+01
7.824267324511773758e+00
9.944144007244034356e+01
1.330766550503874868e+01
1.330388219046218090e+01
1.423291675903735332e+01
2.761245233397692189e+01
1.514107526657344494e+01
9.851408134845625852e+01
8.966436715076747888e+00
8.562557866876380430e+00
7.893266037455020978e+00
8.508260034568438712e+00
6.998042107200447504e+01
1.300957197064695237e+01
1.197672837709716731e+01
7.622037426123546844e+00
1.436462839080027720e+01
2.234244092764056333e+01
1.056572479745548634e+02
1.246564442263478689e+01
1.034743160764884351e+01
7.284076614466965971e+00
1.104392851941899956e+01
1.643032323923640448e+01
8.128223469274621138e+00
6.663478095351282882e+00
1.601021049343852098e+01
4.819689728037329424e+00
7.988685277420986885e+00
2.211854554235206294e+01
6.106395546388226236e+00
8.596068050099934510e+01
7.641649876320199652e+00
6.122176672612536841e+00
1.408105570941448370e+01
2.664254625169398238e+01
1.194855362642138097e+01
8.631220709820024695e+01
1.830581209621273331e+01
5.510194841822911194e+00
8.695937142213386650e+00
5.267994175716492755e+00
3.458686885377800735e+01
1.610751648624414401e+01
6.516313960833425512e+00
5.115393801641624272e+00
7.356117742716173247e+00
1.074454758449583380e+01
4.175572481336829789e+00
1.884475205186780755e+01
1.258615470693934846e+01
5.964612699400888118e+00
1.079125127960842967e+01
5.854660274540404608e+00
3.036158985125802623e+00
5.602203658675180264e+01
7.915360611515632527e+00
5.765097915013918772e+00
9.158300436822502277e+00
2.287341111525806880e+00
2.764226431856815047e+00
6.453148353415552663e+01
1.797281946713935596e+01
3.980418857444678604e+00
1.294105571912092323e+01
6.860197942086045053e+00
2.391916804094344329e+01
1.486314762957206348e+01
1.290354765306575224e+01
5.439059850971560195e+00
5.835916752745472280e+00
1.732914524655609689e+00
2.159568830633730840e+01
5.670109604075022958e+01
9.486433211575425517e+00
5.509100291509671621e+00
1.132194617822846361e+01
3.802081474435098585e+00
2.199328585614467713e+01
6.881942861744356321e+01
3.477837593800705118e+00
8.515419209640546327e+00
1.527671692448772944e+01
5.909138509302137798e+00
2.694955392802718208e+01
4.926329574172642722e+00
1.406931902406482315e+01
4.948290061170271592e+00
1.864873331020713110e+01
1.157228935471417763e+01
2.583037007707844168e+01
1.025018434136565659e+01
1.482485915733081505e+01
6.133996205455706452e+00
1.135990235922227498e+01
5.343091723015934491e+00
2.228415269264968757e+01
4.195981473480207669e+00
6.933542497078333611e+01
4.469027341821248278e+00
4.552995053998122543e+00
7.115904100326908122e+00
4.346220981326337096e+01
1.953956932218208564e+01
1.105188978612156525e+01
5.436076441809631454e+00
7.156360449403472934e+00
1.957204131582381379e+01
6.351822260657375097e+01
2.051045727979481015e+01
3.741282710717530335e+01
2.540480537994286525e+00
2.026680275903244510e+00
1.845164715323450011e+01
7.428985659890408044e+00
1.966796923164435285e+01
1.059319988072988750e+01
7.688680851742664579e+00
4.138075967372821573e+00
2.591932706336039516e+01
8.000810559510462383e+00
7.017605393367325917e+01
1.393576670697318498e+01
8.954525034320900190e+00
5.818419689812955653e+00
2.218641725478995852e+01
1.034579332727079048e+01
1.026625445050914891e+02
1.272564953563625068e+01
1.793555661034275106e+00
3.136766073560858015e+00
4.770457726630348283e+00
4.782140448807959388e+01
2.184631651165467758e+01
1.903003956608250036e+01
4.491466672065828725e+00
2.560262220315654602e+01
7.385057747543585016e+00
9.460612559113172892e+00
3.956679499529639799e+01
1.874240847840149371e+01
8.563168563122614430e+00
1.375404743361161231e+01
4.287025788940525217e+00
6.643369366014713506e+00
6.008539491325375792e+01
1.316828964505042876e+01
2.767066678997973650e+00
4.183130708748302062e+00
5.475035789060753721e+00
9.131868223070226165e+00
4.619701921660423949e+01
5.243313412900791803e+01
1.254461563189873452e+01
7.552770564626256622e+00
8.806807717653260426e+00
3.024521488480802489e+01
2.526036016887097801e+01
1.810567218457824978e+01
1.160218588633183856e+01
1.739156413528492351e+01
1.308597239214957142e+01
2.428300049304780472e+01
7.765370362341691646e+01
1.295630282982485149e+01
7.656199150880985904e+00
5.988864283433017022e+00
6.561809556606110760e+00
2.389775654001679683e+01
5.651697935009380558e+01
2.067971026026086179e+01
1.422966116172236717e+01
7.821797090297160970e+00
1.131742827220890923e+01
1.311235639774447215e+01
3.580871117257489189e+00
1.877758949502614172e+01
8.374367051114329996e+00
8.194796327336662856e+00
8.923080308011270390e+00
1.679799009714322011e+01
6.801359456454439290e+00
1.805262799963886167e+01
1.112340005439040169e+01
6.542828773296078815e+00
4.707946447970061676e+00
2.404501378862968508e+01
6.867213779880861679e+00
7.696279588590850551e+01
5.436788469109999689e+00
1.143648461594128030e+01
6.138767896522957734e+00
3.377742855446606285e+01
1.466785303766127946e+01
8.085970435957108293e+00
7.935727630402297450e+00
1.828992706175455751e+01
1.212092094477575266e+01
3.520996654533091075e+00
2.111607603840410974e+01
1.454147254323614646e+01
5.517201915249388300e+00
6.946718905605098193e+00
1.086932036916179989e+01
2.331056470624952137e+00
5.566843555870264737e+01
6.841245028923902183e+00
7.082478549207697149e+00
1.637799056357723160e+01
9.631021556355193525e+00
7.521234905986940333e+00
5.075763688708973831e+01
1.450395859721153613e+01
9.435240439312652327e+00
1.272948554092632811e+01
1.596230440736366596e+01
1.964985424301593753e+01
2.458103287576097884e+01
1.705488845540207876e+01
7.331005464161780338e+00
1.094205612368129010e+01
1.305501676879762307e+01
2.108818212690011151e+01
7.821075972891938477e+01
1.108657762469723274e+01
8.467227435670846347e+00
9.687231680064019912e+00
1.227194001122033029e+01
2.474796784212013634e+01
6.765488506807933788e+01
7.609772034407881414e+00
1.094020038461655453e+01
1.185028579371283719e+01
1.765994512994921806e+01
2.286020916046453522e+01
3.904994044522816843e+00
1.513405336660813205e+01
1.062195270974843986e+01
5.946423802014049187e+00
1.676239888833433156e+01
2.040382644178620808e+01
4.736191907146197977e+00
2.518360306562597017e+01
7.985637272514783724e+00
1.088755602744890183e+01
1.323818483553686498e+01
2.286395705449141857e+01
3.487309028120233023e+00
8.085161281977880776e+01
7.130405510247817880e+00
1.539260900674460153e+01
1.333214473812879497e+01
7.358273036870039085e+00
1.149964732862901151e+01
1.153138152008228090e+01
4.488113732755924623e+00
1.392429504347451008e+01
8.785132103401009473e+00
2.640863158427601221e+00
2.108271691873541442e+01
1.329074386022091225e+01
5.649510007363232944e+00
7.625162425840865232e+00
9.535852950815202789e+00
3.502059123222684978e+00
3.221606733886387985e+01
7.368664977987848808e+00
6.825322589081291191e+00
1.229295800411975925e+01
1.250967363554216583e+01
2.571668046839596045e+00
3.212731841810954059e+00
1.208713831646208980e+01
6.710552526410275220e+00
1.157347981339409593e+01
1.215309236977602048e+01
5.896807324444857557e+00
1.075497062592035480e+00
1.303420019442604882e+01
5.826840779625475086e+00
8.538153428992472982e+00
9.505620535557886441e+00
4.592598655257948970e+00
2.816642105013275055e-01
2.868545410375844540e+01
1.747686973002844368e+01
2.103872594451668121e+01
2.573532120487976371e+01
1.368110583663903590e+01
2.968714836789327549e+01
2.018879693965316591e+01
1.792756877216851308e+01
2.372663553599781494e+01
2.770516483134943186e+01
1.378100747318454999e+01
2.067587102536787924e+01
2.870846712509880305e+01
8.399649938502145474e+00
1.364046444399770941e+01
1.475989898935321776e+01
1.461261529445049945e+01
2.223927770967855011e+01
6.383407351392449414e+01
1.760176267055141963e+01
1.964770158175968717e+01
2.563856280805821086e+01
1.736546025027714535e+01
1.482517798603152848e+01
1.219996186090156343e+01
5.127385967952871049e+00
1.198667790177066195e+01
7.609075657706636520e+00
5.411101187681301639e+01
8.463834650475499544e+00
9.606886977478110268e+00
7.064515044429765744e+00
5.736846674835188509e+00
1.875744998368733363e+01
5.886828986696382771e+01
2.266034664778828400e+01
1.221866847113519938e+01
5.154855977819683410e+00
1.436223703925786843e+01
1.183891612847749286e+01
1.287528622586149218e+01
2.647160728231878579e+01
8.615195765956315199e+00
8.023863581669040457e+00
7.873227389073325533e+00
2.306319584332712225e+01
7.557748944961445225e+00
6.852625709146326471e+01
2.521592491982145390e+01
1.098448969553264476e+01
1.617358399328163898e+01
2.933172664678564345e+01
1.276750509567867375e+01
4.724802889473505019e+01
1.882202867474213193e+01
4.105509087182408479e+00
3.293733645527813447e+00
3.379366917803288128e+00
3.855882539618284710e+01
1.461798043032803740e+01
1.385677476687247633e+01
6.594633366110277173e+00
9.173750092706482562e+00
1.815832843336540492e+00
9.614416302531019198e+00
3.411732520916415989e+00
1.243142475994295459e+01
5.852471237353479516e+00
5.999312192759378881e+00
3.232396045128560491e+00
5.321752522233017757e+00
5.999135456280484391e+01
1.105630490094985063e+01
3.003232629154918509e+00
2.613686953916931177e+00
6.215103718803022481e+00
1.150039414883599065e+01
4.587995206891813638e+01
1.822267765930813610e+01
2.738517489448804909e+00
6.237247466366562243e+00
1.127420866922799014e+01
3.346736473869990647e+01
2.340326785630837847e+01
1.597368169657532100e+01
7.509457366532298117e+00
4.877307616279206393e+00
9.344719629416150752e+00
2.277453461321437445e+01
5.157521221838934622e+01
1.097535772076890659e+01
9.802583095936752144e+00
1.596637735111382916e+01
1.326651062760775801e+01
2.823334320717355084e+01
5.202969825931614167e+01
2.323925234137763596e+01
7.467550367417643109e+00
5.408559577633344162e+00
1.074184552473838927e+01
3.079264771005091816e+01
7.158260563675177046e+00
8.902267056706223869e+00
1.092444704314701731e+01
8.045144083436811755e+00
1.289913883593349908e+01
1.069731326652375536e+01
1.548141094040106225e+01
3.266387876065240192e+01
8.243841274591376944e+00
6.493759387901177682e+00
1.138419925884640982e+01
3.062473898412164530e+01
8.658220988054381451e+00
5.748526517451627882e+01
6.775756224118784310e+00
9.585139045822964832e+00
6.045112619172715362e+00
3.759911530579400818e+01
9.358890401100360634e+00
8.750087775200984908e+00
6.918930464107805101e+00
1.355178870778169475e+01
5.963194683764641013e+00
4.186166657554807990e+00
1.823949318647982309e+01
1.292231742780918680e+01
4.388504613058201720e+00
6.575461498592655829e+00
6.213223095388973327e+00
2.749478734572702976e+00
7.233047979357630197e+01
7.990658704359611342e+00
3.331790057741514044e+00
5.835008435643956659e+00
9.001098202279779414e+00
5.882748915217671737e+00
4.147310531843532999e+01
3.480305638723562112e+01
7.291712601702200480e+00
7.182533751541441802e+00
1.183495153899606045e+01
1.516771516769962780e+01
6.797365967299344724e+00
1.667742526516809676e+01
7.210266271449579101e+00
1.747002303679360269e+00
6.296642051494784731e+00
1.532221473212895546e+01
7.463634332960364759e+01
9.494510211988437476e+00
5.338949169795494498e+00
6.887176104177136438e+00
8.332552300181012228e+00
2.187112102198851105e+01
7.216720192043398185e+01
3.518284827654181157e+00
9.583742606373069961e+00
5.562721069886193526e+00
1.355641318969131959e+01
2.234767581212278742e+01
3.265267292693931456e+00
9.310073628507993249e+00
7.162148293834582624e+00
9.655887241213600092e+00
1.684326654017877090e+01
1.758417063180602113e+01
4.833047896059342818e+00
1.924772580659068977e+00
6.650074151919972643e+00
1.906794716432418157e+00
1.071468452622182177e+01
2.154730930234768849e+01
4.659291803541417920e+00
6.654464059201296777e+01
4.551272050400768876e+00
2.468642427419471819e+00
1.012669015509711734e+01
2.626505090029960687e+00
1.229766891601397560e+01
8.956523648256167647e+00
6.306732677772902029e+00
3.787773479119333597e+00
8.686713427314668223e+00
2.536933536675832546e+00
3.271144159495266024e+01
1.226200179710858151e+01
4.860087572388955834e+00
1.985930063001001722e+00
1.030265260656190485e+01
2.730314904237558071e+00
3.541677237088810415e+01
2.159817725987454917e+00
6.970764917279623774e+00
5.693705953022352162e+00
1.182490966286676759e+01
4.242981172619423980e+00
3.993780715120465175e-01
1.144696019782969643e+01
7.214519027474270096e+00
1.645608178171571900e+00
1.085462067143560461e+01
6.950901634035325571e+00
5.682364256350716403e+00
1.261199836308805722e+01
6.233471764156008454e+00
1.788458618596737937e+00
8.759507398123384192e+00
2.220041774464752038e+00
9.700421655829951639e-01
5.829770577237755447e+01
1.315270182815933175e+01
1.248986325044061196e+01
2.162652910164151265e+01
1.186136110784686259e+01
1.696354107489680985e+01
1.690400990382930857e+01
8.625799583438940488e+00
1.168817172411035443e+01
2.032893355643296829e+01
1.011507913742566522e+01
1.115252028421394925e+01
1.007528725743987330e+01
6.696062703640201619e+00
2.987340165627930588e+00
1.004746123447337247e+01
2.602001523759890578e+00
2.065181888884666961e+01
6.448599105534681541e+01
1.460907320872860105e+01
1.023522762124998131e+01
2.033167332478210554e+01
1.094998277785533780e+01
2.629416058736082462e+01
1.265783676947982883e+00
5.734049348076851516e+00
6.886809653724729863e+00
1.559186049845416555e+01
4.640599877396130069e+01
1.989070544486983039e+01
1.901387964199597747e+01
6.168487336154885092e+00
9.423821005074470847e+00
2.897710419006605420e+01
1.017475595521135823e+01
3.842203670264424886e+01
3.048967231297107716e+01
8.082120626655006745e+00
1.257493446564109263e+01
2.470145792107584271e+01
5.485908054753505070e+00
5.065788962280080199e+01
1.567293510324878447e+01
1.059654639223628436e+01
7.341133271483403888e+00
1.787902094693431465e+01
7.166311126284039545e+00
5.208150192881010554e+01
1.960652588620547476e+01
3.945358081019907814e+00
6.784439393755643088e+00
8.409124394196355823e+00
1.916426403821920132e+01
3.072056569774925450e+01
1.741802659411071375e+01
9.734691589075966434e+00
6.168666616293658755e+00
1.331344866455272502e+01
2.095899184965031736e+01
7.057404156367532266e+01
1.606999425859196862e+01
6.166765944370027341e+00
8.014958366065298989e+00
7.253285546278459783e+00
2.176030935093044150e+01
5.199184273781042265e+01
2.940213648725652273e+00
1.216646025849170165e+01
7.885233992267923320e+00
8.201525050862585431e+00
1.479153507002743417e+01
9.354206183020806975e+00
1.431788265326101239e+01
7.664322525455655288e+00
9.773007254318146764e+00
8.114729336349155275e+00
1.853353435531846571e+01
6.529566318377248990e+00
2.283333886236925636e+01
1.071240769604503562e+01
1.167871769427659423e+01
1.026261834804809858e+01
2.187746902887068856e+01
3.485417137497473394e+00
6.781104845419223182e+01
7.317783493131924111e+00
3.256824031823500665e+00
1.759681609667329028e+01
7.107321523826240828e+00
1.304201652911326370e+01
1.257384461257881192e+01
6.068138475671967846e+00
2.373443695749634319e+00
9.479937254221413312e+00
2.874611779521294874e+00
4.000906613964815506e+01
1.216499795246668469e+01
5.806888425725465375e+00
4.685885526257586697e+00
8.771049832764122201e+00
3.792103219038509110e+00
2.274445196736117580e+01
6.069820552335443153e+00
7.345799899784823062e+00
6.698959306722329643e+00
1.390210844940611423e+01
5.814399123041067874e+00
5.567222928663438930e-01
9.069633013111616293e+00
1.157398800089271163e+01
1.286225489215710205e+01
1.002741376700244835e+01
1.076971542102082235e+00
6.840883569836289979e+00
2.059308337095096775e+01
7.145361848075174827e+00
2.032668509887292974e+00
7.924494808939155810e+00
6.192910365701561837e+00
5.153534310465136770e+00
4.268597637937475042e+01
1.540735273175060094e+01
1.223774016067035753e+01
1.278165538287695391e+01
1.184980209764204595e+01
1.925461310088199696e+01
2.008848326295347064e+01
1.221035164698827202e+01
2.517422500222728488e+01
1.410777960466655934e+01
1.193249444501025813e+01
1.183418637275050145e+01
6.177983813432105897e+00
1.436876231848316365e+01
1.009140629700140401e+01
1.099662518556958979e+01
1.038454058124439605e+01
3.037007901083630301e+01
1.145509235884887715e+02
1.221601386407154166e+01
1.724875473261162639e+01
9.531327562811689802e+00
1.437726888975875106e+01
3.053249784667983135e+01
7.923913081848722229e+00
6.253846656637359835e+00
1.025738009756782354e+01
1.312660103864338623e+01
1.177497223707379526e+01
5.188488110871271708e+00
1.127085895737396903e+01
4.540521883143985526e+00
1.020986290625169213e+00
8.504153670245790053e+00
8.074610326627281509e+00
5.577103059782103145e+01
9.119393011286382134e+00
4.771935493152717811e+00
2.719291017917593312e+00
8.451901232429028354e+00
8.335025064206275758e+00
2.248605731226559001e+01
2.623297580758648273e+00
6.812602458856264143e+00
9.054622147557049416e+00
1.768927456073535254e+01
8.753356920692247911e+00
1.279029826218386567e+00
1.341668975729827906e+01
7.453608532458225078e+00
1.040000242218340709e+01
1.044962341321381238e+01
1.243332217068151913e+01
2.670430266264488317e+00
9.930236880642533848e+00
6.727646183454761619e+00
2.837616335883160534e+00
9.706884605193872417e+00
9.684474174516619627e+00
1.270728552359306374e+00
3.416230733849769763e+01
1.482830655068129744e+01
1.005639991850349091e+01
2.736708696023441689e+01
2.162340302875666609e+01
2.510610168542994813e+01
1.950010026387593598e+01
1.338862123203782950e+01
9.685651702014823172e+00
1.445859302008485336e+01
1.835689484567707197e+01
1.181147391062712337e+01
1.205246025869785598e+01
6.035062901003274582e+00
2.510647159907505088e+00
6.324312139184120163e+00
8.076677490039037011e+00
2.085456181727863978e+01
6.355467027542990621e+01
1.328364337694448771e+01
1.026129428903935548e+01
1.616666730366570093e+01
1.987905438771390365e+01
1.096891701654033824e+01
3.344162403625857038e+00
7.971459757459322226e+00
5.058099493601814878e+00
1.072549276729352563e+01
1.380661801736442662e+01
4.306667748979758237e+00
1.192096746200241419e+01
7.120355070566322553e+00
1.002330482896027952e+01
1.222387617714202612e+01
1.301221135807063156e+01
5.622231444383982257e+00
9.165404506733205281e+00
6.398870283015187788e+00
8.458263821849936193e+00
1.294297781116500801e+01
9.158940604630888771e+00
4.617253565411654215e+00
2.351130670780309728e+01
6.114970489762414196e+00
5.964711153272031829e+00
1.988211622680972468e+01
1.148853158117710471e+01
8.469732245882898525e+00
4.769405063467588413e+00
2.741932714778781133e+01
2.501469621683300559e+01
2.908480158662933945e+01
4.087492107227730997e+01
2.232305162378763441e+01
3.743585835949581764e+01
