7.698538938148384858e+00
5.600491261202452442e+00
9.606177052016606766e+00
2.788772863427563564e+01
9.493550976841980571e+00
8.672523487044787771e+01
7.053738964055550298e+01
3.077783267843198090e+01
1.967591423754228463e+00
7.130701630013525971e+00
5.153717213474798164e+00
2.614610825941455730e+01
1.177236243741173993e+01
1.083277168668169423e+02
1.083833693077363591e+01
6.500062173382587183e+00
1.071363616797003182e+01
3.285517992673066345e+01
1.988678210151843473e+01
2.426425979044000414e+01
1.143177145830500407e+01
7.940265423157926250e+01
2.104360962353580433e+01
1.554063531979998913e+01
1.849891826034314235e+01
2.618929344741560428e+01
7.488783613581582621e+00
9.024680159790174017e+00
1.302570042723036536e+01
5.474821572028262295e+01
5.083547684837073888e+01
9.163780493802505589e+01
3.105644411903838886e+01
1.987585287005715529e+01
2.574016692372436310e+01
7.878800003827403309e+00
1.754749888647147316e+01
4.703435122405205249e+01
5.569701145138160570e+01
9.340361109211022494e+01
2.875563790095962080e+00
1.025704419106252807e+01
7.606959375625550912e+00
2.043518992911181442e+01
9.795836825871854003e+00
5.795846442089441553e+01
8.392476501329678484e+00
7.626309844421320427e+00
2.878702775217963605e+01
4.844105460141698671e+01
1.274533423800793308e+01
2.122517516578605434e+00
9.479012916633463348e+00
1.308983121636752234e+00
2.241127531136293172e+01
1.404638076420861559e+01
5.648071578884816368e+00
3.517641546728433877e+00
1.124654009230717833e+01
6.900466221403644518e+00
2.286821185762875075e+01
4.850526229488355767e+00
9.508538423319339472e+01
7.221411741530666895e+00
2.390295790124845166e+00
8.395321347248803079e+00
1.109105808171807972e+01
5.927182138098706865e+00
2.269569246496824633e+01
6.481915424704368434e+00
2.562314356397521919e+02
9.564167361865492012e+01
1.083470173341719089e+01
6.449492351817234237e+00
8.269337032141569566e+00
2.672317673839610919e+01
1.468372784981964152e+01
8.772641028940381602e+01
3.284007083684886652e+01
6.802306645379327676e+01
5.084432228358275907e+00
1.968893757387898447e+01
1.587478107850274078e+01
4.073272108494399646e+01
1.373722992800590603e+01
9.490541696048963161e+01
3.931591625481197383e+01
2.200301303409699116e+01
2.956093677854166657e+00
6.381177044409391819e+00
8.125774704917375857e+00
2.676762180523228452e+01
1.657817708921106714e+01
1.079400223711534750e+02
2.752144698412335444e+01
1.421102010763513590e+01
1.451422886995859507e+01
1.893221208543230105e+01
2.093741297860698225e+01
3.615292764909305845e+00
4.238446733437870151e+00
2.006737583955542092e+01
2.140770708637850461e+01
5.206617527097746390e+00
5.414084797340510846e+00
1.922429807951581537e+01
9.487032035603387925e+00
4.550575951500806404e+00
1.894381381881658299e+01
3.976636125905498176e+01
8.732694468308862668e+01
1.888732314302741599e+01
9.872709207863692882e+00
1.560396108513411662e+01
3.002223221669605380e+01
2.281466524326389944e+01
3.434392580376814408e+01
5.431567456055683252e+00
1.038237309254338925e+01
9.705883916846179460e+00
4.374473798885561315e+00
2.228368311134120106e+01
1.325231705690305795e+01
4.528435891223165477e+00
1.725105501678448761e+01
2.948432368783706181e+00
6.558101439035563374e+01
1.222875057006614341e+01
2.000655722661293101e+00
4.851489697535114054e+00
4.305091694907752675e+00
6.114997387172974364e+00
2.679942143066475069e+01
4.594429351634111924e+00
9.421016903029440925e+01
2.155060463942774263e+01
1.091460779850924645e+01
1.094067965213772986e+01
1.612890345301861217e+01
3.742502289362612089e+01
1.728827381302485477e+01
3.763960702534245684e+01
1.118464840154089757e+01
7.053047666284394168e+00
6.899877980822925139e+00
1.363560803339225025e+01
1.378261241244659630e+01
1.999739073276640156e+01
1.703936041943918056e+01
1.022888238421086982e+02
2.598871459085496483e+01
2.172559866667076633e+01
1.297355327716028306e+01
2.088206970018802977e+01
1.575542601697891776e+01
3.415994771191830370e+00
1.206420479154174252e+01
5.942797841060996689e+01
2.132788989445202787e+01
9.984354638412392546e+01
4.360694147455929759e+00
6.065157312627365904e+00
4.760953724048335722e+00
1.729710860848859388e+00
2.120975709639404272e+01
6.687791981443221800e+01
1.175254551184679030e+01
1.332241917194093439e+01
9.214305129922415460e+00
7.391717478275825925e+00
7.025909867064225267e+00
9.877302381175136148e+00
1.258832552302202146e+01
1.732459571081973237e+01
2.882497955627191644e+01
3.277955057040862386e+01
8.382150639243205248e+00
1.563292959224883205e+00
6.004393747503640633e+00
3.693543154998077060e+00
2.039004789492316760e+01
4.136212451124913869e+00
5.720988173148409572e+01
6.835123570911985524e+00
9.573590138894813251e+00
4.976254565467789881e+00
2.183346406280601926e+01
2.448887213702509769e+01
4.450791168147630827e+01
1.548127139059947943e+01
8.587085506313445649e+01
2.016863013107423441e+01
6.281229381946772605e+00
2.905361277632868777e+00
6.925070778665350701e+00
3.249561130544883980e+01
1.352733997153343992e+01
6.688680389609625365e+01
2.552955645006804275e+01
2.738088187260803252e+01
2.171182348712832333e+00
1.359052623468475396e+01
5.373971071140036138e+00
8.598133488511807698e+00
1.065347452200502332e+01
7.336906389090206915e+01
7.122545770060027870e+00
1.487816127540778766e+01
2.991784935953635927e+00
6.209447943802312686e+00
8.567120063555623943e+00
1.164507707591535812e+01
3.119158469033465053e+01
5.440591466915606134e+01
2.379362666918744296e+01
2.650473825399548033e+01
8.681405880521886331e+00
7.434668554538434115e+00
1.435132211617335152e+01
1.880088958642321673e-01
8.978161005813168671e+00
1.106919921167568432e+01
3.016985615103230600e+01
2.780962234395367716e+01
1.559492210193333506e+01
1.059815881566667883e+01
8.071258728319346432e+00
8.674315671863093158e+00
3.007908519834173333e+01
6.472861190192155334e+00
1.223011938200426272e+02
1.776352661768515162e+01
1.162499600623239893e+01
1.174880918236089933e+01
1.024223207058112983e+01
5.126102776242174919e+00
2.218715168709707442e+01
1.381320597589065002e+01
3.666576655396675477e+01
3.365023064642801387e+01
1.353043800719560785e+01
1.921612765126586453e+01
2.519418648270150740e+01
1.456715364741940100e+01
1.246214572326964998e+01
3.520283928624460401e+01
1.791218690302373204e+02
2.582317966156578137e+01
8.192516071186307869e+00
1.469079126756930975e+01
1.851658044771403056e+01
1.315821301086833017e+01
1.327020772231605861e+01
5.165938773780621318e+01
1.074966415041865098e+01
2.061725080918328246e+01
6.132238220296177822e+00
3.773203923605271459e+00
4.916641210431445863e+00
1.191129808272954982e+01
9.921477953965004204e+00
8.663032873474382001e+00
4.813492279452918154e+01
2.362921742214352605e+01
9.897340872806308809e+00
1.390865018349459348e+01
1.080167892703743782e+01
1.357446735821226902e+01
2.473777161634131971e+01
3.603478786813337997e+00
8.495875955764238086e+01
1.038321671575712557e+01
7.498548915723240782e+00
9.757299617225521970e+00
2.152731846548070394e+01
9.718527032338947436e+00
1.911267689222169608e+01
7.932085111040114711e+00
2.601728743640623520e+01
8.058319811068079375e+00
4.740046925192991090e+00
4.231925427212789970e+00
2.068282689561450027e+01
8.818111589600425404e+00
1.246132521206020805e+01
7.998259150495876213e+00
4.224034968130689016e+00
1.276944751302245606e+01
5.537026572096909405e+00
1.389848333092094812e+01
1.003661543405647905e+01
9.384240817741513752e+00
9.814911374180438131e+00
2.922769509386448306e+00
1.481348090405190199e+01
3.098174922970023459e+01
7.760342505702713112e+00
5.753838765311186876e+00
1.861388700182992650e+01
8.180089824473261828e+00
8.024954780546368127e+00
2.616129859101352206e+00
1.122057473416259832e+01
7.904898354276472361e+00
5.534907382547448407e+00
1.800617437258545195e+01
4.278250087506470400e+00
6.832167965161104028e+00
3.615218881277427077e+00
1.860605359928952485e+00
5.554038230701857515e+01
1.986046577669561373e+02
3.354664154809327670e+01
3.115171299369367475e+01
3.184166673579816731e+01
5.162453136328844039e+01
2.866562687246550922e+01
3.702450767024948419e+01
2.220691724065322958e+01
3.617292375272187144e+01
1.723120044419299290e+01
1.667487241218766059e+01
2.459403610177967536e+01
2.637895759837446974e+01
1.304266871139190620e+01
3.580573710542153520e+01
8.350963823671956732e+01
1.886258312578527097e+01
2.688319863153900613e+01
1.467932953131183105e+01
2.667904002058621415e+01
3.742159601863085783e+01
2.214206385330713189e+01
3.289253143368443233e+01
7.855307604656357512e+01
2.884274684375004583e+01
3.708019874745999545e+01
4.892432674862817521e+01
4.651142757273811412e+01
3.326052562761231002e+01
4.074647186638285490e+01
4.075035429749362237e+01
2.974682394641302707e+01
1.933506833544851489e+01
2.860459416807875144e+01
2.807860433089857466e+01
1.831854641312691356e+01
1.471859789242954797e+01
3.280018656344292793e+01
9.227675649514548439e+00
1.543054994922748691e+01
3.248800086803848330e+01
2.635445204158746080e+01
3.815966704287347255e+01
2.321250167928434749e+01
2.975367394427221157e+01
3.003954269287959278e+01
2.689398439359172599e+01
2.069606032211021329e+01
4.152326713427862614e+01
