3.224328325091628589e+00
5.577897735518861033e+00
2.463111247830747974e+00
6.252422281702187057e+00
6.594342794782957817e+00
6.127441532630361287e+00
3.227420706803494799e+00
6.701319337319643132e+00
5.106089132445881695e+00
3.013842724784320470e+00
3.627394262378340617e+00
5.843181066818023517e+00
5.691686685314263805e+00
2.177756548434288675e+00
5.806502254785499417e+00
5.523551069921268208e+00
6.607616730751509238e+00
3.631210760710227081e+00
6.546662108732237861e+00
2.823333116423441425e+00
2.057180323710710468e+00
4.205496794508593261e+00
2.675212309029092239e+00
6.904560882308249603e+00
1.731866752767970752e+00
3.238701145304801798e+00
3.116110134753123706e+00
6.691688865511459916e+00
1.013009046983829764e+00
2.401973852085305339e+00
5.119517479912719438e+00
8.298826598509025487e+00
2.051417267299868286e+00
3.126936814971870149e+00
4.860292632811021640e+00
2.251923078352537910e+00
1.628051110202946461e+00
4.750574079954663631e+00
3.326176121071123593e+00
5.592681151032325992e+00
1.312405902380864520e+00
5.933321880953097427e+00
5.687826863551131318e+00
5.091088786392134580e+00
1.807822851022099941e+00
6.400516682406034441e+00
6.059447468967654515e+00
2.919485684972215722e+00
2.387009164327684285e+00
6.231632136008737888e+00
2.047870083449401246e+00
5.289905955325829190e+00
1.898610976844054221e+00
7.072639898244869272e+00
2.894718696829500004e+00
2.831151861783041568e+00
1.196079189268431264e+00
5.775816921532118009e+00
2.144838293263409579e+00
5.943972385700686978e+00
2.907016057632004991e+00
4.673288914719544884e+00
3.388748989574168036e+00
5.135336275662097272e+00
2.993268768423366311e+00
2.091886729018185065e+00
2.423043756749069910e+00
6.096686675573756986e+00
2.693476985886034125e+00
1.828036051616227953e+00
5.524805787172536675e+00
5.143604002762241834e+00
2.929966526416306838e+00
2.130869239419510563e+00
5.748205628086606289e+00
1.712217784632324324e+00
2.467393189829866884e+00
5.826708599305882252e+00
2.728900834138158871e+00
4.907748050583003341e+00
2.590074453349687555e+00
5.814431294766079894e+00
5.650296101679028737e+00
4.294934492001345028e+00
2.778269500505880618e+00
6.018328226891358490e+00
5.723632471374163977e+00
2.419799599688805980e+00
2.292025670695723161e+00
6.109608498713277491e+00
2.217949060864933930e+00
4.059327535652122343e+00
3.525300330416285988e+00
6.223159986214806594e+00
2.352529634466743236e+00
2.468540360173278714e+00
2.824783670621548115e+00
5.904556363998125335e+00
2.094868002969008103e+00
5.701649467545716554e+00
2.782051768204959696e+00
1.737266245008673993e+00
2.372670761101138392e+00
4.295442805727039293e+00
2.729088811952520732e+00
1.576049463641022497e+00
5.367699974792678574e+00
3.478383911006666551e+00
2.608902223384403474e+00
1.632190391030358567e+00
4.622573001273612370e+00
2.559543560952221242e+00
2.888305652634025389e+00
9.315492092984621886e-01
2.063962747215313698e+00
3.542461030993556026e+00
3.306842187965146618e+00
1.814942569464951250e+00
2.144195258630707368e+00
2.728549672379585900e+00
2.686224508796707600e+00
1.547120622950781010e+00
1.887203555918863573e+00
4.564937177982357319e+00
3.287232143693209707e+00
1.574138538252640274e+00
4.737630753355918323e+00
3.964096534403172001e+00
3.436954928467059744e+00
2.330016838807134949e+00
6.248904389737123033e+00
2.391517834551867505e+00
2.969825670012566921e+00
1.319734765137856813e+00
5.752295997518388049e+00
5.681518013005753431e+00
3.344317299826928380e+00
2.209650788534991417e+00
6.138250719740902639e+00
2.153635893988389061e+00
2.142841595035916313e+00
4.711733188632841518e+00
2.898300902150813041e+00
6.641523780128203214e+00
2.236628900303143652e+00
3.732005685806962791e+00
4.042987228824031831e+00
6.299866181440915369e+00
2.817626546131501986e+00
2.098031762514258158e+00
4.929939364338372876e+00
5.528524791003673222e+00
2.097806077221149312e+00
3.143299861773007020e+00
4.287311890336677145e+00
3.096890268895094778e+00
1.640037077051915704e+00
4.089258666155814126e+00
2.373873223865539561e+00
5.270985471640017295e+00
5.629033413446981049e-01
5.494354167966491787e+00
4.806525763139063656e+00
4.864873125322474401e+00
2.454110704788009301e+00
5.629615662150125210e+00
5.227240127376487244e+00
2.577935165829747799e+00
1.653733753192692335e+00
5.294328995229347079e+00
2.487248383734723234e+00
5.228702508860587628e+00
2.003821060584717983e+00
6.037527122792320178e+00
2.538633259438398682e+00
2.709746609563524089e+00
1.914281320381556739e+00
6.030309398811393606e+00
2.204532892799937027e+00
6.239638129419122770e+00
1.837488739623485801e+00
1.301707484833585227e+00
2.757432363029181488e+00
5.459166965820753781e+00
1.009432661985463442e+00
1.870927970373908122e+00
5.619437382336474052e+00
4.392323405730991226e+00
1.232198104288632079e+00
1.158142296665957360e+00
3.463062316342262914e+00
2.788765708217122441e+00
1.358963178529458915e+00
2.355367826477788640e+00
2.305591350333325185e+00
4.347308109563204681e+00
1.994590176793518355e+00
1.427098231728450628e+00
2.395519097254786178e+00
3.306372792632203073e+00
1.356995636743144162e+00
1.350304255453399493e+00
1.883503870695008686e+00
4.910073185624239223e+00
1.883450885575683742e+00
2.075387004013762748e+00
5.415366529922231997e+00
5.140056741114118921e+00
1.502605660323469650e+00
2.429555692496796038e+00
6.379693326796569863e+00
2.566017352823394049e+00
1.333698029322267997e+00
1.750759090643436933e+00
6.014386258637597571e+00
5.948158631171405197e+00
1.819356882340913417e+00
2.154533437695680842e+00
6.674404934647792942e+00
2.215518200901200885e+00
1.301579652079711380e+00
2.637867479677159732e+00
2.454521250310686131e+00
4.249200993147664640e+00
1.415196438686496139e+00
2.574645165664870117e+00
5.419898854450839742e+00
4.027009211809190248e+00
1.099140942859861525e+00
2.508853372086681244e+00
4.546438237418091610e+00
2.221109607540768138e+00
1.353877724124278314e+00
2.287260271808233991e+00
2.044910051105171878e+00
3.975946875762199184e+00
1.303729971734338688e+00
3.236325947202279618e+00
2.156803879742085428e+00
2.709803053279093543e+00
1.296834399615014233e+00
2.544374488896501418e+00
1.840500202179579103e+00
4.569887991100783253e+00
1.739173629662674969e+00
3.653726296251305516e+00
5.729490570596913024e+00
4.742882862912191300e+00
1.449222244960014949e+00
3.580423175469572783e+00
6.227485339280652177e+00
1.400511500957408062e+00
1.360198054287224734e+00
3.226290867487281222e+00
5.959774808667492429e+00
5.758123360784035860e+00
1.459754791278547570e+00
3.608439706731390029e+00
6.276497919329461439e+00
1.257632594708743001e+00
1.932469821929023057e+00
3.252158010238871189e+00
6.670032512646457690e-01
4.793666800845243436e+00
1.462396614214676704e+00
3.401915451300331572e+00
9.213730824342766246e-01
2.232140123240952789e+00
1.281852688908232452e+00
2.666386409456670492e+00
1.089052808800569094e+00
4.435687060317362373e+00
1.385156731387749973e+00
3.282581771571187801e+00
1.179540775622413662e+00
4.454931973772839338e-01
2.106380678699565578e+00
4.409797627276571319e+00
1.545764266367638529e+00
6.773340139957798378e+00
8.875904747360436886e-01
3.779816187511782832e+00
2.362256740714438141e+00
6.669255960765185343e+00
7.561366488709495570e-01
3.346626091422294280e+00
2.826256580833141019e+00
6.621362155396234073e+00
1.198109752928464333e+00
2.124771726993562648e+00
3.833160399440591615e+00
5.622566915694741319e+00
8.486771813215673310e-01
3.177449582432572583e+00
4.121603442699066200e+00
2.336583364989233136e+00
2.206013047471825583e+00
4.025112640305137823e+00
2.426880265790761992e+00
5.641663633859789861e+00
1.101648400476496592e+00
5.290850213004127056e+00
5.517817065706822177e+00
5.156635483331530878e+00
5.957970504617442487e-01
5.377858713252007483e+00
4.615398275779241111e+00
2.023033889175432254e+00
1.127909416314835767e+00
4.613505896813518525e+00
2.034715330762210783e+00
5.407891180026486388e+00
1.212162584150130895e+00
6.372983445893946275e+00
3.056236446450450561e+00
2.626324889222767300e+00
1.118144452339095096e+00
5.670034787204587978e+00
1.976199117762575952e+00
5.589791663146836953e+00
5.434585090125251261e-01
1.280006152617592763e+00
2.597558855933584709e+00
5.745034678515042792e+00
1.222968480140262271e+00
7.036527917487896966e-01
2.674160785255812911e+00
4.915280940881944893e+00
8.588349950520068887e-01
1.424389421897804597e+00
3.501647019175718967e+00
2.481107113642318840e+00
1.007611776188196417e+00
1.675750377253578449e+00
2.106268955379297037e+00
4.740475257358858663e+00
5.509794480322535160e-01
1.427777928269705399e+00
2.492575374379015329e+00
2.950750318770749114e+00
1.122307661704420978e+00
7.122342088380383407e-01
1.686235845170567016e+00
3.656371983713314844e+00
1.274890928956620373e+00
2.032535798895281687e+00
6.076675203917536017e+00
4.284771435382811688e+00
5.328394774763367536e-01
2.598812407129150071e+00
6.258849613214096053e+00
2.420065097772512441e+00
1.279018495026100766e+00
1.378637003436338659e+00
5.952646136967217672e+00
4.860689840832822739e+00
8.307415555642213567e-01
2.171261886550956088e+00
6.382650628954462668e+00
2.414246923479254292e+00
6.188652982116723544e-01
2.297805257664387479e+00
2.354904379575358586e+00
4.924946869294861251e+00
1.135137034775262066e-01
2.425494971427600177e+00
5.423099446552641645e+00
3.998431354421077000e+00
1.030096527820939967e+00
2.253841146217889335e+00
2.466544150604897734e+00
2.528016723010514166e+00
3.417131739355241393e-01
2.384138864846428785e+00
7.023575592806660106e-01
4.855277106446283852e+00
1.079546963986985020e+00
2.242234929007450805e+00
1.972692905388574447e+00
2.594734020247983608e+00
1.552107762257139145e-01
2.492371778567209706e+00
1.292842617393058502e+00
4.590257913269037537e+00
1.313432563717178425e+00
2.285065326784469164e+00
4.712536491137665706e+00
4.462329124568177541e+00
8.440340761943035952e-01
3.428766082780863034e+00
6.218280043471499319e+00
1.041914709785487503e+00
2.760382909321279499e-01
2.938839485928482986e+00
5.787330884539208853e+00
5.700056822933195377e+00
7.099697633444984612e-01
3.405382695444345131e+00
6.143651268175271518e+00
1.733624051028248347e+00
3.203097790878643991e-01
3.176948340748500410e+00
4.114012569891229987e-01
4.441344391607352726e+00
4.726476032133639649e-01
3.002626772730368376e+00
5.902714407152748199e-01
4.184729247330629676e-01
3.820099561634838214e-01
2.644422519788471870e+00
1.137654471210510110e+00
3.280931325992769931e+00
6.766434575921032035e-01
3.278611492390370419e+00
7.764125967833214181e-01
1.254273365681631391e+00
1.099069741069816475e+00
3.219130831765548262e+00
1.974132947149811912e+00
6.046296055639924560e+00
1.373240799568462789e+00
2.055442307197731910e+00
2.140795986375190640e+00
5.654950267805894271e+00
1.151651846715798344e+00
1.785788702902531666e+00
2.631908864155833694e+00
4.887396906336734403e+00
9.732493189869432237e-01
2.109818908880518151e+00
3.305472519503061424e+00
2.291197585570737605e+00
1.456445166021701709e+00
2.626937768511953930e+00
1.776734466674056989e+00
5.923064072805801494e+00
1.062645344727042529e+00
2.028647860438156147e+00
2.345282390445163401e+00
3.289730383410121473e+00
9.382021273980759579e-01
2.448422925175055109e+00
1.893702301521955178e+00
3.912232983347519788e+00
1.154166931630424386e+00
1.745789805063802547e+00
4.962956526370276400e+00
4.913282081250085476e+00
9.223135929451208304e-01
1.486573362117068697e+00
6.261607825583586084e+00
2.495381121916788292e+00
1.103420076869258137e+00
1.377046702291833569e+00
5.861371025393371070e+00
4.804393382873832330e+00
9.749226569688763666e-01
1.852562374192502803e+00
6.358102448827575692e+00
1.961593804138374253e+00
1.375137109714659855e+00
1.708727826724886656e+00
1.211354675677114301e+00
4.702727557083592025e+00
5.643861133667371632e-01
1.303053047394429287e+00
2.125692488022385529e+00
2.456956364853880359e+00
4.390227940451889022e-01
1.308340309013971137e+00
1.211006125857916116e+00
2.706237300024428638e+00
5.337332960049975261e-01
1.438288308552586825e+00
1.896118193122982687e+00
1.754419080843381495e+00
1.306483030652202615e+00
2.059821368839994005e+00
1.591600508284074067e+00
5.335416901653810662e+00
6.917117981102478552e-01
2.278383130548767621e+00
2.954651488520435354e+00
4.850584344538589221e+00
7.462746220429904431e-01
1.370807012787280899e+00
3.337842482577696668e+00
2.223407472016797559e+00
3.591749645191271156e-01
1.128188113255655267e+00
2.632773471213537331e+00
5.577791029757503516e+00
5.134234015966209208e-01
1.466642133308245333e+00
2.822588078932132927e+00
7.434080941428220513e-01
5.915872743451195959e-01
1.639261109446561449e+00
3.830252550824167823e+00
6.103200927799528053e+00
4.853315474004761820e-01
1.989063148650603408e+00
3.250638603721759612e+00
9.973651981607005723e-01
1.883473453919708218e+00
4.014522509332588918e+00
2.676086901925126771e+00
6.751711138411071289e+00
2.042616243471357507e+00
3.012986971309767004e+00
3.266614129551546508e+00
8.983564967076603125e+00
2.424845441819769576e+00
2.235494785716033217e+00
4.878896242214911361e+00
5.635590181594086978e+00
1.487163168587161577e+00
3.144645745084545752e+00
4.491900349435289819e+00
2.681992553394631162e+00
2.392519338116931404e+00
4.459968593802805081e+00
2.988761607506603468e+00
5.942318978566767385e+00
2.918292152661545291e+00
6.150244501753658000e+00
5.742972960487198186e+00
4.860592998988437330e+00
2.338856569104228011e+00
5.842830316972945859e+00
5.320859371148497274e+00
2.648172997775617432e+00
2.444458952445472733e+00
5.074053603159156545e+00
2.465800493532356086e+00
5.369446323109175800e+00
2.992602779094724497e+00
5.668129552982463792e+00
2.652822791217535947e+00
1.990001576111865234e+00
2.731861039285997439e+00
6.651858846834213246e+00
2.545342426686232784e+00
5.608574803696711797e+00
2.705358470632707846e+00
1.559363981325953885e+00
2.968223726800099715e+00
5.679281880303856944e+00
2.074838164793649131e+00
7.074167800031764264e-01
2.714209974133683811e+00
4.915326336971258314e+00
2.939592898656883335e+00
1.384001843408644961e+00
3.793067325420298896e+00
2.528902072510258225e+00
2.375967983197703859e+00
1.942410190151406368e+00
1.865748346551711734e+00
5.434158115626511965e+00
2.096114864326831029e+00
1.897677919268891289e+00
3.000854883041801369e+00
2.360302755503293159e+00
2.383537947964053050e+00
1.141643291190395759e+00
1.826408040750545636e+00
4.596231159535724586e+00
2.736735619839336664e+00
1.908987961750767681e+00
6.914376642031438536e+00
4.649961418132440016e+00
3.595543227938743147e+00
3.408074470182597793e+00
6.678199157896710147e+00
3.189504621073723456e+00
2.471705204393501276e+00
1.939517196161280710e+00
6.064490425405345775e+00
5.937438323431770471e+00
2.928406963039326794e+00
3.474612815524674492e+00
6.557939683136602582e+00
3.508064578615877505e+00
2.197557980431182667e+00
2.605599765061763495e+00
2.399956801117051786e+00
4.878542496866287159e+00
1.486748732650428506e+00
2.799501370516818355e+00
2.805738689656724905e+00
4.492565545594154663e+00
1.938544115664948775e+00
2.496365264147390572e+00
2.440433239370718432e+00
2.644880010103283663e+00
2.133063162170714122e+00
2.252877874184218143e+00
1.218254285819758254e+00
4.747746622813973083e+00
2.621204330521725634e+00
3.670487163176744616e+00
1.920997832141893014e+00
2.309666002084327374e+00
1.726689071371022122e+00
2.771376878933320853e+00
1.953908788421415466e+00
4.704487319769509845e+00
2.402291031132731458e+00
3.579018967478301505e+00
5.871872647390694588e+00
3.697260549595765777e+00
2.516533815018533460e+00
3.574054114892344813e+00
6.208571801985585559e+00
2.349530026968958740e+00
1.932636217650395283e+00
3.210457823558923618e+00
5.837480738620968168e+00
5.597072252033284734e+00
2.550133608684637121e+00
4.011375306774869642e+00
6.236392217757159351e+00
1.259310645707320875e+00
2.044059373600736418e+00
3.446940876277572841e+00
3.775423709353091795e-01
3.958427581978893439e+00
2.330400970308403430e+00
3.324366847217952170e+00
1.228409803884858320e+00
2.208275836529045133e+00
1.987072280996374785e+00
2.755644210193119559e+00
1.176197338593619746e+00
4.504848449031958246e+00
2.304284260808515228e+00
3.199778208669965096e+00
1.011499756376470716e+00
7.768891678396082634e-01
2.733099306630454972e+00
4.309384068728658868e+00
1.474677823630367923e+00
6.650864514841502206e+00
2.555419424390407812e+00
2.674192102355041456e+00
2.376037396670094726e+00
5.777688649410606558e+00
1.909936241403260793e+00
2.491982976902516356e+00
2.541554900458966149e+00
4.972640227669329782e+00
2.655909405755826125e+00
2.520026521943057762e+00
3.824667689784623903e+00
2.165641624001693799e+00
2.517713734733035835e+00
1.819770092832585506e+00
1.291752881557333810e+00
5.714777046912362657e+00
2.972250553173291454e+00
2.090185272390008731e+00
2.531413217787994885e+00
2.513219074311649592e+00
2.596740940307659340e+00
2.169679729615429764e+00
1.711361003920468304e+00
3.773423016795712126e+00
3.551493513039408523e+00
2.239528516309796213e+00
5.503753477422602458e+00
4.557796360970278293e+00
3.567742041546452469e+00
2.042485338796051764e+00
5.398256311698362175e+00
2.371096242222012762e+00
2.973004635739040058e+00
1.639284504636879802e+00
6.391920711446078762e+00
5.133441682990943278e+00
3.656480559604290193e+00
1.250944019457087109e+00
5.860406006615782815e+00
2.322145105485963423e+00
2.494421410407746009e+00
1.818494980317526100e+00
1.167957689554429690e+00
4.347675541199881089e+00
2.873149649398470729e+00
1.468711099110872498e+00
2.118465719396643632e+00
2.157452735254423715e+00
2.392223548845125780e+00
1.245210298985645947e+00
1.318919781093962795e+00
3.061487391472466957e+00
2.705615584496991577e+00
1.622021953729114285e+00
1.451599868931971571e+00
1.327525931975155116e+00
4.826110344408836461e+00
2.326707018631516632e+00
3.013285801401475172e+00
5.742147358430554682e+00
2.216043501626693057e+00
1.666668527532985111e+00
3.523048224601886602e+00
4.593854961888676591e+00
2.492827372436619893e+00
1.526113968663355580e+00
3.707597775997855560e+00
1.097453452155718878e+00
1.936597255607047430e+00
1.404989291508114135e+00
2.836429575839422679e+00
5.136076471702499369e+00
2.237061523446333577e+00
1.635405434603956154e+00
3.720829096159982807e+00
8.761287479449890725e-01
3.107142670923380479e+00
2.179893267754909214e+00
4.560142467418072165e+00
5.502861018388600201e+00
1.863620843379325320e+00
1.790542288227393142e+00
3.631050656833784362e+00
1.212012660900718686e+00
2.413484332190492410e+00
1.856404927939211857e+00
2.741176232652113409e+00
5.651407751458428663e+00
2.105526803522982160e+00
1.293594602947197414e+00
2.724181537742102588e+00
4.915164408422612929e+00
2.604200520600476576e+00
2.000516444953488016e+00
3.296443031917109412e+00
1.242043225654829941e+00
2.354081001459929379e+00
2.131798480174329935e+00
1.708717529640561450e+00
5.880947699002490481e+00
2.220016871866311359e+00
1.173391546030828181e+00
3.014513478611083652e+00
1.760140684715906900e+00
2.539808512816355002e+00
1.186872334476807511e+00
1.816328057903362492e+00
3.611905561416774102e+00
2.767370331046711041e+00
1.254410819174980984e+00
5.210512115137702516e+00
3.309694600563698241e+00
3.507372029360775745e+00
2.036675814628042591e+00
5.265745462433837787e+00
2.762718592257451977e+00
1.959396130349633891e+00
1.326867955625156581e+00
5.949737282113495951e+00
5.680369011937447254e+00
3.546199578281691966e+00
2.346794736904248335e+00
5.559741390355327439e+00
3.310619146127218304e+00
2.228698909753321633e+00
5.879681223167830817e-01
1.426295412066148627e+00
3.667267747670950317e+00
2.292669607474233207e+00
8.650251734476780419e-01
1.742547102903311496e+00
2.319745084099755328e+00
2.191330881039258660e+00
3.965546610574233743e-01
8.644920818493039283e-01
2.527537316309366844e+00
2.530129239179719658e+00
3.272854169371406385e-01
2.098608838380030761e+00
1.907000235339533445e+00
3.415349427723976650e+00
2.144738556625954917e+00
2.447144941744321844e+00
6.280261224843510348e+00
2.048735535920272355e+00
2.959554786463544640e-01
3.401361667242782882e+00
3.971665337274437491e+00
2.154064268848616681e+00
7.037778982436128095e-01
3.291266190179895634e+00
3.472998615171469794e-01
2.432772473328630891e+00
7.102341511301801802e-01
2.780153522404699373e+00
2.617413726593594614e+00
2.445498878269508847e+00
2.979912267343370336e-01
3.013427628357124632e+00
9.118918978204959558e-01
2.621426744782974882e+00
4.599785444943845225e-01
3.663333202618944906e+00
6.130903815212422892e+00
2.294331866855950697e+00
4.877739816431135300e-01
3.276200723358680733e+00
1.186258115979581307e+00
2.547302320974983214e+00
9.036391037235773638e-01
1.804954310902888492e+00
4.071931087826328621e+00
2.532901887369045202e+00
7.335548282047442692e-01
1.523350504268404793e+00
2.666453889426473101e+00
2.317238703556353752e+00
3.301831496377225506e-01
2.734289258862844907e+00
2.674975743241605475e+00
2.847602272080678176e+00
6.487726998883071028e-01
1.459823826378414680e+00
1.011068209688251729e+00
3.785174846491225598e+00
1.761598744944741668e+00
2.390797233183757697e+00
5.772025502703630906e+00
2.833802937428764324e+00
8.887683027183163054e-01
1.948060555957985995e+00
1.461263898597219280e+00
2.482619276549966170e+00
5.944939519665339844e-01
1.666998470615225658e+00
3.508496445749559545e+00
