9.522130068688271720e+00
7.210703851824742117e+01
1.599601617903703321e+01
1.029048251591498264e+01
2.472878548043608404e+01
7.310057387174718713e+01
2.047880738334854911e+01
1.186946940441742271e+01
1.914783424667205125e+01
8.853033476553020975e+00
2.787850041644985666e+01
1.381299445029442552e+01
2.064971516195308965e+01
6.346355291608110960e+00
7.413557495586147184e+01
1.188489535962635202e+01
2.477856274031816852e+01
1.099552094184958762e+01
7.810769769149145247e+01
1.681451976924506297e+01
6.460685754964582195e+00
5.685354079883429534e+01
1.727849525808226971e+01
1.176511989769929478e+01
5.514776868703926027e+00
9.685769693361148569e+00
2.044973675430054882e+01
1.214249167588102907e+01
3.367840112183301926e+00
7.055372516302698571e+00
6.651426662425423331e+01
1.559825880852480573e+01
6.460546511185043528e+00
9.185062114009792111e+00
6.384935637754652049e+01
1.468866083093361929e+01
5.202349879938921617e+00
1.781465279983000016e+01
2.387926547345213635e+01
1.415412101874080797e+01
4.279962350119560277e+00
2.224995705357412490e+01
7.265455565060865695e+01
1.010540113159693654e+01
5.773188352129861478e+00
2.367055278089309311e+01
7.124504909940692698e+01
1.929259444000956947e+01
7.518517959719338783e+00
2.336862051003276974e+01
6.085775729678913670e+00
1.196836060494339016e+01
6.237099830704967651e+00
2.652239961841825888e+01
8.319475922472136631e+00
1.729951001529886412e+01
4.112253684789170194e+00
2.067769315977527711e+01
6.380739912887769094e+00
7.531800600757416930e+01
1.021527128566754428e+01
6.098494166719333265e+01
2.058228088288137769e+01
8.044716836642749058e+00
1.047009151313397801e+01
6.052909653675682122e+00
2.200374816637680553e+01
1.108059005955417575e+01
9.293703892911292286e+00
5.280292346397947867e+00
7.100140484315504352e+01
9.015511893542729638e+00
1.025605192132319310e+01
6.062188700681822695e+00
6.763062134436923145e+01
1.204419305207767366e+01
8.224643966099550951e+00
2.185015724739706044e+01
1.787680057325247063e+01
9.986040867188492598e+00
8.633581511165631994e+00
2.180411735537279583e+01
7.292327625905311095e+01
8.380182664821912653e+00
9.394225972392792556e+00
2.256873085084259500e+01
6.742779784143111499e+01
1.449658828880801487e+01
7.640085568985746534e+00
2.285967244050619840e+01
6.431181986588753396e+00
9.652637684015511255e+00
1.175100110138761522e+01
2.333684994830552384e+01
6.823466538893913302e+00
1.457579308191838940e+01
9.415945568738495197e+00
2.214208636499297711e+01
6.258392508780836749e+00
6.685853168476261033e+01
9.273505894016532025e+00
5.508406073991064744e+00
1.406567203201649896e+01
1.522145404974726013e+01
9.096962706508389118e+00
5.024963153796077719e+00
6.945908451792023186e+01
6.915634931275177699e+00
8.735035778190686884e+00
5.144644870493570110e+00
5.617170962632655318e+01
1.621276774571011003e+01
9.627685508780084334e+00
2.589264347867293647e+00
6.048650307085337907e+00
7.913654553682182069e+00
1.102280729321715036e+01
5.773794926526228721e+00
6.418500737475433482e+00
1.787231821422642497e+01
8.954081695989030365e+00
4.900488453692144475e+00
5.641751043757938788e+00
5.551717727397025470e+01
1.095744047897736095e+01
4.980043647341373614e+00
1.776611532508469438e+01
8.951981985457248214e+00
1.145651642822353722e+01
7.587972027194321178e+00
2.343339146151420849e+01
1.399165927653277208e+01
9.899418900041888847e+00
4.377639229000183541e+00
2.157110999069396584e+01
7.298486061886730170e+01
1.114772433275643415e+01
7.248669219898197014e+00
2.298027286767771571e+01
6.192733155235806919e+00
1.380644853111605208e+01
6.290754186017806404e+01
1.691085714075489577e+01
1.235551660240226823e+01
1.455269755487950611e+01
1.062335920927078448e+01
2.480362559335702954e+01
1.337107857729120397e+01
1.860407316307600567e+01
6.357672007618965004e+00
6.443808407936238325e+01
1.230625253568979183e+01
1.363699130381442437e+01
9.379580495839125120e+00
5.626670236684289961e+01
2.017983306412449096e+01
1.197470013278763723e+01
1.533471999808430120e+01
1.332919342207602575e+01
1.378601135172824321e+01
3.944685404997832379e+00
2.060382812987434420e+01
5.763981241792827603e+01
1.048691839339668519e+01
1.608936011642959230e+01
2.022750538635338557e+01
6.728706393087200865e+01
1.556424634769876825e+01
1.122670547213361836e+01
1.985373373211004377e+01
7.384121100684914119e+00
1.187594425955992250e+01
1.414732640076687176e+01
2.166765136906979095e+01
7.484493724837440354e+00
1.635862246800531139e+01
1.352691394836021210e+01
2.204419531904229146e+01
6.484579007780155280e+00
7.247375033372455277e+01
1.280632812938215181e+01
4.507719376075209006e+00
1.692786801227042304e+01
1.234642243261927419e+01
7.343146159124233741e+00
5.999877511701771304e+00
7.263393203052649483e+01
8.255945182776574853e+00
7.732199698703701607e+00
4.069822256987189135e+00
4.525526956802512046e+01
1.820801231465800996e+01
9.454745084899002450e+00
7.659118011462493492e+00
6.986640455555546581e+00
1.233379914290953039e+01
1.402916185071012478e+01
4.837817307674904477e+00
6.955297242090292542e+00
1.994293513855877720e+01
9.710610348707431783e+00
4.436225472955841020e+00
5.500235258235552038e+00
5.891405290115339000e+01
1.134838245549967972e+01
6.884347803308219049e+00
2.011721247391503553e+01
1.023316572935462254e+01
9.910466560138823766e+00
8.000300688558729334e+00
2.380824210448113831e+01
1.570585712449537574e+01
9.212590143571562251e+00
5.565785205668707825e+00
2.255394846989100088e+01
6.910160141243908072e+01
1.135156382170937839e+01
7.069698728006627242e+00
2.464740000342353810e+01
6.500072662433364457e+00
9.392023528627985840e+00
8.792891598923864294e+00
1.496316363259427185e+01
1.495683538196225015e+01
9.802989798935788812e+00
8.582150552216241124e+00
7.025682578994504013e+01
8.303695309065691532e+00
7.946436593877879595e+00
8.506336668370247267e+00
5.548768996968973255e+01
1.381029590637725057e+01
1.015406032258062829e+01
7.624200906027430058e+00
6.015416373524855587e+00
8.660178748325774833e+00
9.228874702215167147e+00
1.078775315734092999e+01
6.441669831799986312e+00
1.765425652407343549e+01
9.089910797350452043e+00
8.481248296321663105e+00
5.461840184252571895e+00
5.568215008915817776e+01
1.290728270874716621e+01
1.217908765417102046e+01
2.128721116278019920e+01
1.147365402481376861e+01
9.775158039256316655e+00
1.193474391823191105e+01
2.311216416533183704e+01
9.360136075684676982e+00
1.019162259229557677e+01
1.075430289162427222e+01
2.234915553250309017e+01
6.726570569176364245e+01
9.514874815640657957e+00
1.202813235577131046e+01
2.337713161938922113e+01
3.749572810897005226e+00
1.368026031451218749e+01
1.084052670079623937e+01
2.546336773991316083e+00
9.602492145383340727e+00
1.081311966574350514e+01
1.133971817100110435e+01
3.432863902719346161e+00
1.282783856170933667e+01
9.141701114844181575e+00
8.887954698188904601e+00
3.710495035578936562e+00
5.431466925288059855e+01
1.030374765418228300e+01
1.094193923857061179e+01
4.657294257602825560e+00
7.642598407949738881e-01
1.156871238651169698e+01
1.469932542425524247e+01
5.740680340617489996e+00
2.328525201611898510e+01
3.592628112026843734e+00
5.136731204604094359e+01
1.346673713099268355e+01
1.160908679259972942e+01
4.418320192002682667e+00
9.883108864614477795e+00
1.660666002866874535e+01
1.233746822467545456e+01
4.849491857091407176e+00
6.193074294347844955e+00
5.200751758783199108e+01
1.248524404912941321e+01
3.999704463283734412e+00
9.148771075746513048e+00
5.439879242462959041e+01
1.383400782692866038e+01
1.157383827603001869e+01
1.468425943361866892e+01
1.412255578121912869e+01
1.429327406494072683e+01
4.459053049547728520e+00
1.870609754081853993e+01
7.075116255007652910e+01
1.050693066678958409e+01
2.707410907154155222e+00
1.930059006750268580e+01
6.039497506398250692e+01
1.194787119349563653e+01
7.144417128950042439e+00
1.687557154306755081e+01
5.702776401338601531e+00
1.197494713449649595e+01
7.415592332028505318e+00
2.389868792210231163e+01
8.814868507772773754e+00
1.609107696716213454e+01
4.525822783277285488e+00
2.027500516843993239e+01
5.469089975671877824e+00
7.141829924131984342e+01
2.951064222453050778e+00
4.205801720109544561e+00
1.551170807645805461e+01
1.249037588585690983e+01
4.950110514853442112e+00
2.469899084679881174e+00
3.823593722506645065e+01
9.445401199334117592e+00
3.476236884734309474e+00
4.832643435162207624e+00
4.613774484177117330e+01
1.570902680116660122e+01
4.629066819289170631e+00
5.352423503496294366e+00
6.382633198119076923e+00
1.098876953061537520e+01
3.220220321601936941e+00
4.819001777718852075e+00
7.321394889878749979e+00
1.906103947288347555e+01
4.542673868803608350e+00
2.493430860356351086e+00
4.829144019449939762e+00
4.946135176543381817e+01
7.644400588833356380e+00
6.556722953359918726e+00
2.278753201469075407e+01
1.151622187820915499e+01
2.206505508537668803e+00
8.483599453254141665e+00
2.347068604955285664e+01
1.423777577625617319e+01
6.993055211508008462e+00
4.538335370492410981e+00
2.230178355275015534e+01
5.835261716261867804e+01
4.112744057155357957e+00
7.186295683672852874e+00
2.393493985857924145e+01
7.315899768118965696e+00
3.715321478961231438e+00
7.659350858881301072e+00
3.088132683519637567e+01
9.369936759373041824e+00
6.085889049535855300e-01
8.117801462114769606e+00
7.044473797872252874e+01
8.201194484232471993e+00
4.656468726075662090e+00
7.512803820726287718e+00
3.487819964865800415e+01
1.584778843373283586e+01
1.518644498270289134e+00
7.947129549488082922e+00
1.326630120176387484e+00
9.782513914716611581e+00
4.369594854233030290e+00
7.474116430024828617e+00
5.775569675995017249e+00
1.691640763414802606e+01
8.610650610502811331e-01
8.307905928557358877e+00
3.611890122574522799e+00
5.604419148197209921e+01
6.906146176818982241e+00
7.649107390587204236e+00
1.767201184176624551e+01
1.061687979912413482e+01
3.416339661128683147e+00
1.142922027593619561e+01
2.331855016301811645e+01
7.905606199620334174e+00
1.708056225530095729e+00
9.796131619761611731e+00
2.170249081702202787e+01
7.327853165437093708e+01
2.908417713048830677e+00
1.135127565148115991e+01
2.298145836036104939e+01
4.774215995312454552e+00
1.841846469148372023e+00
1.058982780249500699e+01
1.591943672611517258e+00
8.749145706864851491e+00
2.415317215978136201e+00
1.000875590910122348e+01
1.943842571262608176e+00
3.187034221959978098e+00
1.723750528570058727e+00
8.814741732628238680e+00
3.868866645331654919e+00
4.469445719170212783e+01
3.460548777221964301e+00
1.092870497463456481e+01
3.124628672591277745e+00
3.464047996971871601e+00
4.448615618615920475e+00
1.073043610588515939e+01
6.586895886046974624e+00
2.245109475362258067e+01
6.112754195493081966e+00
1.455896996730842119e+01
1.367399891811210288e+01
1.395083536803371338e+01
6.036972736572504772e+00
1.237468095216673269e+01
3.773311115581761044e+01
9.317474461796084739e+00
4.479128949310356766e+00
1.423600059597115397e+01
4.516883219574100394e+01
1.488676625656778718e+01
6.034852966489701487e+00
1.865022227492133666e+01
4.750454744471186430e+00
1.510067255737491720e+01
4.700088678415106358e+00
1.422707679286540383e+01
6.793368924444948220e+00
1.985129813797691156e+01
3.797484801373168128e+00
1.626554418351449272e+01
5.313770910478937459e+00
5.252458244187076986e+01
4.981246731113949444e+00
1.098983297144120463e+01
1.861108697388853273e+01
1.170015331511935308e+01
3.733174066682627856e+00
1.006835673421999111e+01
2.188548715404067124e+01
1.489226218487187303e+01
6.379298108131592926e+00
1.032551785036000247e+01
2.061524458364136692e+01
5.760138128947186686e+01
3.946115516302598270e+00
1.366064265130069089e+01
2.233197331241433403e+01
5.830818220831190501e+00
8.026380243839552620e+00
1.256121974108650896e+01
4.529896539439175918e+00
1.312668150967999914e+01
2.284419982674874117e+00
9.142776718746121745e+00
7.081080214843957776e+00
1.463199938282765800e+01
2.219257676451408035e+00
9.784942014192582249e+00
3.988899226231568118e+00
3.657267209044411516e+01
2.730265465467250241e+00
1.068740785706292762e+01
6.420054856230258622e+00
5.183320337732909344e+00
8.349137722800112016e+00
1.298502065658179028e+01
6.014054862524200296e+00
1.822062448538436286e+01
3.964453003117608176e+00
1.566400836622885429e+01
9.848838295068114590e+00
9.532375835396836194e+00
3.312651533494898271e+00
1.025356519380398090e+01
1.112614160859231838e+01
1.282932782244582803e+01
1.453803427815518523e+00
8.220395713796396109e+00
8.775911570711798504e+00
7.346868810016862028e+01
2.078142339795846727e+00
9.835874261936956131e+00
9.408626929773770797e+00
1.826356149187527977e+00
3.426118051694796218e+00
1.077392690142353082e+01
1.276750850274723526e+01
2.180405030334719996e+01
2.595886045516687890e+00
1.450115131483480901e+01
1.083546201240586271e+01
3.911765929394459107e+00
5.320952457004826108e+00
5.376044225140521604e+01
1.732388515030691067e+01
1.172653895277004565e+01
5.798428573271398712e+00
6.315974515112131371e+00
2.047688603833033483e+01
1.882492944812593549e+01
7.605296855144800361e+00
6.508745233295075927e+00
6.380795388083983966e+01
1.253726189174828853e+01
4.131902696031093392e+00
9.237026762508435240e+00
5.785186749871260758e+01
1.715522887025957388e+01
6.848242838634654994e+00
1.672488222676052416e+01
1.710660778783724467e+01
1.265245265538813690e+01
8.425719029887618561e+00
2.300402320809472201e+01
7.351165249376198574e+01
1.083122342061446020e+01
6.687238431155812179e+00
2.191061368864855297e+01
6.765992634406455863e+01
1.637888257194693509e+01
7.126695693792522768e+00
1.856992520399575497e+01
7.055939585736538788e+00
1.234420595469679682e+01
8.648673204604635956e+00
2.125548582368423922e+01
7.656439047017892463e+00
1.207067342769998142e+01
7.866369754833485217e+00
2.494447067562830611e+01
7.429013798326922213e+00
7.102046418793004534e+01
8.446920103908515998e+00
5.267278426400949343e+00
1.949450490757865495e+01
1.345698770157630797e+01
5.895104004781434703e+00
2.667631964801743916e+00
3.901024914024356605e+01
9.308660361046410259e+00
9.149693665337187198e+00
4.638955789131155250e+00
4.873120676486811931e+01
1.659073482875010797e+01
6.798583807973904491e+00
6.362928119060612175e+00
5.167737275905434302e+00
1.406882155116040423e+01
5.958940487029194877e+00
6.229741923229383360e+00
8.802323008317580744e+00
1.461661373869096536e+01
6.821295973489500675e+00
4.110701886807416550e+00
5.276284136977396955e+00
6.029881270081519773e+01
7.880994959013917445e+00
6.224779161800211291e+00
2.567296666879467537e+01
1.249953589963820022e+01
1.045767545136136611e+01
1.100621358708584374e+01
2.504324684211267638e+01
2.080307519954812179e+01
7.085824195600065600e+00
6.395750628314637254e+00
2.271745929902354177e+01
6.876907942390737105e+01
8.456066495767554869e+00
1.112090074165242903e+01
2.459227381176225435e+01
1.012348771657671165e+01
6.263300271320678014e+00
8.685332550205874469e+00
1.438298468539902863e+01
9.660444401386154567e+00
4.130659263877671350e+00
9.331671235056063551e+00
3.794395081031931483e+01
8.120056497195845324e+00
5.486180965091364214e+00
8.321217547157960581e+00
3.408972306623634552e+01
1.698751048775785932e+01
6.069796466158749126e+00
7.509592913947391146e+00
3.232278941285420704e+00
9.825283123856465295e+00
7.534366428208007171e+00
1.223495721058915287e+01
5.470566956026848615e+00
1.361618424361736146e+01
4.850552269340002276e+00
9.237922929777745651e+00
5.802936524293399678e+00
5.678462359080961619e+01
6.877560849483141503e+00
1.193006322492766991e+01
2.187333898754976147e+01
1.093040831865351237e+01
7.220323477403350232e+00
1.191351371630782019e+01
2.311625428398319926e+01
1.376685390728809644e+01
5.468455498501033851e+00
1.070152607852974747e+01
2.168066332062478807e+01
7.136838765400939621e+01
7.321132939347851476e+00
1.337125102258289111e+01
2.321800117702249011e+01
3.758818308006333098e+00
5.802758396641874761e+00
1.148980292092525524e+01
1.341496943369636652e+00
9.980205284977007096e+00
6.661869097835002584e+00
1.108122282405983761e+01
4.235476461498401513e+00
1.271421848781250219e+01
5.631780020991225655e+00
9.185480700643735119e+00
4.006697594656364991e+00
5.432690931176087901e+01
6.583511133538884508e+00
1.066592736223322646e+01
3.568120163064564920e+00
1.895845260715161018e+00
7.870084928384194711e+00
1.436461356242885223e+01
5.525579080956883438e+00
2.359526923779020890e+01
7.618540503736145553e+00
2.000259921203046432e+01
1.785851911246538393e+01
1.465436891949982545e+01
5.400348759085688677e+00
1.676382656877622068e+01
3.482498165527093903e+01
9.306297260997437704e+00
8.298558073074785213e+00
1.664146260132222466e+01
5.140473430991634274e+01
1.346270021204086653e+01
7.223863590558164738e+00
1.206150632263487488e+01
3.914402671385845967e+00
1.377347100938444058e+01
9.247676427162586421e+00
1.463645555156736577e+01
7.589284844288274101e+00
1.505558188694901389e+01
7.460968917814768453e+00
1.494892547870285604e+01
4.808049919572821018e+00
4.975555067211789861e+01
1.032551309042727006e+01
1.332645913006562921e+01
2.017137329243483990e+01
1.706750911087937794e+01
1.037426355099445807e+01
1.371017905641181223e+01
1.868589259486190812e+01
2.450769083401846515e+01
8.589872894506573431e+00
1.040709928338690382e+01
2.369253757701700991e+01
6.030347354653873282e+01
1.064050572938580785e+01
6.239410872117065132e+00
2.140421799970978967e+01
6.517326716965820665e+00
7.153979629186163258e+00
1.265670801677895518e+01
4.501989326154174798e+00
1.119319329736520530e+01
8.290277975993015858e+00
9.184727044716696653e+00
7.062620805818593972e+00
1.664532414253352854e+01
6.847355382073587293e+00
7.519616731118420994e+00
4.938211385129209319e+00
3.941263331199936459e+01
7.787625516042581353e+00
1.084522744515327553e+01
5.089145671711907681e+00
3.926204552183007124e+00
1.414974600782728054e+01
7.555604620871192445e+00
1.183665822711059512e+01
1.810702657927741299e+01
6.318762381118186333e+00
1.191520335007575682e+01
1.174349408200628098e+01
1.332345289709267178e+01
7.149197037013560241e+00
9.972557230772769898e+00
1.235865925332619319e+01
8.859596014538299258e+00
5.480339800801231398e+00
1.026831676877306165e+01
9.454765252798068786e+00
5.954403510164224400e+01
6.381822752614263017e+00
1.193516684472869116e+01
1.240276365386660018e+01
2.654935599833309290e+00
8.992327245494676546e+00
1.088205612413812240e+01
1.520047489139357033e+01
1.951817131512020609e+01
5.921454675605534845e+00
1.206801317325996514e+01
1.210350218944594225e+01
4.612318722769450652e+00
6.911144110982584188e+00
1.045912732742186968e+01
1.806235599709258821e+01
1.340670184154352818e+01
5.987179128481796120e+00
6.722939507539308579e+00
3.914132655986471576e+01
9.439799734091257832e+00
7.483349896791120948e+00
1.110079835353019995e+01
4.575859541126492758e+01
7.552931355964710214e+00
6.732916296009388013e+00
1.132511004707374447e+01
4.671535337609139305e+00
1.481930570126356095e+01
6.330683683967332165e+00
7.379533491987995575e+00
8.820704299074476396e+00
1.082054776330699930e+01
7.290154553904453216e+00
4.804007068120411006e+00
5.195813586968769826e+00
4.915130906103982511e+01
7.972908283968545895e+00
5.134433687714058614e+00
1.953942043176638421e+01
6.882664529537739995e+00
1.019313540162248266e+01
9.616325137941878154e+00
1.934968613856796082e+01
1.786958902396332860e+01
5.548743265375446931e+00
7.141434803568931677e+00
2.216952106075374829e+01
7.298379398501680271e+01
1.030962969781486294e+01
9.498931077945771406e+00
2.001286175246433530e+01
9.359888281319998171e+00
6.356732402500217205e+00
2.900655788735413854e+00
4.603387624810888035e+00
1.070466945161817840e+01
6.548663688791585002e+00
3.828300266626425863e+00
5.761040482283662278e+00
1.363448881166728910e+01
6.244617104828265042e+00
2.497565932328802418e+00
3.034886450779306077e+00
3.434941831331857287e+01
7.261113828922053592e+00
1.661698594665309114e+00
7.003295753483808284e+00
5.752675209808122858e+00
9.917039987170641169e+00
1.198293249636273394e+01
8.634547163989999774e+00
2.130516105590452369e+01
5.816788286589471113e+00
1.942649815080840225e+00
1.133787222414260931e+01
1.004120248087977352e+01
6.132806087154567543e+00
3.494277493734253337e+00
1.097088730059965123e+01
3.615382192176595400e+00
6.969014321418028679e+00
2.874757278384062698e+00
9.267178408015672275e+00
3.531209307354146887e+01
7.007197354543992951e+00
1.944906537932747481e+00
1.004475876119041899e+01
2.260131362804374433e+00
7.535033737722699243e+00
2.721977906170387040e+00
1.221111067539646911e+01
2.233808067200272873e+01
6.553650965664420625e+00
2.648785241593849538e+00
1.092066907786227681e+01
4.293192694328510584e+00
7.312638226747630199e+00
3.657586848404962954e+00
1.169585505715401119e+01
1.148026269120650689e+01
7.269432605367671663e+00
3.090226761461460026e+00
1.033925644980292446e+01
1.746781549203461381e+01
6.622378348503914047e+00
2.114379981931822527e+00
1.824058645957644487e+01
3.553282105078292830e+01
8.213628179059938361e+00
3.064249334804473701e+00
9.045421187289557352e+00
3.013134896817018404e+00
1.102662720219389847e+01
1.114234567953741362e+01
1.392474162706296248e+01
2.108283077135293127e+01
8.172226034889787272e+00
3.874984300592871023e+00
1.292906871455167739e+01
5.150102674573159511e+00
7.118569686618573478e+00
3.499026239749599920e+00
9.026751944327756405e+00
1.169498815249854573e+01
