5.758218447815601593e+01
1.446265782365557051e+01
1.211386127090169040e+01
9.525003929129930214e+00
1.653699653144748538e+01
1.196977483576097967e+01
6.197724338216366036e+00
6.661815561334994129e+01
1.176310862005060898e+01
8.901675422876149213e+00
6.130061768932393562e+01
1.307877220166681376e+01
1.686849461530844252e+01
1.400549372627370381e+01
1.232742061254484867e+01
2.220864432751703887e+01
7.173176690782717912e+01
1.056366640399060053e+01
1.955119883805823022e+01
6.247762671308776561e+01
1.713607243733431673e+01
2.230555883028989683e+01
6.493002387625811167e+00
1.413706403991176686e+01
2.204948234802716911e+01
6.993835920326961109e+00
1.572350440859938914e+01
2.025182932644791833e+01
5.809279301658568428e+00
7.289393889863501386e+01
4.436544301659846035e+00
1.848540757235794629e+01
1.154973776134087338e+01
5.053990589692518576e+00
4.999182846825210191e+01
1.041414546308388367e+01
3.535082873308988294e+00
6.677803774314068619e+01
1.485690309076746551e+01
3.754481798065747444e+00
5.563545513999975434e+00
1.068141225124191429e+01
5.397327743793546517e+00
8.431426640792171412e+00
1.897591461918618094e+01
2.793823075027376035e+00
5.760280337471495926e+00
6.415259677363609114e+01
7.192062415359231409e+00
1.713482874262809119e+01
1.060907004891076433e+01
6.930846334221722138e+00
2.333067335705692003e+01
1.472704552047708582e+01
4.342857894492276216e+00
2.238624712649757953e+01
7.416041173395073827e+01
8.236407741416726935e+00
2.347940334805123186e+01
7.047146619950452440e+00
8.927336421267956013e+00
1.324848595918888883e+01
8.980211130159329258e+00
8.645602293361013935e+00
7.169172394419756245e+01
8.477853263514395721e+00
8.822811340804101121e+00
4.784411537366246847e+01
1.292496547384877736e+01
9.072295582509672940e+00
1.190645980138560045e+00
9.613244216470585357e+00
1.051688604261987336e+01
5.995396589082401029e+00
1.407318335311444635e+01
8.742496191698077013e+00
6.140546316075495170e+00
7.229905965216467223e+01
7.999968787497910405e+00
2.225831028872967821e+01
8.372575789413284397e+00
1.173732760018835286e+01
1.708991502010003671e+01
1.357930399218833450e+01
9.410744091496113128e+00
2.189801307488245996e+01
7.345697059964270181e+01
1.178773534808936141e+01
2.260267063648326769e+01
6.328834927930506282e+00
9.545283660910088841e+00
4.350783849201328657e+00
9.172950288941363439e+00
9.887186196782385750e+00
5.626428764845428532e+00
1.663927965714247392e+01
9.125095687807625922e+00
4.613433415386185565e+00
5.500195600924094919e+01
1.041903984426354945e+01
4.427034212402060298e+00
5.347215825553888635e+00
1.157102790458441355e+01
5.264478020424181892e+00
2.240194925163170581e+01
1.342358692280169841e+01
1.404887412298750782e+01
1.207850270646794399e+01
1.272419436210949506e+01
7.179274054066814870e+01
1.024799118189347347e+01
1.641229489633615657e+01
4.406380792531030721e+01
1.479796643798138156e+01
1.536162888319915076e+01
5.559469727815963935e+00
1.143017407257329054e+01
1.735170766631125971e+01
6.873274048981281581e+00
1.770220207868293016e+01
1.392098256001120227e+01
5.589097692579155563e+00
5.959178172857836131e+01
1.112043640437576109e+01
1.975528110339190846e+01
1.096219385995431850e+01
1.060573384782637696e+01
2.370405118866277761e+01
1.459474989699849878e+01
1.006557039648677510e+01
2.246180903072175283e+01
7.396859053181012200e+01
1.016204175789418684e+01
2.411922433293070256e+01
7.458792268308753748e+00
1.024912161920917875e+01
4.531751435151487151e+00
9.238873643026760618e+00
1.029234941201068310e+01
5.128677381573356620e+00
1.436447940231205678e+01
7.926115029564312131e+00
3.595766801163531312e+00
3.443415293539133160e+01
9.863795105544935993e+00
6.531098060741896028e+00
6.751049361283765649e+00
1.131212951260518196e+01
6.830169374178989727e+00
2.469012832377505973e+01
9.718269972366572418e+00
9.060216316092775557e+00
9.113760861078487707e+00
1.021483595192996852e+01
1.070967357757900551e+01
1.437861744630125393e+01
6.949209365701855212e+00
8.622965666520299166e+00
6.896035625551753867e+01
1.012425167917529301e+01
1.112777417716611872e+01
5.768435395751881245e+00
1.143578735473003327e+01
1.279132175389240622e+01
2.211627821101879476e+01
1.073524206471282127e+01
1.051501267139268769e+01
4.103436084198027523e+00
6.363792299649898787e+00
1.370976515376420934e+01
1.121739264164636829e+01
4.800866533170522921e+00
3.943722077681027116e+01
9.009710064435971333e+00
3.991957268140866599e+00
4.653754923812943645e+01
8.562558146037039464e+00
3.626143826173606310e+00
5.543331690075212315e+00
1.089093662461915279e+01
3.476380090540846624e+00
7.997252027003748154e+00
1.747820305993875323e+01
5.158991569715152714e+00
5.861893408049203558e+00
5.040918143637816939e+01
7.004850979510773179e+00
1.616567296062949310e+01
1.169007482669002229e+01
4.215994778185542913e+00
1.669205045270000198e+01
1.402202699678119835e+01
4.992140831645115462e+00
2.230057423313558118e+01
6.725107946317376673e+01
4.378271779915924533e+00
2.459360002913154020e+01
4.738982108669691939e+00
2.326163110528279176e+00
4.003667120507916621e+00
9.334621684817392406e+00
2.411510318561060462e+00
4.434666459084595225e+00
1.333766156280361592e+01
6.165199560718725991e+00
2.602236762867993658e+00
3.450310646209235443e+01
7.085072036789445526e+00
4.982371594691469063e+00
6.392947316826759874e+00
1.784445042341539889e+00
6.956026287985103806e+00
2.290358684968609637e+01
1.884508802332741872e+00
9.656686257870207513e+00
9.309000724959020090e+00
2.441164106311458415e+00
9.367158924999690939e+00
1.688838534757099197e+01
7.886450484441098752e-01
8.560374307132329719e+00
7.013152563801286021e+01
2.992276043954431586e+00
1.008359259933983587e+01
4.195927958780813150e+00
7.131965901414052844e+00
1.073748621593779085e+01
2.233695625974040766e+01
1.870222284881210451e+00
1.052681315598406364e+01
2.783903675082948670e+00
2.520899391831854519e+00
1.082625837654122769e+01
1.058587244739646671e+01
3.724028396252565543e+00
1.039066015004835819e+01
1.395030671034493253e+01
1.510744860718071791e+00
1.126099360677145533e+01
6.563727104000606971e+01
3.495333206951317440e+00
1.048968567475390401e+01
4.474185703672496572e+00
3.316902614356787016e+00
1.025450305184231148e+01
2.329597594152683016e+01
1.753385350342516524e+00
1.147549385099939379e+01
5.115147780149164269e+00
2.160647038737847581e+00
9.383796698649517154e+00
1.080625022907087640e+01
8.703586731758880646e+00
1.504947383830827867e+01
1.193981779810201260e+01
5.840517427213495871e+00
4.177804944426896583e+01
9.671026148105474007e+00
7.942801941700461832e+00
4.932705180698994951e+01
1.364667996197077571e+01
7.553632294638167544e+00
5.632300884902408988e+00
1.230268996668082515e+01
7.114930226230785415e+00
7.341998691098826413e+00
1.962918405993857363e+01
6.929124219063652390e+00
5.935314079887785255e+00
5.889371274751901097e+01
7.422504413027596115e+00
2.120911605429066427e+01
1.126292209454682336e+01
8.185905413034239686e+00
1.875263718661777190e+01
1.470296754040811038e+01
5.609112385602808892e+00
2.232352826549592706e+01
5.853056411579839136e+01
7.708134083720899810e+00
2.476513959246570096e+01
7.055510075374826329e+00
6.871277601500760390e+00
4.583329849087183661e+00
1.016426870875230470e+01
7.043493444059751418e+00
4.989395296597041174e+00
1.549139501540320119e+01
5.902621211486615671e+00
2.512696240310035023e+00
3.532948329368081630e+01
6.185511765363468584e+00
6.577729876756184701e+00
4.586734008918512906e+00
8.864010193884993782e+00
6.938708338683973409e+00
2.498583443419374461e+01
7.168023350631419710e+00
1.030964867702850718e+01
9.166780248636168693e+00
5.611942430788815273e+00
1.115552459387484419e+01
1.245841805547768821e+01
4.979957740700645452e+00
9.196799306003049068e+00
5.470436024478269132e+01
6.743275128259718088e+00
1.085388392202035668e+01
2.402736865796894605e+00
7.157456986382219277e+00
1.077748760434894137e+01
2.254225522872362930e+01
6.283331910506913864e+00
1.120019523158715735e+01
3.164086631388186799e+00
6.932965466354442441e+00
1.086135179610157309e+01
1.199747056984160487e+01
7.881222994743986021e+00
9.807693279617511806e+00
1.764348085584630965e+01
6.258000984011111711e+00
1.181073265540885053e+01
3.793856132735431430e+01
8.257574349761364729e+00
1.018782111129745083e+01
3.693806984899562273e+00
9.776591448059212652e+00
1.257148787434906545e+01
2.109717534304740028e+01
7.006671281297774279e+00
1.175476380161754264e+01
4.190478607313195880e+00
7.179276817451747839e+00
1.104220762445954307e+01
8.338650773843193420e+00
5.630771131384666006e+00
7.602919761314239189e+00
1.056132793551369531e+01
7.727833914237241864e+00
4.232476255831157275e+00
7.264254749612508277e+00
5.965797377216472519e+00
6.412281857355324632e+00
3.897771371813836794e+01
6.310097783706339669e+00
3.816831840427754141e+00
4.508033114831439647e+00
8.129913069210504162e+00
3.040512994485362608e+00
2.312961886783668675e+01
6.947095557352523265e+00
2.111056674992867421e+00
5.354193009628229305e+00
6.754366575858443689e+00
2.084410135812503118e+00
1.096555001391015161e+01
7.645136319059992580e+00
2.925054134634748948e+00
1.023413164265127051e+01
