M6,30.582355085648704,37.85064724572862,31.566997668622683
M7,49.97386294313894,49.71411649290772,0.31202056395333955
M8,18.804676911341303,4.59569094754677,76.59963214111193
M9,86.21813829044183,6.741141432800211,7.040720276757961
M10,9.143558462693605,82.07286298569028,8.783578551616117
M5,55.38197930253065,28.4451922516145,16.172828445854847
M7,49.76198575732849,50.03177213704413,0.206242105627382
M8,18.68633555463314,4.544168000110169,76.76949644525669
M9,87.73090160717065,7.818145757483454,4.450952635345895
M10,9.023913043781846,82.02539227413287,8.950694682085285
M5,52.97076598416048,28.50013349869455,18.529100517144972
M6,29.94416036638761,38.68318997515376,31.372649658458634
M8,14.831945850958721,7.080258830879559,78.08779531816172
M9,90.47396779819586,5.310398865349717,4.215633336454425
M10,10.653811741863821,80.90439489741497,8.441793360721206
M5,53.175523388840375,29.068015380941713,17.756461230217912
M6,26.50067294715458,40.70686963269313,32.79245742015229
M7,49.79743026474594,50.18017218180539,0.022397553448669782
M9,90.16203477168382,3.33306778907135,6.504897439244829
M10,8.560979141538315,83.16231953912728,8.276701319334407
M5,51.94099154501942,29.732907809799965,18.326100645180613
M6,27.968299037672473,40.90142656392375,31.130274398403785
M7,48.565134259088204,51.434865740911796,0.0
M8,13.091737462004438,5.882584489645868,81.0256780483497
M10,8.244345272045136,83.42362744087436,8.332027287080507
M5,53.32350618631036,28.152311981149523,18.524181832540116
M6,30.480393094678394,38.652971269703485,30.866635635618124
M7,50.799567173437886,49.200432826562114,0.0
M8,18.547461495369422,5.307502385115673,76.14503611951491
M9,90.0073666838499,5.835712339053999,4.156920977096106
M4,23.647914347587054,20.014253197291,56.33783245512194
M7,48.709647483433756,51.064591229957955,0.22576128660828942
M8,13.8748587431695,7.554165373846708,78.57097588298379
M9,88.43813998361517,6.511238298753041,5.0506217176317865
M10,9.924909582998081,81.65596553883906,8.419124878162862
M4,24.379775834917858,19.220326810600522,56.39989735448161
M6,26.897157907630948,40.87347050319591,32.22937158917315
M8,13.67297252264766,5.657739515554342,80.669287961798
M9,88.48990799912873,6.484864715605334,5.025227285265934
M10,7.8786685257291325,83.3377033326684,8.783628141602478
M4,24.494104829524947,19.572530269711006,55.93336490076405
M6,28.27572554592132,41.06275603289692,30.66151842118176
M7,48.61427615932796,51.38572384067204,0.0
M9,88.73302606134291,5.307461358246111,5.959512580410977
M10,8.407297694420832,83.53804733980579,8.05465496577338
M4,24.110147990647853,19.20441038854783,56.685441620804326
M6,28.839498784636362,40.059346048183976,31.101155167179662
M7,48.028225259440454,51.8950707006591,0.0767040399004486
M8,14.36930836787992,5.6627399139702845,79.96795171814979
M10,8.011318830521134,83.35357473618949,8.63510643328938
M4,23.697573466778863,19.60231091705027,56.70011561617086
M6,29.2467968011284,39.50196203156909,31.25124116730251
M7,47.77596460951972,51.936498891238664,0.28753649924161806
M8,14.146094667391944,7.457801639048197,78.39610369355985
M9,89.5301757182146,6.30204853455335,4.1677757472320565
M4,23.92078361085908,19.957255088492637,56.12196130064829
M5,54.16006773411726,29.309515913430886,16.53041635245185
M8,12.064092169618501,7.303418027811148,80.63248980257035
M9,88.83974075965975,6.293666037640421,4.866593202699831
M10,7.974512263380932,82.98281482605198,9.042672910567092
M4,24.50481673927988,19.840679280021476,55.65450398069865
M5,51.38531700431098,29.504005772074212,19.11067722361481
M7,48.03016805959141,51.6623766362154,0.30745530419319067
M9,89.15658170561241,6.141735335628834,4.701682958758756
M10,8.031235175306827,83.07572257771105,8.89304224698212
M4,24.142675290054445,19.953101143043046,55.904223566902516
M5,52.54124612378357,28.910424725537407,18.54832915067902
M7,48.00863596744667,51.92673458221113,0.06462945034219558
M8,13.373177299094017,5.50210406656005,81.12471863434594
M10,5.190303716838364,85.58270731654142,9.226988966620226
M4,24.44546605956651,19.53192284823818,56.022611092195305
M5,52.0006328121147,29.493985077420074,18.505382110465224
M7,46.1974437222721,53.10480283787831,0.6977534398495919
M8,13.28664411416283,7.854008551803604,78.85934733403357
M9,90.18744637838603,5.289857793615999,4.522695827997973
M4,20.763646873421305,19.791779099663156,59.44457402691553
M5,54.104662160395684,29.065239539976076,16.83009829962824
M6,27.43350891785938,39.49152133425333,33.07496974788729
M9,88.59210961395665,6.597583454288722,4.810306931754626
M10,6.463342676600462,85.43282387262815,8.10383345077139
M4,23.842535734124365,20.050798399817793,56.10666586605784
M5,52.83484911551435,29.09771256301132,18.067438321474327
M6,28.58561657072882,39.680282862629085,31.7341005666421
M8,13.421338252831827,5.586302864012205,80.99235888315596
M10,5.127453479133704,85.68842884658154,9.18411767428475
M4,24.13784841575657,20.10486365008189,55.757287934161546
M5,52.72788464366894,28.97279748959165,18.299317866739408
M6,28.815526804063737,39.682752306981854,31.50172088895441
M8,13.502395108544565,7.7820401100434475,78.71556478141198
M9,89.01851749002192,6.702648556340136,4.278833953637943
M4,24.84976984217952,20.38103468276727,54.769195475053216
M5,53.43557665285126,28.9441047313939,17.62031861575484
M6,29.72422227757004,39.98920939826458,30.286568324165387
M7,48.173751549446585,51.50569895289445,0.32054949765896623
M10,6.097681533693466,85.33231218491198,8.570006281394555
M4,24.799105197948183,20.498530709761745,54.702364092290075
M5,54.62709970773113,28.30144963215735,17.071450660111516
M6,29.4178631686016,39.95378609615931,30.62835073523909
M7,47.78753859469417,52.021914280472025,0.19054712483380598
M9,88.83323978102354,6.436100932699388,4.730659286277076
M4,24.38797148642647,20.195634537796188,55.416393975777346
M5,52.822738310069774,29.027693171746076,18.14956851818415
M6,28.842962858006466,39.743738631838575,31.413298510154952
M7,48.024288021700926,51.90321057476235,0.07250140353672663
M8,15.738056099979424,5.985392036373821,78.27655186364676
M3,13.379189486759573,67.84742696312702,18.773383550113408
M7,49.752680822209335,50.04885994297774,0.1984592348129226
M8,12.05878882704923,5.634075489545201,82.30713568340558
M9,89.4843118424605,6.320250604221948,4.195437553317553
M10,10.824431916640341,80.55659783211637,8.618970251243297
M3,12.812336201218086,68.37465654899479,18.81300724978712
M6,26.688693883450508,38.939061158204545,34.37224495834494
M8,13.056135841479275,6.101457185745782,80.84240697277494
M9,90.74188087761164,3.9244429843621353,5.333676138026229
M10,9.473243275125888,82.40598789959311,8.12076882528099
M3,11.336554006105859,68.71171585007157,19.951730143822573
M6,25.51198172814584,39.77288840578084,34.71512986607332
M7,48.72428606720246,51.275713932797544,-7.105427357601002e-15
M9,86.86783600271808,4.749349145906425,8.382814851375496
M10,8.779121550233718,82.9059229571167,8.314955492649574
M3,13.185731324499036,67.99629627741643,18.817972398084535
M6,27.449685831418776,41.03598124467329,31.514332923907936
M7,48.45376689961384,51.546233100385976,1.8474111129762605e-13
M8,13.2558248430183,5.8586004086514745,80.88557474833023
M10,8.273679103793205,83.50081638094905,8.225504515257754
M3,13.948857762625504,67.90268820936811,18.148454028006384
M6,28.155421081166466,40.86809892933843,30.976479989495104
M7,48.72862780425109,51.05549734696362,0.2158748487852904
M8,14.141213243399463,5.775617143299189,80.08316961330135
M9,91.90112401258301,3.7329261559427347,4.3659498314742535
M3,10.985021191984531,69.45677790510315,19.55820090291232
M5,53.011540890229746,28.765989041093526,18.222470068676728
M8,11.26213431267578,5.706441059819026,83.03142462750519
M9,90.09267538869247,5.62900050080785,4.27832411049968
M10,13.850108851759796,78.10527870199138,8.04461244624882
M3,13.03359722565239,67.97138607321074,18.995016701136876
M5,52.264494834829144,29.689478330179696,18.04602683499116
M7,48.73885452407609,51.26114547592391,0.0
M9,91.49211346115614,2.876713403181578,5.631173135662285
M10,8.696051031015815,83.46287881144244,7.8410701575417505
M3,13.338779470119645,68.49165847264952,18.169562057230834
M5,52.28369893503551,29.2778987880362,18.43840227692829
M7,48.39988463489536,51.60011536510464,0.0
M8,12.367453748267291,5.884544407863673,81.74800184386903
M10,8.356527921995246,83.36710279062562,8.276369287379126
M3,11.147965762537229,69.04960642011126,19.802427817351514
M5,52.60824317089709,29.05762799919304,18.33412882990987
M7,49.65514309230743,50.0783993045115,0.2664576031810668
M8,11.611684877268376,6.530128420765581,81.85818670196605
M9,89.92590033464931,5.508942887837151,4.565156777513536
M3,11.263242208768597,70.27501312126353,18.46174466996787
M5,52.184594516408815,30.268090639702788,17.547314843888397
M6,28.61644369353715,39.79760011541302,31.58595619104983
M9,85.7099675348886,10.027778980910076,4.262253484201318
M10,6.1954242848146395,86.17909055323415,7.625485161951218
M3,11.497356247262642,69.92720676196657,18.575436990770783
M5,52.28431590235876,29.456146178463204,18.259537919178033
M6,28.78481780232455,39.82811591333166,31.38706628434379
M8,13.62482847539383,5.636860803817914,80.73831072078826
M10,6.026391894571056,85.29771173277108,8.675896372657874
M3,12.988132303077593,69.22254890158263,17.78931879533978
M5,52.17069743296678,29.698354431294263,18.130948135738954
M6,27.947318243608883,41.201025022020175,30.851656734370934
M8,14.389961118510751,7.952882561123036,77.65715632036621
M9,89.04402303748054,6.296565679907958,4.6594112826115
M3,12.010875971736887,70.73112553901588,17.257998489247242
M5,53.38185059797502,29.05225708071516,17.56589232130982
M6,29.638442083876935,40.40962152742821,29.951936388694854
M7,48.241220453553616,51.55794105064355,0.20083849580283442
M10,5.999675679622445,85.10312703016447,8.897197290213086
M3,11.453669700349389,70.23022607717003,18.316104222480575
M5,53.63821947228061,29.05079965374548,17.31098087397391
M6,29.973348954394073,40.03097618813618,29.99567485746975
M7,48.923763742763875,51.07623625723613,-7.105427357601002e-15
M9,88.98505232815089,6.467196372406062,4.5477512994430525
M3,12.137944377089072,70.09566632258736,17.766389300323567
M5,53.256146904681096,29.258967294743606,17.4848858005753
M6,29.658982889564918,39.98144008281241,30.359577027622663
M7,48.673292066324905,51.32670793367509,7.105427357601002e-15
M8,14.415897178666096,8.025316583463805,77.5587862378701
M3,13.481305510776739,68.19213297319162,18.326561516031646
M4,23.858777461977336,19.7577680932572,56.38345444476546
M8,9.82307093365096,6.434678785101402,83.74225028124764
M9,88.56283454891789,6.290232034747625,5.146933416334484
M10,8.000245757877744,83.15298404609894,8.846770196023314
M3,13.14680832340727,68.6984526554741,18.15473902111863
M4,24.617889768308643,19.639290807431802,55.74281942425955
M7,47.61257996197143,51.57555351647813,0.8118665215504421
M9,87.48250140196438,5.651222362232364,6.866276235803252
M10,9.114287811933899,82.37619474414876,8.509517443917332
M3,11.470573758036574,69.69430608686903,18.835120155094387
M4,23.819750645878948,19.864005397200344,56.316243956920715
M7,46.299055951204686,53.54749792141672,0.15344612737859364
M8,13.318206294806714,5.483947688510018,81.19784601668327
M10,6.052128863044258,85.0390325763368,8.908838560618946
M3,13.699301302532959,67.82042562064886,18.48027307681818
M4,24.28836212704952,19.56597231638595,56.14566555656452
M7,46.48516189619637,52.06962298838838,1.4452151154152517
M8,11.987004962850186,5.904327720641484,82.10866731650832
M9,90.26123478883696,5.17365390157227,4.565111309590772
M3,12.092647913218505,70.41212218340733,17.495229903374167
M4,25.003297548372252,20.425434760106363,54.57126769152139
M6,25.983716296780802,39.53915656758199,34.47712713563721
M9,87.8343789196723,3.999913855647047,8.165707224680649
M10,7.530116575131557,84.34596704176089,8.123916383107556
M3,11.522960690349551,69.97539422982899,18.501645079821458
M4,23.892442161538526,20.066534657094174,56.0410231813673
M6,28.613495405835355,39.67370498717054,31.71279960699411
M8,11.995765795301365,7.614408909128403,80.38982529557023
M10,5.442864144770035,85.80145522228663,8.755680632943324
M3,11.780752068395074,70.15133470306469,18.067913228540235
M4,24.476554464099756,20.265653448567196,55.257792087333044
M6,28.917226645032425,39.82847208042908,31.25430127453849
M8,13.740001319400461,7.871160417224024,78.38883826337552
M9,89.09856464251888,6.691612127848657,4.2098232296324625
M3,11.91519668992968,70.62337155465165,17.461431755418673
M4,24.8464204996669,20.595424373222038,54.55815512711107
M6,26.166828463847203,39.526610049545845,34.30656148660696
M7,48.2121452841715,51.787854715828495,7.105427357601002e-15
M10,8.880491771561315,83.36722267453837,7.752285553900322
M3,11.830901304727508,70.34647879695298,17.822619898319516
M4,25.113889135781584,20.47473475439465,54.41137610982376
M6,29.576417417021986,39.95263480097528,30.47094778200273
M7,48.67363287269625,51.326367127303804,-5.684341886080802e-14
M9,88.70110134143928,6.541494694545048,4.757403964015668
M3,11.706262696914107,70.214183050278,18.079554252807895
M4,24.66183888806663,20.30846845494371,55.02969265698967
M6,28.989661185543916,39.864564408362526,31.14577440609355
M7,48.087346916274456,51.84047114435268,0.07218193937286088
M8,13.824507618997803,7.8905928846627535,78.28489949633945
M3,11.776956147758193,69.93443300912048,18.28861084312132
M4,24.23045984926402,20.27362430855463,55.49591584218135
M5,53.17978736316562,29.52225471114976,17.297957925684617
M9,89.06013108422763,6.711693488320358,4.228175427452007
M10,5.876185694257225,85.24756031330367,8.876253992439104
M3,11.643824524106499,69.696596804318,18.659578671575503
M4,23.67027606868452,20.588267154802413,55.741456776513076
M5,53.52589384304086,29.761962048198104,16.712144108761034
M8,11.726145829049454,7.497851108471959,80.77600306247858
M10,5.8297292176588895,85.17681079777488,8.993459984566229
M3,11.548574167462185,69.9560548157899,18.49537101674791
M4,23.85607565515035,20.000740802682156,56.14318354216749
M5,52.28734855143626,29.08729341065856,18.62535803790518
M8,11.76836104709585,7.542857014493788,80.68878193841036
M9,88.03682804566392,6.73016769185791,5.233004262478166
M3,12.304053130461854,69.6554416522877,18.04050521725044
M4,24.386016744671366,20.321766099840037,55.2922171554886
M5,52.71256799240549,29.973080967780337,17.314351039814174
M7,46.925088753490044,52.85535739015203,0.21955385635792624
M10,7.159972174769854,84.18979045605279,8.650237369177361
M3,11.792903766140533,70.20386289431687,18.00323333954259
M4,24.882953539767826,20.41303585666069,54.70401060357148
M5,52.94913237919669,29.18086173489179,17.87000588591152
M7,48.13050807440693,51.75686921673722,0.11262270885584513
M9,88.63241546016324,6.642700763761781,4.724883776074974
M3,11.52583375948448,69.77186904592898,18.702297194586535
M4,23.5602590686172,20.612337881932874,55.82740304944993
M5,51.63271102402024,29.74084018514945,18.62644879083031
M7,47.00370329282246,52.996296707177535,7.105427357601002e-15
M8,13.46530383574305,5.092831156961569,81.44186500729539
M3,11.807691163402692,71.34335061083638,16.848958225760924
M4,24.399737200330485,22.23269614192262,53.36756665774689
M5,51.46870891773753,30.84629426546766,17.68499681679481
M6,25.80202628853407,42.28321266147712,31.91476104998881
M10,7.019773383087405,84.4745714705975,8.505655146315092
M3,11.23097354656498,71.06922811804077,17.69979833539425
M4,25.091169462050008,21.0332639288012,53.87556660914879
M5,52.92784266231139,29.55483715828966,17.517320179398947
M6,28.690382649848097,40.50951026088777,30.800107089264138
M9,89.54006623548312,6.710206168338901,3.7497275961779746
M3,12.40628788958856,69.66978154567553,17.92393056473591
M4,24.594880866491426,20.413199003226865,54.99192013028171
M5,50.615296299943815,30.680345322234455,18.70435837782173
M6,27.027589000535144,41.6257855117682,31.346625487696656
M8,13.889284508123884,7.795387805599278,78.31532768627685
M3,11.703424261181842,71.54910243799797,16.74747330082019
M4,27.121030597399837,19.776756751373334,53.10221265122683
M5,51.69091928293727,30.74685213172057,17.562228585342158
M6,26.38058031250341,41.88890831753446,31.73051136996213
M7,46.00215178398695,53.7088378577678,0.2890103582452497
M2,69.31181862726137,16.042517696078853,14.645663676659773
M7,49.113008671532505,50.014222199616555,0.8727691288509405
M8,11.295211866947378,5.761607325279591,82.94318080777302
M9,87.3865638207662,7.587274822327245,5.026161356906556
M10,9.8416583921279,81.540447716634,8.617893891238097
M2,69.03439651687151,15.929252614765245,15.036350868363245
M6,27.802750639852917,38.57087568571549,33.62637367443159
M8,11.600562321638277,6.588105684097919,81.8113319942638
M9,89.44805287031942,5.8386569561596575,4.713290173520927
M10,10.039312344689582,81.43326511876175,8.52742253654867
M2,70.33303440896029,16.631466428812104,13.035499162227609
M6,27.81679705052788,38.68123967700066,33.50196327247146
M7,49.67128870227441,49.987822083020504,0.3408892147050864
M9,88.92023199634438,4.706795179228038,6.372972824427578
M10,8.604621503536416,83.04154080338574,8.353837693077836
M2,68.37719630892794,17.002790717092847,14.620012973979218
M6,27.363222166690136,41.02035997104097,31.616417862268896
M7,48.34799871345843,51.59709093692692,0.054910349614651466
M8,13.427190038998,5.822874825494258,80.74993513550774
M10,8.251566160380598,83.46927480693331,8.279159032686081
M2,69.27437671834869,15.946681768543243,14.778941513108066
M6,29.684803744160533,38.69095594130026,31.624240314539207
M7,50.56332604999374,49.42867078383573,0.008003166170531983
M8,14.99657311094256,6.556747447496403,78.44667944156103
M9,89.27028801076897,6.401611093130018,4.328100896101017
M2,69.11683284597343,15.900948909171358,14.982218244855208
M5,52.8524227523951,28.91086946936591,18.23670777823899
M8,10.958046628969727,5.829882703146907,83.21207066788337
M9,88.33401051077323,7.0734443615878595,4.592545127638915
M10,12.862640219264803,79.50446264086263,7.6328971398725685
M2,69.22334805207477,15.834410632054007,14.942241315871224
M5,51.94114226548798,29.39959626953346,18.659261464978556
M7,49.795094058912206,50.20490594108778,1.4210854715202004e-14
M9,89.55017366612395,5.877826974245492,4.571999359630555
M10,11.475453791350875,81.26730559666342,7.257240611985708
M2,68.37146963654139,16.257505804844303,15.371024558614305
M5,52.81794049595939,29.646811495064604,17.535248008976005
M7,48.21677686874454,51.578963965218406,0.20425916603705474
M8,11.03474599287914,6.070594498854665,82.8946595082662
M10,8.331889251659218,83.34865519996116,8.319455548379622
M2,69.15947113532845,16.130708821938985,14.70982004273257
M5,52.529675254300365,28.925965232073388,18.544359513626247
M7,49.51414262402354,50.135388323138905,0.35046905283755336
M8,11.164844174704982,6.254656331510156,82.58049949378486
M9,88.46618389225871,6.823055075636226,4.7107610321050615
M2,71.33850047079675,16.02795002651888,12.633549502684374
M5,53.00642272297357,29.130246800037078,17.863330476989354
M6,25.725766199296103,39.87881836659216,34.39541543411174
M9,88.74404493850628,6.499492814212568,4.756462247281155
M10,7.53444892385239,84.18788105896708,8.277670017180526
M2,68.23434075149453,16.521698912714186,15.243960335791286
M5,52.212057804934716,28.99577502889734,18.792167166167943
M6,28.896762706678334,39.8264677458649,31.276769547456766
M8,12.628128265649867,5.4694139027112785,81.90245783163886
M10,7.249567066477674,84.2162790814167,8.534153852105618
M2,69.19762539821524,15.914184246026426,14.888190355758336
M5,51.86862226356609,29.722683129185885,18.408694607248027
M6,27.73195098568473,40.928244751612894,31.339804262702373
M8,12.164619774268015,6.10985276750433,81.72552745822765
M9,88.47567812839976,6.955407498948945,4.568914372651291
M2,71.80338674510614,14.958121087494304,13.238492167399558
M5,52.956233120982574,29.22015498950991,17.823611889507514
M6,29.47947269036814,39.91535373820466,30.6051735714272
M7,48.68180205101144,51.318197948988555,7.105427357601002e-15
M10,5.8470772712730605,85.28593400669892,8.866988722028012
M2,69.78416704771861,16.03485282904522,14.180980123236168
M5,53.48304896558036,29.008358432721717,17.508592601697924
M6,29.596878983967375,39.94447943604993,30.458641579982697
M7,49.084782395745904,50.787508882395514,0.12770872185858195
M9,89.00977796970201,6.451744021107314,4.538478009190672
M2,70.88342077131385,15.007325469918728,14.109253758767421
M5,52.88632341181485,28.88522346286302,18.22845312532213
M6,29.2008268414473,39.985718439688256,30.81345471886445
M7,47.2982533170468,52.50473819383327,0.19700848911993063
M8,13.838886101745917,5.328749706322431,80.83236419193166
M2,69.52859621133248,16.982494288101673,13.488909500565843
M4,24.109265818360516,19.085240670549375,56.80549351109011
M8,9.358326964706729,6.25550996445984,84.38616307083342
M9,88.11765316932882,6.5073549895568865,5.374991841114295
M10,7.773369947772464,83.33280663874083,8.8938234134867
M2,71.22686094107274,17.808083004831424,10.965056054095832
M4,24.325745441613947,19.125930787783975,56.54832377060208
M7,47.10997119267333,50.87775875554841,2.012270051778259
M9,86.35596798314361,5.655485300781882,7.988546716074504
M10,10.401888089039534,74.95740327789379,14.64070863306668
M2,67.88625145909293,16.436901583852315,15.676846957054753
M4,22.359601895749204,19.74520003875162,57.89519806549917
M7,46.24185494096964,53.52905385973354,0.22909119929682475
M8,13.330908558745339,5.604877086135093,81.06421435511957
M10,7.349516038429983,83.69696101626415,8.953522945305863
M2,68.30618937080354,16.823137100459686,14.870673528736777
M4,24.192122997730678,19.319525106076355,56.48835189619297
M7,46.511105270835216,51.922233971012474,1.5666607581523095
M8,9.090367442471232,6.379257695531387,84.53037486199737
M9,90.19349523249825,5.444537091308469,4.361967676193281
M2,72.10044851953664,15.082895226046807,12.816656254416552
M4,24.774345807786627,20.3653660108467,54.86028818136667
M6,21.47701047617948,41.650855395872206,36.87213412794831
M9,91.91519126729678,1.5842389618975736,6.500569770805649
M10,6.506534382051765,85.42867699827094,8.064788619677287
M2,67.7889017896516,16.738952116161943,15.472146094186453
M4,23.604811545786433,20.04745914236063,56.34772931185294
M6,28.744433753862403,39.71851293848829,31.537053307649302
M8,13.534541218596422,5.581375013385872,80.88408376801772
M10,5.479308044069419,85.8888160453118,8.631875910618788
M2,68.01891415028875,16.34750548454543,15.63358036516582
M4,23.38905019542001,20.152514497851023,56.458435306728965
M6,28.88751481654154,39.82965711169587,31.282828071762587
M8,12.493282498785126,7.263943101853119,80.24277439936176
M9,88.60780183680396,6.8778793141791965,4.5143188490168455
M2,72.08472058090292,15.082791373353665,12.83248804574341
M4,24.788653401687903,20.37117441484437,54.840172183467736
M6,27.4435501734482,39.492116150012976,33.06433367653882
M7,48.174302615245225,51.50360231442023,0.322095070334548
M10,8.850688720872604,83.41428407443428,7.735027204693125
M2,71.1049814106672,15.065653419869799,13.829365169463008
M4,24.749196782223365,20.479935352514396,54.77086786526224
M6,28.28613466448578,38.80168730648545,32.912178029028766
M7,47.529510145475946,52.033421052718765,0.43706880180528884
M9,88.60758549385173,6.619089279747738,4.773325226400533
M2,70.36228199693592,15.070146340231839,14.567571662832242
M4,23.356985394960066,20.079186203466882,56.563828401573055
M6,28.883816120929435,39.77605564626444,31.340128232806123
M7,47.958826459079766,51.89066568736611,0.15050785355412444
M8,13.794255807254917,5.639041519713267,80.56670267303181
M2,67.80615254624534,16.523845182739866,15.670002271014791
M4,23.744585925689943,20.147035167479824,56.108378906830225
M5,51.1305658872523,29.28911261675868,19.58032149598902
M9,89.56703186301966,6.749667515811556,3.6833006211687795
M10,6.731601660927614,85.44141664645304,7.826981692619356
M2,69.40801719147159,15.58045578150027,15.011527027028144
M4,23.32615823126002,20.74727869402689,55.92656307471309
M5,51.552926992865146,29.75633350039528,18.690739506739575
M8,13.374029495960855,5.102679650510351,81.52329085352879
M10,5.7808019400846495,85.10768071025089,9.111517349664467
M2,69.40763774364507,15.069363331532042,15.52299892482289
M4,23.78799059572624,19.998160990358535,56.21384841391522
M5,52.311684393341416,29.072888660119492,18.615426946539092
M8,9.049132408954076,7.260289803070126,83.6905777879758
M9,88.82337022078994,6.779466827695091,4.397162951514969
M2,69.9279226559918,15.522265390901643,14.549811953106564
M4,22.845961212182736,20.13119532827172,57.02284345954554
M5,50.975719640837276,29.416923248152266,19.607357111010458
M7,46.228545344573966,53.21671571022615,0.5547389451998868
M10,7.196756629079021,84.16507612058642,8.638167250334561
M2,71.03124614097389,15.077221372321928,13.89153248670418
M4,24.778187096822357,20.316780403311054,54.90503249986658
M5,52.63784233607146,28.964054002402083,18.39810366152646
M7,48.02637469652251,51.75040662127948,0.22321868219800933
M9,88.48117290611543,6.648551568877014,4.870275525007553
M2,70.27908852161138,14.448415493937487,15.272495984451128
M4,23.703969044920328,20.525358477984955,55.77067247709472
M5,51.5626597475707,29.716654181578377,18.720686070850924
M7,46.960294298076256,52.90556252435305,0.13414317757069227
M8,11.865746103142468,7.4056596212890256,80.7285942755685
M2,69.08029285163587,17.11601221572471,13.803694932639416
M4,24.350690562002395,20.474506328418222,55.17480310957938
M5,51.021294827167615,30.646570068382363,18.33213510445002
M6,28.790262099580993,40.16356987333175,31.046168027087262
M10,5.768729023215593,85.67264681620328,8.558624160581118
M2,70.63883352396601,15.06247665198484,14.298689824049147
M4,24.66595604238727,20.419947924195913,54.914096033416826
M5,53.38534974012906,29.15850153246458,17.45614872740636
M6,29.182838590116294,40.07278563155755,30.74437577832616
M9,88.55140477654172,6.636721556524361,4.811873666933923
M2,69.95288473396297,15.532889613534834,14.51422565250219
M4,23.62993503795378,21.154776932998224,55.215288029048004
M5,50.53632627597154,30.31622511025285,19.14744861377561
M6,28.478658604481435,40.262040088099816,31.259301307418745
M8,13.399750317000247,5.851774828268775,80.74847485473099
M2,68.5961415628064,16.504301960605904,14.899556476587701
M4,24.720244537001015,20.415732895986743,54.86402256701225
M5,53.40389915906752,29.229454574088205,17.366646266844274
M6,29.091200297114128,40.16043980812675,30.74835989475912
M7,47.67165723866119,52.18668721430891,0.1416555470298988
M2,71.3905308581765,15.383444586526672,13.226024555296824
M3,13.37674767526374,68.11083141814672,18.51242090658954
M8,10.431286765749023,6.288908472882334,83.27980476136864
M9,89.10629614205257,5.701574319529519,5.19212953841791
M10,11.09564536291598,80.69501458970724,8.209340047376784
M2,71.29537356664953,16.632667942534503,12.071958490815966
M3,14.40305574238911,67.9860583816232,17.61088587598769
M7,48.42652514282853,51.27092860231484,0.30254625485662956
M9,91.42001230116499,2.9575417077006447,5.622445991134367
M10,8.728566313036332,83.4759979125017,7.795435774461964
M2,68.14321365296253,16.52134736078245,15.33543898625502
M3,13.782885969502638,67.95900104269678,18.258112987800573
M7,47.8325086241216,51.82408785696931,0.34340351890909204
M8,10.709275245747902,6.173552715097228,83.11717203915487
M10,8.43658546788109,83.39178200383844,8.171632528280469
M2,70.64181121895338,15.078823886127417,14.279364894919205
M3,13.889026048645055,67.25199981858844,18.858974132766505
M7,49.655554133855865,50.08808512792743,0.25636073821670635
M8,10.804766530519633,6.745112451686308,82.45012101779406
M9,89.54816466150649,5.801169853505947,4.650665484987563
M2,72.03522849525332,14.954445228468385,13.010326276278294
M3,12.129317139700674,70.47394734261033,17.396735517688995
M6,26.55044567313984,39.34295386302529,34.10660046383486
M9,88.280353011713,6.502437219700833,5.217209768586163
M10,6.101679358941543,86.25148830880471,7.6468323322537515
M2,70.7989970293875,15.017625070008872,14.183377900603634
M3,12.036257565391887,70.0769507351557,17.886791699452402
M6,27.756978901129784,39.57638452170862,32.6666365771616
M8,12.826891148981014,5.378672457159786,81.7944363938592
M10,6.7632991100370266,85.4551292787724,7.7815716111905715
M2,71.21943161729993,15.33876457805078,13.441803804649288
M3,13.065799536988813,69.14544393324044,17.78875652977075
M6,27.865767807694738,41.2427996326626,30.89143255964266
M8,11.531381183607778,6.435296087662864,82.03332272872936
M9,88.3647996561631,6.8875179486130245,4.747682395223875
M2,71.69940711790429,15.133316554871676,13.167276327224037
M3,12.735037732785557,69.92607355260223,17.33888871461221
M6,27.451701014819346,40.02265396966934,32.52564501551131
M7,48.01821368980784,51.74853724962013,0.2332490605720352
M10,7.294301789613794,83.91609214865663,8.789606061729572
M2,68.3027657492799,17.003411729866045,14.693822520854056
M3,14.429367907061257,68.27405587553851,17.29657621740023
M6,27.917313155870477,41.278066973114306,30.80461987101522
M7,48.87515741096413,51.08899035324035,0.03585223579552377
M9,88.4578499300271,6.7787271287589554,4.76342294121395
M2,71.15776280408997,14.891494928595327,13.950742267314704
M3,12.090937758227001,70.05579653855978,17.853265703213225
M6,29.396567267533815,40.057028911991246,30.546403820474943
M7,48.5531670780659,51.415745432211715,0.031087489722388284
M8,13.628043367145262,6.071497132528412,80.30045950032633
M2,71.83025601988435,15.033046163915348,13.136697816200307
M3,12.073645983591932,70.32939794408165,17.59695607232642
M5,54.14777135344077,29.080170296122414,16.77205835043682
M9,89.23067392753721,6.627272290333807,4.142053782128982
M10,6.567901585274361,85.46260045226931,7.96949796245633
M2,68.48353782185907,16.86138345374562,14.655078724395306
M3,11.692005015821419,70.10654095075795,18.20145403342063
M5,52.69950096715178,29.025810271392643,18.27468876145558
M8,9.08198387508953,6.488713871706756,84.42930225320372
M10,7.406852123224719,83.71161819857161,8.881529678203663
M2,68.6704269158593,16.220025643648857,15.109547440491848
M3,12.82148011556561,68.23210272184856,18.94641716258583
M5,51.49588936181423,30.17614831055564,18.327962327630132
M8,10.209023474072092,6.35141647773244,83.43956004819546
M9,88.41545103230946,6.674443015227059,4.9101059524634785
M2,69.60507711232061,16.9160074851618,13.478915402517586
M3,12.105437120845771,70.26391772088019,17.630645158274035
M5,53.170431137625705,29.01726854645327,17.812300315921025
M7,45.209894896621975,52.42378664056451,2.366318462813517
M10,6.44717495289796,85.35218447968089,8.200640567421146
M2,70.86714651212993,14.902227954857763,14.230625533012303
M3,11.840419189394076,70.15348938330007,18.006091427305847
M5,53.34535804266938,29.300899206316622,17.353742751013996
M7,48.5465085044716,51.44830605169138,0.0051854438370142475
M9,89.21770181959464,6.602123841478297,4.180174338927066
M2,70.65279342107868,15.028826380149232,14.318380198772084
M3,11.672833369593887,70.16025155295347,18.166915077452643
M5,52.65180013161705,28.924295878323804,18.423903990059145
M7,48.01618911172148,51.727691383134975,0.25611950514354476
M8,10.398701123251948,7.528912417326796,82.07238645942125
M2,69.68511353522763,17.0556085228487,13.25927794192367
M3,12.207956250583079,70.93622902220139,16.85581472721553
M5,51.357287429495834,31.01947716900288,17.623235401501287
M6,27.080508506400594,41.06337739569109,31.856114097908318
M10,4.598422341919998,87.17282713945765,8.228750518622348
M2,71.55501310287612,14.980239899317546,13.464746997806337
M3,11.703191327916391,70.60919797019753,17.687610701886086
M5,53.758377967428814,29.008045041276034,17.233576991295152
M6,29.06650288953281,40.13380475536154,30.79969235510565
M9,88.89818222367676,6.577016215164945,4.5248015611582995
M2,68.22708450654902,16.758532499039,15.014382994411982
M3,13.6626581533622,68.79316818294188,17.544173663695915
M5,51.47510926191503,30.626041694002556,17.898849044082414
M6,26.66746844170448,41.90587327448951,31.42665828380602
M8,14.194163823559206,5.851244888757683,79.95459128768312
M2,69.52587381906106,17.12014499694378,13.35398118399516
M3,12.486824685234042,70.46153199231496,17.051643322451
M5,51.609335296716935,30.77031794624645,17.620346757036614
M6,27.9299349976183,40.21978789953691,31.850277102844785
M7,44.495139076716164,54.81504664648816,0.6898142767956728
M2,70.63844468841776,15.097202220992976,14.26435309058926
M3,12.096317463059897,70.00450163002328,17.89918090691681
M4,23.241368128501843,20.28406455234561,56.47456731915254
M9,88.54957182511524,6.678607663198829,4.7718205116859345
M10,6.6787431893016445,85.48263968520877,7.838617125489591
M2,69.85232954101645,15.215952125956706,14.931718333026849
M3,11.649456401029132,69.71382380895795,18.63671979001292
M4,23.27333654353707,20.817209047532142,55.909454408930785
M8,13.004344525156277,5.621270811969985,81.37438466287374
M10,5.6602001647414335,85.42173683969537,8.91806299556319
M2,69.89928885633063,15.239501147690115,14.861209995979257
M3,12.496597521219435,69.24009510719384,18.263307371586734
M4,22.36440385606414,20.661441147359458,56.9741549965764
M8,8.873062359345221,7.191190694971628,83.93574694568315
M9,87.13744967595605,6.686365620609726,6.176184703434226
M2,68.76438872341959,16.903187943193906,14.332423333386508
M3,12.210652121118976,69.87556854598924,17.913779332891778
M4,23.264015633626038,20.231985933122505,56.50399843325147
M7,46.787457005996764,52.68549409696683,0.5270488970364084
M10,6.766915874163242,84.64113939770269,8.591944728134067
M2,72.10913655802949,15.07241852486815,12.81844491710236
M3,13.129212709588383,70.76563325753197,16.10515403287964
M4,24.81622766241535,20.375471958960002,54.80830037862465
M7,48.36903724070985,51.51399969799958,0.11696306129056921
M9,88.64954302670837,6.593898158148164,4.756558815143464
M2,69.83074302062316,15.269139449444356,14.900117529932484
M3,12.170727765833268,69.43905364567699,18.390218588489745
M4,23.623702453948553,20.126095217933393,56.25020232811805
M7,47.28350456846014,52.586541107206706,0.12995432433315557
M8,13.057578653568262,5.730728150479566,81.21169319595218
M2,69.52363519242593,16.94697409405239,13.529390713521682
M3,12.060560711865069,70.67605291903952,17.263386369095414
M4,24.25270571131431,21.714148049249417,54.03314623943628
M6,25.748433389381145,41.48342643242086,32.76814017819799
M10,5.988179486056314,85.69141809958997,8.320402414353723
M2,72.17158907653987,14.367925897552713,13.460485025907413
M3,12.544798970802164,69.9130228378231,17.54217819137473
M4,24.504394961581408,21.468104449086525,54.027500589332064
M6,27.261879859598142,42.01500188422515,30.72311825617671
M9,86.49424518547978,9.24430906046231,4.261445754057906
M2,69.3241878526923,16.61304402669369,14.062768120614006
M3,12.754567049777783,69.35845941210165,17.886973538120557
M4,24.355309973620106,20.64337441730196,55.001315609077935
M6,27.158962327542557,41.50719562762096,31.333842044836487
M8,13.4955874644814,5.842204851300132,80.66220768421846
M2,69.30406370572773,17.040894462237326,13.655041832034946
M3,12.62705762799416,70.04621109976672,17.326731272239115
M4,24.65843881534997,21.43986894773201,53.901692236918024
M6,29.230950178802633,40.343839698687326,30.425210122510045
M7,46.54522382537154,53.19604491982722,0.2587312548012406
M2,70.82503627551489,15.272835014710706,13.902128709774404
M3,14.422569874258832,69.39938313059633,16.17804699514484
M4,23.371145145721236,21.75041469251777,54.87844016176099
M5,47.90765248786937,32.802928467643284,19.289419044487346
M10,8.33640328411306,83.72973179771012,7.933864918176823
M2,69.81422282439817,15.518256949361575,14.667520226240253
M3,11.864041720266002,70.15507468310288,17.980883596631116
M4,23.136955615205718,21.3316721444966,55.53137224029768
M5,50.85512293869877,31.053180373643897,18.091696687657333
M9,86.71224522931908,7.931741745066672,5.3560130256142475
M2,70.42057924671916,14.928183951390231,14.651236801890612
M3,14.64940679476462,68.071792758703,17.278800446532387
M4,22.784739292344778,21.14487070311643,56.070390004538794
M5,50.14798030418907,30.888431827902604,18.963587867908327
M8,12.086381868364628,6.736899180751017,81.17671895088435
M2,70.16783656742564,15.514753431917484,14.317410000656878
M3,12.943741980754444,69.86537326333844,17.19088475590712
M4,23.61341192479482,21.738526169708006,54.64806190549717
M5,50.43787119658911,31.16550439866556,18.39662440474533
M7,44.648386327036505,55.14122510592161,0.2103885670418819
M2,69.18953631812765,18.19203265007295,12.6184310317994
M3,8.519736355377793,73.98525950705162,17.49500413757059
M4,24.23253011568065,22.908007505249977,52.85946237906938
M5,50.508397420313344,32.009740128661655,17.481862451025002
M6,25.91449922388698,41.20103560267081,32.884465173442216
M1,38.680611492215085,31.785510471788125,29.53387803599679
M7,49.530618524969576,49.71940882289551,0.7499726521349146
M8,16.779709995162822,5.069888855153047,78.15040114968413
M9,84.56408358034616,9.435782531965923,6.0001338876879124
M10,8.563818060256677,82.51248855061895,8.923693389124367
M1,35.85318014360446,34.03163676794719,30.115183088448347
M6,26.591972946090856,40.66550928696013,32.74251776694901
M8,13.477608880084281,5.973001857505342,80.54938926241039
M9,90.74638808842793,4.045388566602625,5.20822334496944
M10,8.523980206321133,83.1443954672581,8.33162432642078
M1,36.59887623442798,34.23304412641827,29.168079639153746
M6,29.322805479261977,38.44457009615531,32.23262442458272
M7,47.38047616636307,49.44890403368593,3.1706197999510053
M9,86.16401877038182,5.928039911381031,7.907941318237153
M10,8.330833000576705,82.69693073091213,8.972236268511168
M1,35.747278360719854,33.96764106767818,30.28508057160196
M6,30.427329744553752,39.30203409653141,30.270636158914833
M7,49.37194409047057,50.38434596875296,0.24370994077646913
M8,13.005281158661347,5.992867962512909,81.00185087882575
M10,8.776812619633157,82.92506156272582,8.298125817641022
M1,36.33298429864781,33.827447047124146,29.839568654228046
M6,29.72797996234044,40.17485216950077,30.09716786815879
M7,50.26796104335893,49.334348040394204,0.3976909162468658
M8,18.522360085417304,5.222149276356908,76.2554906382258
M9,85.8439096005808,9.330118962814677,4.825971436604522
M1,36.017391513948546,33.12060068613996,30.862007799911495
M5,53.01539485564365,28.64821788131309,18.33638726304326
M8,11.114829548060841,5.939784187317811,82.94538626462135
M9,88.69435505580422,6.925705832777287,4.37993911141849
M10,11.392214557885172,80.26229225632942,8.345493185785415
M1,35.3502751317742,33.696538247242906,30.953186620982898
M5,52.90796606086578,29.208790088314917,17.8832438508193
M7,49.83532072988172,50.16467927011827,7.105427357601002e-15
M9,89.68197563324533,6.89082939158982,3.4271949751648503
M10,10.559597566818578,81.74594454535045,7.694457887830964
M1,38.888957878506815,31.95864067941419,29.152401442078993
M5,52.29565478624086,29.218347944109066,18.485997269650074
M7,48.30207042051306,51.48949747166473,0.20843210782221178
M8,12.645187281869957,5.844717753679256,81.51009496445079
M10,12.431423697664085,79.46106294996501,8.107513352370901
M1,35.126029679432236,33.43020297301849,31.443767347549276
M5,53.34846133108618,28.222447548231894,18.429091120681928
M7,48.11025156039174,51.18888445935583,0.7008639802524286
M8,11.065598706067309,6.07284092588164,82.86156036805106
M9,89.57420360390641,6.327606569862716,4.098189826230872
M1,36.32923407747999,33.1371972316943,30.53356869082571
M5,55.08629464314131,28.25651829034493,16.657187066513764
M6,30.065563633142947,39.444731701931744,30.489704664925313
M9,89.82444867786276,6.076462792970794,4.099088529166444
M10,6.719529021340407,85.46227121538372,7.818199763275871
M1,35.67272030992767,34.67107995060522,29.656199739467112
M5,53.58422938831738,28.500050019780982,17.915720591901636
M6,34.921723086747754,35.98835472111688,29.08992219213536
M8,13.100869275704666,6.216550166409823,80.68258055788552
M10,8.25011356487189,83.38150414895327,8.368382286174835
M1,36.6062665125996,33.58187617373662,29.81185731366378
M5,54.36324216158846,28.369365107399872,17.267392731011668
M6,30.00404612298691,39.963010652241984,30.03294322477111
M8,11.780581275126988,6.290118860148943,81.92929986472407
M9,86.6695201529487,8.667101520051066,4.663378327000228
M1,36.24810612135976,33.28078475632236,30.471109122317877
M5,55.07217623330986,27.88925620850117,17.03856755818897
M6,29.937822687371366,39.602599597892365,30.45957771473627
M7,50.297979571043086,49.417122350068084,0.2848980788888298
M10,5.880922504908824,86.14754672811047,7.971530766980706
M1,37.42814934920058,33.89117210387141,28.680678546928007
M5,56.39631009329835,26.821097084269862,16.78259282243179
M6,33.24385189471504,38.623051481798846,28.133096623486104
M7,50.22167090927097,48.76194808117849,1.0163810095505426
M9,87.62644140794609,8.084707563287722,4.288851028766189
M1,36.189557275466996,34.45577177420526,29.354670950327744
M5,52.77754545555192,29.432406624309873,17.790047920138203
M6,30.48426516643919,39.48898856110387,30.026746272456947
M7,48.64632876182858,51.07231177005182,0.28135946811960366
M8,15.276751897114366,7.727496963123205,76.99575113976243
M1,37.47181314269281,32.12912598937784,30.39906086792935
M4,25.064308560959574,19.02256241126808,55.91312902777234
M8,9.149735096774487,6.314689551372617,84.53557535185288
M9,88.44983067192557,6.539498174257588,5.010671153816844
M10,7.688372513238359,83.33361391623524,8.9780135705264
M1,36.98199228299842,33.470414664644096,29.547593052357485
M4,23.980212408332818,19.29435773273863,56.72542985892855
M7,47.60425502406684,51.773807865121825,0.6219371108113378
M9,87.23571681365499,5.310375709762372,7.453907476582639
M10,7.828084816561793,83.40756274027079,8.764352443167411
M1,35.99741019771439,33.58895033933359,30.41363946295202
M4,23.796025812976154,19.971678184459517,56.232296002564325
M7,46.47923008789241,53.179685601142396,0.34108431096519354
M8,11.963723383960994,7.475204109659333,80.56107250637967
M10,6.74415710050878,84.2224663406455,9.033376558845717
M1,37.14950611251315,33.3366535198809,29.51384036760595
M4,24.256027699605973,19.655867218289057,56.088105082104974
M7,48.02176965986999,51.761923644424705,0.21630669570530614
M8,11.523705520625466,6.12189450450086,82.35439997487367
M9,88.63250659333937,7.036276818968738,4.33121658769189
M1,36.21691962373288,34.06350152362285,29.719578852644275
M4,24.767194811869796,20.92414853601541,54.30865665211479
M6,23.910700772429195,40.85016815931141,35.2391310682594
M9,88.18967838821628,6.542717470495696,5.267604141288024
M10,8.28253372186689,83.43334751933172,8.284118758801398
M1,34.88758205693224,34.725692876700315,30.38672506636744
M4,22.91662438501857,21.12472782462412,55.95864779035732
M6,28.58959467559024,40.122812476676366,31.2875928477334
M8,13.481464604638996,5.7721409724468815,80.74639442291412
M10,6.304198351466523,84.96251169010742,8.733289958426056
M1,34.448203545302334,35.085740123716185,30.46605633098148
M4,24.013359087179033,21.118174543612195,54.868466369208775
M6,28.746021037143386,40.142208309278764,31.111770653577857
M8,13.91474194465458,7.902752381351382,78.18250567399404
M9,85.35972434476335,9.425240654502607,5.2150350007340425
M1,36.286352324129226,34.21288636696183,29.50076130890894
M4,24.8793760626158,20.632226149863154,54.48839778752104
M6,28.227538922993226,40.01401950713118,31.758441569875586
M7,48.00446056408168,51.75379737800887,0.24174205790944825
M10,9.040221382140492,82.83070607653816,8.12907254132135
M1,36.132925147690884,34.48118400047714,29.385890851831974
M4,26.724411355672395,19.516334956776625,53.759253687550974
M6,30.03166726622962,39.71142829606964,30.25690443770074
M7,48.75807219454153,51.113262170376714,0.12866563508175233
M9,88.26844292097294,6.906287399056574,4.825269679970481
M1,34.58165752612672,35.04835206882243,30.36999040505085
M4,24.00764726581078,21.108099156535932,54.8842535776533
M6,28.750227751467328,40.13321703095687,31.116555217575808
M7,46.78959526021762,52.90005192057804,0.3103528192043399
M8,15.79604019657885,6.06117231361568,78.14278748980547
M1,34.510105040308225,35.05409419284775,30.435800766844032
M4,22.732486634033027,20.217065040600474,57.0504483253665
M5,50.89623727856387,30.141021843327145,18.96274087810898
M9,88.83064563379521,6.862304736954259,4.3070496292505265
M10,6.2631487857779025,84.96067914874173,8.776172065480367
M1,34.144957701427614,34.651263709907894,31.20377858866449
M4,23.551472925171048,20.715568395497804,55.73295867933114
M5,51.28806872365858,29.94676665747236,18.765164618869058
M8,11.661538314839786,7.578611512863458,80.75985017229675
M10,6.391363301378887,84.53029135747371,9.078345341147397
M1,35.20252919437665,34.152350651766255,30.645120153857093
M4,22.708645231068232,20.87953266958585,56.41182209934592
M5,50.91507889653927,30.450243430374236,18.634677673086493
M8,8.95731187445424,7.396284374549625,83.64640375099614
M9,88.1313813168324,6.8123962818072625,5.056222401360334
M1,35.693475816456875,34.44014824909007,29.86637593445306
M4,24.14207109061747,20.554102850008036,55.3038260593745
M5,50.65290624053318,29.89991477673128,19.447178982735544
M7,46.74857222590364,52.43040220437488,0.8210255697214848
M10,6.045643255224712,85.40834040836637,8.546016336408911
M1,34.68051483946312,35.05981534472984,30.259669815807044
M4,24.4779323598938,20.547265970076015,54.97480167003019
M5,53.38043874174228,29.05938714111234,17.56017411714538
M7,47.768384622146286,51.87955162147888,0.35206375637483234
M9,88.53671719953167,6.631926621473769,4.831356178994565
M1,33.85092859374686,35.281622201020454,30.86744920523269
M4,23.457721695511356,20.432215547202212,56.110062757286435
M5,52.10809561700582,29.748438594306993,18.143465788687184
M7,46.99621431558438,52.93665819976411,0.06712748465150753
M8,11.854926790347161,7.762925570213548,80.38214763943928
M1,35.608573375026026,34.62953593641982,29.761890688554153
M4,24.55200432524703,22.036139860334597,53.411855814418374
M5,51.37637709989988,30.90366542183149,17.719957478268633
M6,25.964331952070594,41.9495353958978,32.08613265203161
M10,4.502120518783133,86.57204110937586,8.92583837184101
M1,36.65047359019882,34.072424609734924,29.277101800066255
M4,25.789758976710218,20.753616976070397,53.456624047219385
M5,53.211754429837015,29.367988631275594,17.42025693888739
M6,29.30915425331119,40.105487771694506,30.585357974994302
M9,88.74544247719159,6.551734152825195,4.702823369983217
M1,35.37258347774927,34.377839300164496,30.249577222086245
M4,24.331450744033752,20.558883560991156,55.109665694975085
M5,50.16020571839872,31.0195522510661,18.82024203053518
M6,28.44985983489696,40.26709565668807,31.283044508414974
M8,12.005789430602345,7.792504116504794,80.20170645289286
M1,36.36420851792347,34.62992869602582,29.005862786050706
M4,25.500431574434177,21.436803181617538,53.06276524394829
M5,52.49303902740633,29.89836000056003,17.60860097203364
M6,29.66266788806574,41.05852838000209,29.27880373193217
M7,45.28770830903092,53.928923524314875,0.7833681666542063
M1,36.259462426903916,32.61462314842063,31.125914424675457
M3,12.962993257085424,68.36082790866779,18.676178834246784
M8,11.50938644404574,6.608538460701235,81.88207509525301
M9,89.64231157438822,5.649061336806178,4.708627088805605
M10,14.518833560182381,77.59394484148835,7.887221598329262
M1,35.427805477893514,34.32701154678616,30.245182975320326
M3,14.509957575111954,67.7190497428399,17.770992682048146
M7,48.340218936242294,50.500225098354576,1.159555965403129
M9,89.57930127467536,4.420916597335655,5.999782127988986
M10,8.819885729613944,83.25399202713533,7.926122243250731
M1,37.6219831854406,32.40099845805912,29.97701835650028
M3,13.315184070283358,68.15041304820903,18.534402881507617
M7,48.05467118969443,51.67113509440471,0.27419371590085717
M8,11.914796541172779,6.077269896894614,82.0079335619326
M10,8.37168187431985,83.3995690986593,8.228749027020854
M1,34.61989907222591,34.270174404195636,31.10992652357846
M3,12.22792054411048,68.4292232847019,19.34285617118762
M7,49.95149134000048,49.986766713662874,0.06174194633664598
M8,10.687113519619588,6.613882021773935,82.69900445860648
M9,89.51197712045365,6.4388019398409035,4.049220939705446
M1,38.09119762323962,33.986709212076235,27.922093164684142
M3,11.013087919267218,70.8227553166253,18.164156764107474
M6,28.396838592381425,41.24766248120776,30.35549892641081
M9,89.65559544489611,6.214378154377343,4.13002640072655
M10,9.153512343415676,83.42114942928575,7.425338227298582
M1,35.991739329769544,34.329794865101256,29.6784658051292
M3,11.941990579762129,70.89866830103645,17.159341119201414
M6,29.543494304920923,40.568915051875294,29.88759064320378
M8,13.273828673695968,5.899165734881608,80.82700559142242
M10,7.705600798572835,83.67491142586059,8.619487775566583
M1,36.65015764387287,34.268634063218435,29.08120829290869
M3,10.385874054605113,71.28924508393172,18.32488086146317
M6,28.580173220234787,41.1633910503901,30.256435729375113
M8,14.758111975908776,8.10538190939479,77.13650611469643
M9,88.55466330227978,6.760394654714109,4.684942043006113
M1,37.894625867867575,34.283125883292165,27.82224824884026
M3,12.96259857170133,70.75888134795278,16.278520080345885
M6,28.45077586622593,40.58424889016109,30.964975243612983
M7,48.65495050890483,51.290921865504515,0.05412762559065243
M10,6.866496555769102,85.68084229179955,7.452661152431347
M1,36.15964687619084,33.099569934671585,30.740783189137574
M3,11.367344225530102,70.23214229169405,18.40051348277585
M6,27.496319838251537,41.809953755192495,30.693726406555967
M7,47.102755154453604,50.248968369984745,2.6482764755616515
M9,87.80130976642026,5.986085960678655,6.212604272901085
M1,36.53015282544158,33.92797997056487,29.541867203993547
M3,11.829064131680722,70.54454271933713,17.626393148982146
M6,30.12171954469761,40.15674934055367,29.72153111474872
M7,48.75252431901159,50.9559222411893,0.2915534397991095
M8,13.579600144753119,6.3834784717404105,80.03692138350647
M1,35.92761238471287,34.28288986284598,29.78949775244115
M3,11.959312533173415,70.80290011125241,17.23778735557417
M5,52.66464581701657,29.23280326868181,18.10255091430162
M9,89.04937853799561,6.743569700911207,4.207051761093185
M10,6.123091664147082,86.4986076982169,7.378300637636016
M1,35.18779844798378,33.8266179807203,30.98558357129592
M3,12.297925063317656,69.72731514420809,17.97475979247426
M5,51.25974904877253,30.37527730302347,18.364973648204003
M8,10.16547567550417,7.512432472919983,82.32209185157585
M10,6.958239619463821,84.42306235984285,8.61869802069333
M1,37.15100736641789,32.91727911569699,29.931713517885115
M3,12.816691394599506,69.12891802195219,18.05439058344831
M5,51.939419881703486,29.802136905946565,18.25844321234995
M8,8.61870209361415,10.083825523143387,81.29747238324246
M9,88.82272380896238,6.629193881804811,4.548082309232809
M1,35.62800125193322,34.36659135628587,30.0054073917809
M3,12.587308753603109,70.29970326464345,17.112987981753434
M5,51.477441690951885,30.73472102397178,17.787837285076336
M7,44.70222067874931,54.740647605484604,0.5571317157660829
M10,6.445302357369722,84.78740757537066,8.767290067259609
M1,36.74668404643847,34.0388216663648,29.214494287196736
M3,13.008749915639045,69.24420303319738,17.747047051163577
M5,52.50031315748877,30.02068588333108,17.47900095918015
M7,47.81699397149403,51.763369810398395,0.419636218107577
M9,88.86752500593794,6.467932268379931,4.664542725682134
M1,36.075041492386845,34.26034312066185,29.664615386951304
M3,11.556144467931357,70.37808050107233,18.065775030996306
M5,53.254498007925534,29.31857514682469,17.426926845249778
M7,44.52502237001691,54.671343053481344,0.803634576501743
M8,13.91934111845093,8.091590869576814,77.98906801197225
M1,36.65766357246102,37.06917554369392,26.27316088384506
M3,9.481178908472508,74.50695247076644,16.01186862076105
M5,51.60702610155517,32.91701094616576,15.475962952279069
M6,24.41869615210248,44.23153634997182,31.349767497925697
M10,6.5702527305245875,86.266641975257,7.163105294218411
M1,38.50914726973561,34.64781523788065,26.843037492383743
M3,10.394747744620682,72.70264856794212,16.902603687437193
M5,52.82893112939613,31.004842784257406,16.166226086346462
M6,30.75073334505165,42.04083630122116,27.20843035372718
M9,90.31500349333592,6.404689870852686,3.2803066358113915
M1,38.56176521984887,33.55698897519676,27.881245804954368
M3,9.936691802540636,72.34976921225355,17.713538985205815
M5,52.19444413491643,30.42789670917773,17.37765915590584
M6,29.97916895349711,41.29872267712191,28.722108369380983
M8,14.61114121796377,6.138716286649084,79.25014249538715
M1,36.723706626805786,37.032192362024865,26.24410101116935
M3,10.38871544230125,72.7597622060683,16.85152235163045
M5,51.616386996443296,32.904985647997506,15.478627355559198
M6,23.443698783652362,42.29410222041875,34.262198995928884
M7,45.825655356537176,53.72012675750819,0.45421788595463397
M1,35.715377977725616,34.42078720477535,29.86383481749904
M3,12.573327433084323,70.52631533717594,16.900357229739726
M4,23.714836677483376,21.571774269881026,54.7133890526356
M9,88.51267013646691,7.1457823932720546,4.341547470261037
M10,6.837914187631355,85.09608473869353,8.06600107367511
M1,34.60570196982254,34.34230546568403,31.051992564493425
M3,12.302028671159636,69.23805749535836,18.459913833482005
M4,23.014094290254036,20.95341835770827,56.03248735203769
M8,11.901882405363793,7.204077463051913,80.89404013158429
M10,6.439186930283564,84.55056766139033,9.0102454083261
M1,35.6288364367052,33.75213697657079,30.61902658672401
M3,11.582253949316762,69.72185823896301,18.695887811720226
M4,23.70735074551296,20.10589244315145,56.186756811335584
M8,8.82999228983873,7.282124548531409,83.88788316162986
M9,88.2120785573149,6.689056572683594,5.09886487000151
M1,33.45989303032939,35.896591029814445,30.643515939856158
M3,12.385689655182764,70.10412108696929,17.510189257847955
M4,23.39494559449219,21.73165833888284,54.87339606662498
M7,46.48827365461471,53.511726345384396,8.952838470577262e-13
M10,7.16379147106594,84.5492230913495,8.286985437584562
M1,36.15771252783187,34.14859570813105,29.693691764037084
M3,11.667624321993411,70.52170186560731,17.810673812399273
M4,24.795634542149156,20.59291475860108,54.61145069924976
M7,46.76877029612595,53.15786731748929,0.07336238638475834
M9,89.07316948118753,6.691924538047648,4.234905980764817
M1,33.56369868397111,35.50523779909725,30.931063516931637
M3,12.255842633442183,69.78006400595599,17.964093360601822
M4,23.300286754605203,21.26907695906953,55.430636286325274
M7,45.417184798161394,54.216962341471095,0.36585286036751086
M8,10.268043495459372,9.926046670506013,79.80590983403462
M1,35.733463194344985,35.66283392915605,28.60370287649897
M3,11.438640561565311,72.0410413153333,16.52031812310139
M4,25.199391593273806,21.85746584737512,52.943142559351074
M6,27.04126781821477,41.46492471468375,31.493807467101476
M10,7.978043066274222,84.39423289303107,7.627724040694702
M1,36.85201399705302,34.5679234530896,28.58006254985738
M3,11.34849061486185,71.42584315772086,17.225666227417292
M4,24.802478493450227,22.08675590346239,53.11076560308739
M6,27.742991157599075,40.41484774389992,31.842161098501002
M9,84.63941422804396,9.94133304153595,5.419252730420089
M1,34.63652129305813,35.05081724380366,30.312661463138205
M3,11.749873134311583,70.43366461989265,17.816462245795762
M4,21.502003777480883,22.2194022776445,56.278593944874615
M6,27.44758914324453,41.167722378164314,31.38468847859116
M8,13.908313580934943,5.2887343470392185,80.80295207202583
M1,36.446305668705925,35.82006223933725,27.733632091956828
M3,10.153381641057885,71.68589233412371,18.160726024818402
M4,25.062038855954455,21.89338861875239,53.044572525293155
M6,27.14051177442529,41.54006267944464,31.31942554613007
M7,46.47245342211818,53.00888426219699,0.5186623156848285
M1,33.68762279346317,35.899691961966106,30.41268524457073
M3,12.364559962052539,70.42694176134883,17.208498276598633
M4,23.597275600963705,21.998276877693012,54.40444752134327
M5,46.97306608569672,36.65476823844755,16.372165675855726
M10,6.710521993038803,85.3211025139336,7.968375493027594
M1,35.6677354193996,34.60326226062105,29.729002319979344
M3,14.744582639883928,68.71977879290411,16.53563856721196
M4,23.492906566827457,21.880623480871968,54.626469952300575
M5,49.59750846676591,32.78892003321915,17.61357150001494
M9,85.93152261225487,9.374480494807338,4.693996892937795
M1,34.904831008733346,34.39830946140585,30.69685952986081
M3,11.519543134876171,70.42704260732137,18.05341425780246
M4,23.472485256228687,20.50869882042566,56.018815923345656
M5,51.33896172512222,30.274752810243374,18.38628546463441
M8,13.435563900464617,7.7890663656787895,78.77536973385659
M1,34.45351468172239,35.95755352648631,29.588931791791296
M3,11.284081440107258,71.9853236356115,16.73059492428125
M4,23.708666175775406,21.67444611207784,54.61688771214675
M5,50.53701748843063,31.02566279679988,18.43731971476949
M7,43.904674049096485,55.768863027859545,0.3264629230439695
M1,38.01563648283043,37.35793501860142,24.626428498568153
M3,12.708966868248314,73.22215884608967,14.06887428566202
M4,26.575148843510156,24.920537694731955,48.50431346175788
M5,51.314351347255446,33.82095385128089,14.864694801463664
M6,27.297195157223406,46.879479149684066,25.823325693092535
M1,37.95877839025293,33.69074717266647,28.3504744370806
M2,68.75832850051545,17.00484955701842,14.236821942466133
M8,10.303746689725418,6.637933864871039,83.05831944540354
M9,88.40212549343,6.736026565831175,4.861847940738819
M10,10.10927683339113,81.45384180399832,8.43688136261055
M1,35.61541524448132,34.28080111846898,30.10378363704971
M2,70.27156683297959,16.503514917723297,13.224918249297115
M7,49.096233576429256,50.285653881224746,0.6181125423459974
M9,88.13368447823088,5.023772553075265,6.842542968693859
M10,8.520754306965454,83.19573718217502,8.28350851085952
M1,38.71773669612385,32.09698205063918,29.185281253236973
M2,68.19737866191488,16.44111673197661,15.361504606108507
M7,47.92357281709595,51.786339084346665,0.2900880985573835
M8,10.368993500453705,6.2095367126311345,83.42146978691515
M10,8.269718208576581,83.44896491600097,8.281316875422448
M1,34.504158502881374,34.30407208513596,31.191769411982662
M2,69.52195152401285,16.88764716196974,13.590401314017413
M7,50.080120423555265,49.836953127060696,0.08292644938403981
M8,10.364023835823227,7.029398414874742,82.60657774930202
M9,88.84802946166697,6.886810266858294,4.265160271474738
M1,36.78969372801376,34.91392626962182,28.296380002364423
M2,71.91859960216058,16.122912570786752,11.958487827052664
M6,27.05823683033043,40.3403914886715,32.60137168099807
M9,89.3312685144219,6.151480715243765,4.517250770334342
M10,7.072030235931571,84.89625454585546,8.031715218212966
M1,34.399678097574906,35.10120815202253,30.499113750402564
M2,68.92819224045284,16.87783285553964,14.193974904007515
M6,28.640643334481677,40.18305464662569,31.176302018892628
M8,13.123669700927291,5.5878211250446475,81.28850917402806
M10,7.234711482655407,84.37582763494804,8.389460882396548
M1,36.322794038254884,34.560636879118036,29.11656908262708
M2,70.37942962449573,15.678678311521974,13.941892063982298
M6,27.913383585096856,39.985534315414945,32.1010820994882
M8,10.850179694975305,8.102193767717978,81.04762653730671
M9,89.48385288107154,6.090313618523919,4.425833500404539
M1,37.4747917251718,33.228802850717614,29.29640542411059
M2,73.7520153941339,14.385485084426762,11.862499521439332
M6,28.713634061980915,39.454984012556345,31.831381925462743
M7,49.42610176599873,49.599631076654475,0.9742671573467945
M10,5.996268369372878,85.36674470154665,8.636986929080479
M1,38.26023741157869,33.529862934209014,28.209899654212293
M2,71.13053239346893,17.532119710844793,11.337347895686282
M6,34.59280645748439,36.20546287153859,29.20173067097702
M7,50.454527265584275,47.30988843470897,2.2355842997067583
M9,90.11609444779086,6.1876863100202195,3.6962192421889233
M1,36.21106521476567,34.38760547507452,29.40132931015981
M2,69.85966954358211,16.83224315862344,13.308087297794444
M6,28.373466501379276,41.19155048420012,30.434983014420595
M7,48.54793694390451,51.19998751064254,0.2520755454529464
M8,13.01696319690974,6.114062154391831,80.86897464869843
M1,36.33633289294142,33.470587519535044,30.193079587523535
M2,70.95119519606088,16.6618450455866,12.386959758352521
M5,52.14663668925343,29.68523958348654,18.168123727260035
M9,89.04058765267013,7.073751276437391,3.885661070892483
M10,8.584463643544408,83.4570037350692,7.9585326213863965
M1,34.226199110785494,34.922770329361484,30.851030559853015
M2,68.53175892495504,16.898561573140466,14.569679501904492
M5,50.686319542128906,30.26631587174374,19.047364586127355
M8,9.115695936233106,6.564954551408525,84.31934951235837
M10,7.282906858020738,84.01360946711819,8.703483674861076
M1,34.33472504705788,34.48199288817672,31.183282064765407
M2,69.31099992924692,15.831702159377283,14.857297911375799
M5,52.05355783685868,29.549820600090722,18.396621563050598
M8,10.083179178900187,7.40316694758428,82.51365387351554
M9,88.46718505253338,7.252024985788263,4.280789961678356
M1,34.628602558249774,34.82014174341059,30.55125569833963
M2,69.50397833510591,17.04313533331736,13.452886331576728
M5,52.556424267012574,29.203083366050752,18.240492366936675
M7,47.43110390344258,52.272030492908215,0.2968656036492021
M10,6.672039373092511,85.31121983294912,8.016740793958363
M1,35.72264331325442,34.25198873186362,30.025367954881958
M2,70.63471466551118,16.32203806923273,13.043247265256088
M5,53.29772220248536,29.11028450752647,17.59199328998817
M7,49.60229301672336,50.10767374406889,0.2900332392077516
M9,85.79538481623845,9.349835730015219,4.854779453746328
M1,34.24811074894812,35.155135809454414,30.596753441597464
M2,68.98449410754817,16.991759363630788,14.02374652882104
M5,51.661404768403465,29.79645430494472,18.542140926651815
M7,46.6700389428066,53.00162388657668,0.3283371706167202
M8,10.288192292399296,7.495920983203708,82.215886724397
M1,36.85767144259519,33.74378462605972,29.39854393134509
M2,70.32668580098773,17.08280508836511,12.590509110647158
M5,53.78930316674187,30.201791130749882,16.00890570250825
M6,25.14158347539573,43.12088296871137,31.737533555892895
M10,8.411908263598958,84.29733948690428,7.290752249496762
M1,37.03475960132168,33.03792582249556,29.92731457618276
M2,72.30691923685447,13.869258933890844,13.823821829254687
M5,55.270363977224925,28.146419861315508,16.583216161459568
M6,27.382356328318224,38.99832399170327,33.6193196799785
M9,90.13934565249345,6.0223885977305365,3.838265749776017
M1,36.74746337756308,34.207002812339454,29.045533810097467
M2,71.54946971624013,15.061370175308186,13.389160108451689
M5,52.77047265995458,29.51529169891023,17.714235641135193
M6,29.564638934442808,40.236813628286995,30.198547437270193
M8,13.177812954892211,5.4993176206213255,81.32286942448647
M1,37.24189374261477,33.9192637100528,28.838842547332426
M2,75.70350838357487,14.285883596826208,10.010608019598921
M5,54.826630721890446,28.732438915406565,16.44093036270299
M6,32.288057623972634,39.8607555570978,27.85118681892957
M7,48.18343325400676,50.49366504013573,1.322901705857511
M1,34.24616478253936,35.16412108643596,30.589714131024685
M2,69.19651352187876,17.075168268739226,13.728318209382017
M4,22.031526575964566,21.501569417863937,56.466904006171504
M9,87.75024773745321,6.836294319065288,5.413457943481505
M10,6.679668959780972,84.90067492076173,8.4196561194573
M1,34.44091159640583,34.460993049200894,31.098095354393266
M2,69.2997331061136,15.742925742314759,14.957341151571635
M4,23.22463342363998,20.900948980180164,55.87441759617987
M8,10.194222347957329,6.162308719448881,83.64346893259379
M10,6.441203030265006,84.57138803062871,8.987408939106288
M1,34.11572246727048,34.90645898871934,30.977818544010184
M2,68.43951270067782,16.846213207036367,14.714274092285809
M4,22.804112306730023,20.904264452101476,56.29162324116851
M8,8.701989099880459,7.423728487024701,83.87428241309483
M9,84.99174950935756,9.999857913490592,5.008392577151847
M1,36.192263363211744,34.01172327980328,29.79601335698498
M2,70.01693807262598,15.418916496139328,14.564145431234696
M4,23.012466154240492,20.444717539491254,56.542816306268264
M7,46.65326876815561,52.54468188997425,0.8020493418701378
M10,5.971931992224442,85.55372466516536,8.474343342610197
M1,34.9932797241625,34.941545543289834,30.06517473254766
M2,71.8325696686345,16.335618884347767,11.831811447017728
M4,24.514616546403044,21.112370264218715,54.37301318937824
M7,47.067947779555375,52.471640115744094,0.46041210470053073
M9,86.82622154121613,8.161170811272934,5.012607647510938
M1,36.81097994307455,34.09854092921876,29.090479127706693
M2,69.79609522537385,15.470257435752165,14.733647338873988
M4,23.904779794198625,20.501325296589457,55.593894909211926
M7,47.01839690451573,52.790642283088516,0.19096081239575113
M8,11.781267894013526,7.749810333146051,80.46892177284042
M1,36.163056961133634,34.081410398112396,29.75553264075397
M2,68.93596961084862,17.65488843103305,13.409141958118333
M4,24.12777920649543,21.36035956841417,54.5118612250904
M6,28.317036534080966,40.601236815912365,31.081726650006665
M10,6.012622214720738,85.67885294162716,8.308524843652108
M1,36.34942654561811,34.290571450231354,29.360002004150537
M2,70.84114886284054,15.170877116245823,13.987974020913637
M4,24.330662607745396,21.496812638019946,54.17252475423466
M6,29.036725552888587,40.238729299420584,30.724545147690833
M9,85.28519389231859,10.00816079775653,4.706645309924882
M1,35.13114739830186,34.355840348057725,30.51301225364041
M2,69.94597553952391,15.436466115203125,14.617558345272961
M4,24.241510376706792,20.55597747698662,55.20251214630658
M6,28.336556755028756,40.314807220841416,31.34863602412983
M8,13.721246707825582,5.267260004870369,81.01149328730405
M1,36.799294516498456,34.10195806508486,29.098747418416686
M2,70.44681352783175,15.382346910937947,14.170839561230302
M4,24.27610473526126,21.485502314396296,54.238392950342444
M6,28.573077969911633,40.752223383832636,30.674698646255727
M7,46.32470138239492,53.67529861760507,7.105427357601002e-15
M1,35.475063773216675,34.685789811794194,29.83914641498913
M2,70.69090690833804,15.959173273394908,13.349919818267056
M4,23.349171809028327,21.648772575691243,55.00205561528044
M5,49.47649667974739,31.670998154018825,18.852505166233783
M10,8.405713285015361,83.66420749031066,7.930079224673975
M1,35.56462476229305,34.391004772888955,30.044370464817995
M2,70.12693361063685,15.383657444360368,14.489408945002777
M4,24.002778552826477,20.646399785645016,55.350821661528514
M5,51.872985563194895,30.008873550754902,18.118140886050202
M9,85.6996885160065,9.035267561641247,5.26504392235225
M1,34.77392393113076,34.52880163436309,30.697274434506156
M2,70.32824457461923,14.957891213725917,14.71386421165485
M4,22.60327788281576,21.32640194643637,56.07032017074787
M5,50.49213214514367,30.52463738051074,18.98323047434559
M8,9.200623119881117,10.416480987240929,80.38289589287795
M1,34.13907302062512,35.698226454493316,30.162700524881565
M2,69.59644477871657,15.83460742859146,14.568947792691967
M4,23.465915262586837,21.76010723506777,54.773977502345396
M5,49.44348850825245,31.7266792250123,18.82983226673525
M7,44.975868111862454,54.94466264093065,0.07946924720689452
M1,34.33817361677973,37.587781398493895,28.074044984726378
M2,71.41625103681938,16.735007229866053,11.848741733314572
M4,25.643228587804007,23.213081128971403,51.14369028322459
M5,50.179656365391565,32.956403909214046,16.86393972539439
M6,23.45783859258726,44.141117859465794,32.40104354794694
M1,36.92222352024407,33.64596484425402,29.431811635501916
M2,71.91291001539537,15.853199145074285,12.233890839530346
M3,13.06341575594479,70.68934664732845,16.247237596726762
M9,87.65329566943295,4.091682454189228,8.255021876377821
M10,7.0332254485281105,85.14910401037488,7.8176705410970015
M1,36.88073571929778,32.44373158958276,30.675532691119457
M2,68.89114441811262,16.974547491688263,14.13430809019912
M3,12.633466201483326,69.40517789489493,17.961355903621737
M8,9.35345639499278,6.835162852921056,83.81138075208617
M10,7.313820373516088,84.16506445805555,8.521115168428352
M1,37.55661649018202,32.49871836703448,29.9446651427835
M2,71.867187492778,14.601603186958394,13.531209320263605
M3,13.901252989450164,68.21235768505684,17.886389325492985
M8,10.389022688762083,6.3916014363236675,83.21937587491425
M9,86.71276909986146,8.528749071550287,4.758481828588252
M1,36.0256439627611,34.32009094674111,29.654265090497788
M2,69.90930442408744,17.132578537418397,12.958117038494166
M3,12.15530558687455,70.87295065853668,16.971743754588772
M7,47.913305587360725,52.01472829463742,0.07196611800185337
M10,7.9359721236528085,84.03498381200514,8.02904406434206
M1,35.22603587290821,34.6766553609055,30.097308766186288
M2,71.1696070427466,16.244021584895258,12.586371372358137
M3,14.19684688292449,68.26353680979821,17.5396163072773
M7,48.9882522923178,50.82419334330269,0.18755436437950834
M9,87.33723728218163,7.836397715033805,4.826365002784562
M1,36.1240941234054,34.17080650561808,29.70509937097652
M2,70.43047679516006,15.236894282251445,14.332628922588494
M3,12.68428411788563,69.50203970380414,17.81367617831023
M7,46.19910991417111,53.39523977530021,0.40565031052867795
M8,10.053484381196428,7.332850123240389,82.61366549556318
M1,39.64010712502816,34.376533073264206,25.983359801707635
M2,69.70885188791067,17.25663545130361,13.034512660785722
M3,13.1749234675615,71.5055558484662,15.3195206839723
M6,30.617870532063932,42.23719987601227,27.1449295919238
M10,7.353727378803885,85.50512215089773,7.141150470298385
M1,37.3405044811511,33.732512064747695,28.926983454101205
M2,71.06686238964528,15.875257675673152,13.057879934681567
M3,11.350590327405694,70.75998887083344,17.889420801760863
M6,25.158513217821156,41.011192578033636,33.83029420414521
M9,87.21828996650397,6.751180558795532,6.030529474700494
M1,36.50108851757538,34.33825599799292,29.1606554844317
M2,72.31231079352584,14.454985549712585,13.232703656761576
M3,12.036644731422385,71.03444305051787,16.92891221805975
M6,28.040383092886096,40.37367455508715,31.585942352026763
M8,10.712245465314458,8.455177995360046,80.8325765393255
M1,38.377430520191425,34.722428768014964,26.90014071179361
M2,73.70094936939238,14.236314966131525,12.062735664476099
M3,10.983126812298705,71.54257639147295,17.474296796228344
M6,24.36448381865284,42.07317879438995,33.5623373869572
M7,46.18017410869943,52.301311922792515,1.5185139685080529
M1,35.30962311978204,35.371093668170964,29.319283212047004
M2,70.52026460835769,15.723900360192065,13.755835031450243
M3,12.182354828191583,70.88372376053934,16.933921411269083
M5,49.941659681524094,31.55646400387044,18.501876314605468
M10,7.863175022411576,84.2117767901498,7.92504818743862
M1,35.22288652496806,35.10556990408031,29.671543570951627
M2,70.74622904176627,15.332264869588245,13.921506088645485
M3,12.366830878191294,70.29376431634464,17.33940480546407
M5,50.85839945626951,30.953032502363083,18.188568041367407
M9,88.21311817145462,7.750905259071617,4.035976569473759
M1,35.43048871055654,34.564760788804584,30.00475050063887
M2,70.03585559594039,15.438116935299474,14.526027468760136
M3,11.271625891192697,70.61121315138838,18.117160957418918
M5,52.512863498115294,29.750676037390576,17.73646046449413
M8,9.131523694644558,7.577172560233553,83.2913037451219
M1,33.98736131241978,36.13295269477471,29.879685992805513
M2,71.53484270887755,14.828337437195175,13.636819853927276
M3,12.051347699524312,70.83773605462216,17.11091624585353
M5,49.780145991519156,31.541318655878506,18.67853535260234
M7,45.06465249160932,54.52050517406118,0.41484233432949935
M1,37.71938966253795,36.64460533559952,25.63600500186253
M2,68.80729290954918,18.203075783317708,12.989631307133116
M3,9.1250439506396,75.2618651059079,15.613090943452505
M5,51.1557635492491,33.26193299493066,15.582303455820238
M6,27.379802821332472,45.30855823614843,27.311638942519096
M1,35.55817767663041,34.732689838791,29.70913248457859
M2,70.63763129511062,16.578607100188506,12.78376160470087
M3,14.328600908504582,69.98205227276866,15.689346818726762
M4,23.499983681984663,21.752370441433797,54.747645876581544
M10,6.531895849573223,85.6299317337713,7.838172416655482
M1,33.498669941870915,35.87835140170566,30.622978656423427
M2,70.34018052893444,15.47384524290393,14.18597422816163
M3,12.36158642825797,70.15879144298803,17.479622128754002
M4,23.989356616456732,21.639382578489606,54.371260805053666
M9,86.1819507965499,9.445912529940262,4.372136673509839
M1,34.99696095800526,35.16190383198763,29.84113521000711
M2,70.71097665005985,14.997940174308969,14.291083175631183
M3,11.961326343811326,70.0201925447367,18.018481111451976
M4,23.005647135729795,21.391538777672967,55.60281408659725
M8,8.906851472501645,7.393511549199475,83.69963697829888
M1,34.778992716605295,35.159349756842,30.0616575265527
M2,69.81809778746857,15.913985129197814,14.267917083333613
M3,11.210785327036923,71.32648919819623,17.462725474766856
M4,24.3638183691968,21.190454886690237,54.445726744112974
M7,46.44494232847852,53.555057671521375,1.0658141036401503e-13
M1,36.502995428898615,35.934633843361844,27.56237072773954
M2,71.66799221256112,16.06907414249117,12.262933644947712
M3,12.571807757191666,71.49694074886554,15.931251493942796
M4,24.759925376113024,23.051964208580433,52.188110415306554
M6,24.737974281092942,43.488540759144364,31.77348495976269
M1,34.5557236118049,35.93726550831292,29.507010879882188
M2,69.56704980959029,16.387182519847382,14.04576767056233
M3,11.731151884109831,71.15598795401942,17.112860161870742
M4,23.440472188229034,22.26163477822714,54.29789303354382
M5,49.546855307864554,32.02720692603888,18.425937766096567
