3.050851156948026222e-01
1.974060233758198335e-01
3.236964574680624707e-01
2.542677723221660746e-01
2.953199661226949546e-01
2.345189801668446372e-01
1.956079638043152213e-01
3.223206496980077773e-01
2.539962977502371877e-01
2.927845601632654837e-01
3.268193346088195117e-01
2.829564616022096080e-01
3.924202140412077489e-01
3.333885126788072584e-01
3.822712064669178123e-01
2.210964638835038465e-01
1.624984829497098382e-01
2.834997444979251990e-01
2.376475321309508559e-01
2.792001757462431177e-01
5.256932503591452699e-01
4.597936237318066555e-01
5.550197338286421145e-01
5.009535500244154393e-01
5.556178542574984336e-01
4.982968134592424270e-01
4.587219548168101624e-01
5.507595689368885994e-01
4.985522976784362847e-01
5.522650515458165099e-01
5.819348743941882285e-01
5.407802285597587133e-01
6.215706869608573770e-01
5.683686532344351949e-01
6.284627285447708100e-01
4.833976358427168885e-01
4.376655587744227027e-01
5.291380511806594855e-01
4.836207979939051715e-01
5.326380485860576774e-01
4.076157092797683679e-01
3.624301252206851287e-01
4.367394949373545332e-01
4.013723191069158980e-01
4.375267107162994495e-01
4.287028717136942002e-01
3.638896130161149989e-01
4.474636262177059676e-01
4.038444000398267453e-01
4.472651283826782342e-01
4.803466097991173633e-01
4.340261021072450709e-01
5.077247608581964000e-01
4.704039886826286709e-01
5.125764760530935327e-01
3.913545862224568350e-01
3.394632689016173765e-01
4.251443094826885538e-01
3.794331624372355716e-01
4.152834199739484089e-01
3.941134815464947261e-01
3.497782237829029084e-01
4.262839064608606177e-01
3.860608061937296220e-01
4.297000443427709815e-01
4.212125637750384066e-01
3.545181446585599638e-01
4.418292179469722747e-01
3.940092886164207608e-01
4.404472947267711325e-01
4.751335181284359610e-01
4.392028041940734262e-01
5.115063760333996568e-01
4.680528016966712390e-01
5.102411233758602505e-01
3.764878201721957307e-01
3.235628377443026116e-01
4.113218923386223191e-01
3.657992341885262788e-01
4.072199601649867384e-01
3.838085478641817261e-01
3.375918817539829142e-01
4.174257320996168086e-01
3.814743371907951541e-01
4.234928897280213489e-01
4.121904242123145545e-01
3.406540175025943862e-01
4.308360825962135876e-01
3.839645727019315724e-01
4.307408676419005600e-01
4.648548025776043646e-01
4.248012457098934713e-01
5.008928926357778533e-01
4.605681645976582583e-01
5.022027348381351564e-01
3.707292742555020060e-01
3.153944346566330270e-01
4.131035027673262694e-01
3.629891432321435407e-01
4.046358436681968263e-01
2.746474556329445704e-01
2.054570177690287491e-01
3.197145821445702141e-01
2.553984053202341120e-01
2.969041095378198158e-01
2.726143829636116789e-01
2.114075768150353307e-01
3.494448249167109721e-01
2.574009413619077757e-01
3.121603655390742249e-01
3.611771560586736762e-01
3.046350783434193521e-01
4.078466193586175459e-01
3.425340583715729137e-01
3.966574164690383486e-01
2.481913374120739979e-01
2.009631814072550537e-01
3.158800327409255204e-01
2.389468783840836275e-01
3.278252554056980128e-01
5.538926664870106320e-01
4.778177609010250126e-01
5.661876898824605986e-01
5.123809855145299297e-01
5.637185731820080203e-01
5.291649556409361299e-01
4.789102029760733958e-01
5.566673942710841372e-01
5.115828580494033995e-01
5.657068361779126198e-01
6.279198758267658942e-01
5.733252216301063520e-01
6.534642179537913931e-01
6.002555594604774836e-01
6.569828203710637027e-01
5.098304174152503698e-01
4.548396408606128483e-01
5.443125500559945484e-01
4.791076517821273306e-01
5.372659328990733174e-01
4.923227042628065542e-01
4.230636949353076548e-01
5.294382563002216768e-01
4.725439399386397454e-01
5.206286305278893245e-01
4.760445645030684236e-01
4.276643805431759038e-01
5.204430418667449487e-01
4.573987210724472785e-01
5.076586086694193645e-01
5.481370360620522186e-01
5.087297010450452239e-01
5.677458636974930251e-01
5.272896297055922332e-01
5.706556666725730587e-01
4.589155203371598768e-01
4.006319897085051096e-01
5.044474327126501345e-01
4.450796622780906486e-01
4.859662367798684990e-01
4.702838988465877779e-01
4.106921576216202574e-01
5.005973437194091158e-01
4.424628311429584793e-01
4.900336369737417486e-01
4.755457327843086723e-01
4.248962909663723808e-01
5.288069183496807435e-01
4.526388935271496994e-01
5.065853357772791554e-01
5.511709360765983945e-01
5.125051126275701474e-01
5.669654115345453826e-01
5.175768247379211040e-01
5.575718506941791386e-01
4.455941654255778928e-01
3.977996461347201862e-01
4.962022838440700578e-01
4.361422750025173989e-01
4.875894319886504569e-01
4.668993693433795555e-01
3.992371317652437801e-01
5.026327568370335674e-01
4.368944911769486183e-01
4.838361855499322961e-01
4.533284328525139517e-01
4.189995973722852041e-01
5.076148786759792086e-01
4.437277070465216466e-01
5.009517288114804234e-01
5.349381808177753328e-01
4.924037662370881474e-01
5.539391311017106689e-01
5.121430475193845533e-01
5.636833549184145919e-01
4.415570468728073905e-01
4.000621846790691216e-01
4.910795394987436668e-01
4.364732760398708500e-01
4.685326222924856010e-01
4.298550449820133790e-01
3.548246016350892762e-01
4.623328386088038089e-01
4.003353951468719418e-01
4.404068228919523209e-01
4.380033885652004910e-01
3.755093913172036779e-01
4.800092032478282533e-01
4.135735660530525659e-01
4.624122647468774105e-01
4.855837232862727504e-01
4.220694986967118423e-01
5.223043185267003397e-01
4.592412898647070252e-01
5.065682534505160373e-01
4.060754255017308134e-01
3.409040759259198694e-01
4.461890280650850360e-01
3.846753080164009297e-01
4.226997732377151817e-01
5.972159961185908861e-01
4.826769573407986291e-01
6.130992151764109721e-01
5.430678599395813988e-01
5.566819861652173573e-01
5.456054061889461515e-01
4.933910133758755423e-01
6.073393480324886795e-01
5.235842895666312780e-01
6.000339738763594832e-01
6.751375281439653264e-01
5.809608943624841038e-01
6.882969758662299542e-01
6.013043011192178433e-01
6.932343586831278825e-01
5.305969274929442925e-01
4.962783212539275679e-01
5.911858174882704819e-01
4.778082827365147667e-01
5.695047474782267694e-01
5.338446785538641937e-01
4.801214723250777916e-01
5.692039153333211532e-01
5.120249230778476379e-01
5.465618918636845347e-01
5.026394068431161433e-01
4.805500759121324461e-01
5.730916100003519142e-01
4.982208111583203425e-01
5.489533757025313321e-01
6.160969291717224294e-01
5.789347559992161774e-01
6.540892420108609384e-01
5.983268764686571206e-01
6.445818992965643979e-01
5.077442773240267160e-01
4.601794823026496006e-01
5.245830623156003680e-01
4.957686815587949436e-01
5.362398068975985366e-01
5.229822889770129324e-01
4.660766869837295601e-01
5.686418588339057223e-01
5.052532031857289718e-01
5.379227107082985571e-01
5.148876364465813094e-01
4.668982790641340030e-01
5.450309347204602695e-01
5.083210371834544494e-01
5.459474033130373716e-01
6.196401444941910253e-01
5.848279201081696410e-01
6.662355616813855352e-01
6.061122362201966096e-01
6.452267262702002792e-01
4.850910525365803028e-01
4.548126348756169057e-01
5.489481593407132820e-01
4.868299186966733028e-01
5.195776930563872353e-01
5.014387749497551949e-01
4.553703178687341091e-01
5.475782613378422647e-01
4.857746099094923387e-01
5.255752108869657935e-01
4.915375704009059543e-01
4.625030077567592324e-01
5.572263314261866052e-01
4.907192308026960270e-01
5.429956671517327527e-01
6.107736821014089212e-01
5.650932631165190845e-01
6.493524093551781284e-01
5.935307905571525211e-01
6.373864616583370113e-01
4.845704632552451652e-01
4.203464517985699977e-01
5.342223222398121418e-01
4.628634592476159604e-01
5.130607133870296321e-01
2.944682883317430444e-01
2.204314098021858959e-01
3.185694508360967792e-01
2.652723523738144129e-01
3.055467187989952538e-01
3.222838696558516514e-01
2.180003811596699370e-01
3.430350244675097748e-01
2.808319566117758459e-01
3.288207140818179552e-01
3.708868225826160714e-01
3.027029072218194727e-01
4.071946794113776025e-01
3.391658405650547214e-01
3.985872549243841823e-01
2.799323306008451584e-01
1.910357266124121101e-01
3.156618347039993333e-01
2.489684243796043417e-01
2.881907162848649784e-01
5.384303232179799004e-01
4.546851394314681549e-01
5.518671966534992590e-01
4.951844046121774978e-01
5.330905003723757085e-01
5.105819963886594204e-01
4.525260315467758976e-01
5.657186459345302509e-01
4.913627613193450316e-01
5.582826281269415158e-01
6.267821796270089951e-01
5.647832715502869583e-01
6.564609685898312730e-01
6.004771858217126113e-01
6.582176680548524894e-01
4.919503402390607572e-01
4.218433651553534780e-01
5.266106937735656190e-01
4.702423252256025532e-01
5.083371040463656731e-01
4.889824132420972913e-01
4.274560012882201998e-01
5.261021456301833155e-01
4.665509572653976367e-01
5.159827415811094609e-01
4.725453967416358148e-01
4.242804021850544172e-01
5.256603285143238713e-01
4.621990651247271931e-01
5.142010035963503478e-01
5.759577283302890205e-01
5.186892724950404876e-01
6.126729721797740114e-01
5.529871715027316892e-01
6.045751758691348954e-01
4.605762966837071426e-01
4.054990561006416305e-01
5.066568717391657373e-01
4.488589356446536227e-01
4.958334940451332717e-01
4.693022193214760884e-01
4.126187516140235600e-01
5.191574409389698719e-01
4.545911808071429472e-01
4.994289017228363825e-01
4.698061922940391377e-01
4.240556831571658525e-01
5.264673849681915652e-01
4.563159169895003586e-01
5.152811666342023145e-01
5.765216038523931497e-01
5.281826227069037483e-01
6.231090862174918366e-01
5.595668527642645440e-01
6.144953727958556433e-01
4.522205975986516857e-01
3.990142961571522262e-01
5.034361561738461832e-01
4.415242097488545348e-01
4.878666082611747834e-01
4.630609436772731846e-01
3.972012304363752855e-01
5.003678004334627394e-01
4.426828207058956521e-01
4.915804905617947029e-01
4.516286424606740235e-01
3.983693559147731267e-01
5.095282339312074971e-01
4.452632410620037118e-01
4.941237421469402702e-01
5.625372488995745712e-01
5.111634633438726372e-01
6.034555807556716278e-01
5.459594508321291562e-01
6.014336117474091692e-01
4.408446305358376116e-01
3.843210400698329754e-01
4.892185584674083043e-01
4.306644021097474351e-01
4.742688108417090209e-01
3.036593186323319205e-01
2.312681085366783962e-01
3.639006648913367115e-01
2.810562972422673833e-01
3.258150301388014758e-01
2.945871599503362970e-01
2.344572144579031847e-01
3.594478482467228786e-01
2.888503498454289553e-01
3.345941507693015460e-01
3.836069674859958201e-01
3.171822332656871746e-01
4.320781061169887138e-01
3.584920273691195591e-01
4.142371197887964596e-01
2.736317856311507590e-01
2.065142459801046770e-01
3.239667290708856950e-01
2.539285955178849918e-01
3.011919163041044123e-01
5.803527789736423470e-01
4.987380643440224581e-01
5.954248507561668013e-01
5.352039427147016193e-01
5.890726419133752723e-01
5.537393233057842368e-01
4.930676293005903932e-01
5.824340143127577640e-01
5.258697390680071582e-01
5.879201284889267187e-01
6.464408688949359050e-01
5.753056238973858205e-01
6.720134245895033054e-01
6.104475305811541963e-01
6.695142085144273336e-01
5.257445971653279537e-01
4.674450184668907937e-01
5.642812588372060345e-01
5.049942390819758264e-01
5.568366249194204309e-01
5.018794803226674928e-01
4.294356188451548539e-01
5.268945435927407939e-01
4.656475228789481724e-01
5.074475716994343300e-01
5.025045306307577286e-01
4.313370739476992122e-01
5.418589567306435484e-01
4.659901222900629802e-01
5.166915383283248175e-01
5.545225642862195992e-01
4.902021685570603915e-01
5.623476212500408966e-01
5.084915106979444044e-01
5.542284163271568032e-01
4.677372891721712223e-01
4.065479996823158082e-01
5.122977275000054620e-01
4.368113270260443604e-01
4.875073798968233563e-01
4.879313761058175491e-01
4.209256904014222478e-01
5.184971022894576675e-01
4.547359050740686914e-01
5.000382592807126603e-01
4.910541214603753035e-01
4.300620742396993323e-01
5.366980894928452539e-01
4.603991868792188247e-01
5.156495750411106416e-01
5.327846728783314223e-01
4.909222728013540316e-01
5.665500290112144288e-01
5.108400922349142226e-01
5.497824068521312002e-01
4.607107039130128312e-01
3.992125236674937128e-01
5.050528226187896985e-01
4.366343318285958452e-01
4.837585018528469116e-01
4.931919346502802171e-01
4.092703314913351820e-01
5.116147456132378313e-01
4.496671619924985652e-01
4.957078822018968767e-01
4.809069898156762557e-01
4.218069650585525299e-01
5.292546325553627584e-01
4.531429445787357180e-01
5.115434977338523259e-01
5.236377321624259285e-01
4.809628399253497166e-01
5.570021335190179501e-01
5.051137264165188601e-01
5.427698126029280035e-01
4.523406022207976940e-01
4.007713009294385231e-01
4.992251799418170322e-01
4.388398593141851767e-01
4.877806500801867839e-01
