2.421115265149849982e+00
2.986445458475337933e+00
6.184900570103764039e+00
5.470417980586134377e+00
3.249884478844377700e+00
6.554854330569741983e+00
5.051622271104467821e+00
2.379386120465065257e+00
6.520886453008796657e+00
5.225378046599677084e+00
2.288794017325163299e+00
3.202455783119023014e+00
1.263522508806527611e+00
2.928144381510753291e+00
5.822685117695783674e+00
1.077332631083689707e+00
2.297078210490267391e+00
5.880194918113519797e+00
1.202144826089629248e+00
2.201330854924322900e+00
2.888930321424220349e+00
1.285189526214136180e+00
4.856398364477442442e+00
6.190778078321812927e+00
1.471603898355994033e+00
5.062031259185516774e+00
3.159711539199694386e+00
1.106537000094739653e+00
4.627454162743376287e+00
2.165135282719651055e+00
1.831590943807100302e+00
2.901031533477770541e+00
5.903026148219360003e+00
2.282833794312883580e+00
2.462298694159726686e+00
5.946436991597710886e+00
2.153734612243477731e+00
2.374081118996956175e+00
2.843089906052502780e+00
8.784718506906964430e-01
4.787895627251941733e+00
6.290264590350933993e+00
5.844830934518275845e-01
5.019816397146878550e+00
3.159989723386907201e+00
1.226754000169246295e+00
4.480086772827012176e+00
2.324979079681792182e+00
2.217609356355609407e+00
1.686935887876191087e+00
5.510533150441460748e+00
2.085590527679121120e+00
1.769061696671255790e+00
2.771206171923370931e+00
2.536039548794439380e+00
1.663144359789722415e+00
2.215398152338696747e+00
1.139366309653908615e+00
1.519837171905663809e+00
4.197774915417075370e+00
2.836375821298209754e+00
2.841567249704644471e+00
5.831957504546353199e+00
3.169495130642595360e+00
2.538126600922292919e+00
5.908279391680625103e+00
3.054884892108834737e+00
2.433946055630920480e+00
2.784161826577510102e+00
2.429628630846707438e+00
4.354590612718117093e+00
6.138510227532550267e+00
2.265260396450417435e+00
4.532622220730909923e+00
3.062788365064971430e+00
2.660555118592279111e+00
4.046185418259473643e+00
2.372829089370992683e+00
2.887187355600596916e+00
1.762164067563584124e+00
5.454010555969659002e+00
2.776473308950492935e+00
1.865339378029062800e+00
2.722524156217215552e+00
3.113470458518702078e+00
1.691130195460740282e+00
2.268686077993758321e+00
2.368654873187705956e+00
1.544715305583306275e+00
3.828347521747853310e+00
3.225107913117252867e+00
2.906470587573158237e+00
5.542317195115326278e+00
3.129162319192666075e+00
2.787096804292621410e+00
2.670350445523725913e+00
3.499320407769822339e+00
3.363196844754156700e+00
2.512412628237910450e+00
2.709446085585950126e+00
1.925115027071006013e+00
3.535700223672241460e+00
3.207404162747300447e+00
3.186068848148707389e+00
2.435142113592623669e+00
1.041056631767106611e+00
2.934697400586437244e+00
5.902373190483359622e+00
9.073128034534748698e-01
2.370494241898502885e+00
5.965812325211779843e+00
1.014882702836140238e+00
2.282043110172726319e+00
2.898051773913342455e+00
6.208689480581485176e-01
4.844791425222581438e+00
6.263007176921338903e+00
6.454785026105659407e-01
5.011552573133731592e+00
3.157151718957907693e+00
6.224166463850995257e-01
4.626238120568435086e+00
2.255281749396148339e+00
1.672717207152603081e+00
1.828257572952118437e+00
5.443075762571744747e+00
1.740569469844056583e+00
1.904255588304060609e+00
2.788082960680318134e+00
1.609510981481565350e+00
1.780402030281736048e+00
2.063653674520951942e+00
1.322573770350024658e+00
1.748231620084421678e+00
4.174593836807086511e+00
1.396971069580075664e+00
2.262499354752245839e+00
5.601605067712700503e+00
1.480563708580906024e+00
2.151390772659922845e+00
2.774011838713355882e+00
1.364946522382228578e+00
2.556544213214342331e+00
2.295678841509821044e+00
1.046748746400783192e+00
1.254185029019353692e+00
4.174298597238295550e+00
2.267985651396910995e+00
2.674208025637303532e+00
2.573282976105748077e+00
1.445567943209518091e+00
2.958144362473099864e+00
5.553347179130400768e+00
1.547966950565446309e+00
2.864208431235992780e+00
2.734704257678200801e+00
1.387850219492623438e+00
3.165966515810443749e+00
2.352750035331819145e+00
1.210437270011614830e+00
2.490621490997556808e+00
3.804607288907400520e+00
2.321067658379321941e+00
3.004383449998366373e+00
2.645778155462103598e+00
1.988522669072873228e+00
3.272574687647610059e+00
3.239645226505279307e+00
8.923335517043066156e-01
2.958837539503158975e+00
5.943211932852618951e+00
1.014747689107631912e+00
2.359882957873945308e+00
5.962133881067056329e+00
9.887022899036779222e-01
2.275796913921635412e+00
2.911259473927554797e+00
9.635311042205204624e-01
5.065462754538766710e+00
6.321490776725688931e+00
1.122964150178507481e+00
5.325972161601147725e+00
3.217546324218925946e+00
8.191319784995331199e-01
4.784568364559480536e+00
2.217782666938766134e+00
1.223002269165877065e+00
1.626605507873617684e+00
5.568601827083131894e+00
1.183110469109626139e+00
1.676681941393069364e+00
2.852453525405383328e+00
1.313523061659400470e+00
1.611313911997438453e+00
2.106585413135066087e+00
1.158470836784190938e+00
1.733226442169235382e+00
4.616267642508266711e+00
1.292591472176439993e+00
2.197178357614281818e+00
5.655988636052259544e+00
1.251955145821537885e+00
2.037831448885076835e+00
2.806035375898980888e+00
1.414156707446369010e+00
2.554490551627713213e+00
2.317232958783991048e+00
9.114999693609533438e-01
9.651290446661372480e-01
4.485706814656140295e+00
1.669810871396791185e+00
2.466966747587596043e+00
2.222539455052598978e+00
1.394940579093817634e+00
2.959373583200117341e+00
5.600026922302942189e+00
1.368694654745612693e+00
2.847620449801731013e+00
2.759115921138728833e+00
1.535835250149498732e+00
3.201881320380009388e+00
2.381837625556786797e+00
9.006026029264712074e-01
2.390534953285320174e+00
4.040606164023164304e+00
1.741346254029373597e+00
2.873822216789836848e+00
2.295560005522075731e+00
1.911216239114191806e+00
3.318020831154610217e+00
3.260051008106354065e+00
1.195653731450950774e+00
1.366464046592010151e+00
5.653015808358030192e+00
1.172119884724651229e+00
1.425123814471391581e+00
2.852821908306248044e+00
1.282657371813288760e+00
1.343875586157033952e+00
2.198775003722202914e+00
1.008194102963557270e+00
9.967220677211159341e-01
4.534404124211373066e+00
1.632417234487893554e+00
2.143451280524082847e+00
2.408900306693642079e+00
1.651530036141383162e+00
1.858280816515247791e+00
2.555824858932552957e+00
1.716597751476911071e+00
1.903526030980030370e+00
2.982129173900499364e+00
1.679395113561461983e+00
2.956250563050140556e+00
5.868275064613439618e+00
1.236629966437540418e+00
2.282929100631852393e+00
5.894072086282402978e+00
1.440311409145512700e+00
2.190246905484049211e+00
2.909929440400404133e+00
1.860258273046971000e+00
5.104135124169350668e+00
6.268935414011252760e+00
2.074511494721043903e+00
5.376245265319378852e+00
3.224976475174074153e+00
1.669277308041415608e+00
4.838156906681613911e+00
2.134567633260330499e+00
2.079732672143288941e+00
1.916268794532435038e+00
5.401280480450804333e+00
2.244791723924242088e+00
2.024145748693746416e+00
2.831280127871697250e+00
1.866822527189529124e+00
1.890864746687639153e+00
1.948148444928684553e+00
2.413181517347259497e+00
2.065685564891296622e+00
4.550933469859155700e+00
1.536284398027845555e+00
2.127883231805716147e+00
5.556035419295518807e+00
1.709681023817272605e+00
1.964157714608243621e+00
2.802800505690832278e+00
1.560605058583017124e+00
2.491714403163536762e+00
2.220297395074954938e+00
1.945877822518646383e+00
8.396337277167447155e-01
4.521329624932747038e+00
2.357231592833151979e+00
2.419447656513113998e+00
2.611721562348593206e+00
1.595970345041368033e+00
2.862125618919518999e+00
5.490406485075500775e+00
1.656971422796135185e+00
2.738688191813505757e+00
2.746297511051244644e+00
1.653856972159826855e+00
3.111458081746112825e+00
2.276046024132114542e+00
1.939678975200135769e+00
2.252525771973552082e+00
4.079344016087536495e+00
2.445975341180118168e+00
3.090190583446172479e+00
2.710962754888296189e+00
2.310163245039181135e+00
3.226654988954603898e+00
3.200123653049260497e+00
1.819420541244727074e+00
1.576630979236381735e+00
5.510957795371279389e+00
1.978970702456332331e+00
1.641456141685307513e+00
2.826078178214032732e+00
1.611798437007957885e+00
1.544264662165404145e+00
2.075065321669483875e+00
2.124789411733954747e+00
1.175476340149286258e+00
4.474814433744744413e+00
2.704701656639159069e+00
2.596127242373881483e+00
2.991163446833072559e+00
2.223341358557810565e+00
2.133359885107058318e+00
2.559670440705863026e+00
2.302626304146729641e+00
2.190507945999941253e+00
2.881575642844655949e+00
1.784911638243561471e+00
1.146962547204706029e+00
5.626388834661109506e+00
1.958169847881263026e+00
1.085698569216539511e+00
2.894268446859697974e+00
1.565166502920732228e+00
1.257727313592290841e+00
2.106513941970089121e+00
2.246146320014732911e+00
1.263190758136645941e+00
4.994523558899818916e+00
2.486047845657113786e+00
1.507510304763921338e+00
2.427922555768125878e+00
1.937383144594970075e+00
1.590478499916009980e+00
2.365649130859736715e+00
2.036876708810138492e+00
1.676743792764282093e+00
2.851213838045027149e+00
2.174330361580715021e+00
1.520128579207816300e+00
2.015028220108650014e+00
