9.250636124128389648e-01
2.838108635506879196e+00
1.718483751809003479e+00
5.534909143001863763e-01
4.860947662429377480e+00
2.853241967616491070e+00
3.139566879897583984e+00
6.882126129935016046e+00
6.383647224571428191e-01
2.835100995218086339e+00
1.718486601388155011e+00
1.543655414246162538e-01
4.351796687121558982e+00
2.662569611571959260e+00
3.034301045996443236e+00
6.489522534151774380e+00
1.247060724748526583e+00
4.725162069963732558e-01
1.011417308815727667e+00
1.198818387137522423e+00
6.413886736498753294e+00
2.394553839502813641e+00
3.426411566492831184e+00
7.128069423006459182e+00
5.616360221143779086e-01
4.504125135861152818e-01
2.370834422831206378e+00
3.744235158867266766e-01
5.048316942322529144e+00
2.481040312804453585e+00
3.171414062912228271e+00
6.612296619150224153e+00
5.724203683574344836e-01
6.738410346714065469e-01
2.861575808678649135e+00
1.701993011562933589e+00
4.458241305742437710e+00
2.728360731443084664e+00
3.057972248104277480e+00
6.595423084234064426e+00
2.595337343401268981e+00
1.507276083132279787e+00
3.976342878205031628e+00
4.181649530469935705e+00
1.627621268226399964e+00
2.770031445721043539e+00
2.446332246286239354e+00
5.555267890962038990e+00
9.884456636103328142e-01
1.278167723040193549e+00
2.369078291753814458e+00
1.421482598230791039e+00
1.476098574644378658e+00
3.896572614975928328e+00
2.930424640182611284e+00
5.752262455745825953e+00
1.507114525879719169e+00
1.126082820434922027e+00
3.381468910227539038e+00
2.960801157089685720e+00
9.725251576652643726e-01
2.719893215793935948e+00
2.637660188687218632e+00
5.885554413845217603e+00
1.483156466118989103e+00
1.412575897940324010e+00
3.068833994195424353e+00
2.637880001056937207e+00
1.554288882502319780e+00
2.723643323441412800e+00
2.292763457221326018e+00
2.709917948652278863e+00
7.326009708876739523e-01
2.553537025745251210e+00
1.228897240385852685e+00
1.919378724977368333e-01
4.780497468397769012e+00
2.553783044386702006e+00
3.119289914882777737e+00
6.566425870068400172e+00
2.165411507522203127e+00
5.308223481431847413e-01
1.181315089975636168e+00
1.437901791213867853e+00
6.719882412105827818e+00
2.320245355254974662e+00
3.480844921692804572e+00
7.200209525597195181e+00
1.348308656405360351e+00
3.711256091974988180e-01
2.148604429279222128e+00
7.627050644419822722e-01
5.149131488326934125e+00
2.305220383525429906e+00
3.187639546839387439e+00
6.498178546592751736e+00
4.343925206579584142e-01
6.429307170521300074e-01
2.683282339398490368e+00
1.434008017465939533e+00
4.814199201840220432e+00
2.692269468938854882e+00
3.127792375833081007e+00
6.706950164404966053e+00
2.484906492386221633e+00
2.011292751733020356e+00
3.810284933731283630e+00
4.200009389965724260e+00
2.325235221872039570e+00
2.391354762436247672e+00
2.327453317548513922e+00
5.039255151020171297e+00
2.944782670873868025e+00
2.605871131390793405e+00
3.397742666124742072e+00
2.203298783702914765e+00
2.989535745926532595e+00
2.736851826271172516e+00
2.660450441155333134e+00
4.992298041083311766e+00
2.128167286713118500e+00
1.933522076471299256e+00
3.164434409478301902e+00
3.029240456522046543e+00
2.183404772171320563e+00
2.170784470594995241e+00
2.121673742890871406e+00
5.182197188284278333e+00
2.651204332481981396e+00
2.522536365490689381e+00
3.219025482324912701e+00
2.682461001953555524e+00
2.902382383215807327e+00
2.065666608698222717e+00
1.675203597523639898e+00
2.527098316465969940e+00
3.751527188387195455e+00
2.840379381919310386e+00
2.356317131596313175e+00
2.640773552959654324e+00
8.222086149881491224e+00
2.101816759331854190e+00
3.733925654986464338e+00
7.578804660182668407e+00
1.934880739786147386e+00
1.205320689056958772e+00
1.638819940658376995e+00
1.310392430415567189e+00
5.743965774494294685e+00
2.054540090286800957e+00
3.297117540440259287e+00
6.544342702064416706e+00
7.738987130868887343e-01
4.862044155573729820e-01
2.558941613177031282e+00
1.263044377255208017e+00
4.715059131780189539e+00
2.533780429179501414e+00
3.105967166959253234e+00
6.519185497216168024e+00
3.012892272167854824e+00
3.552725113441103755e+00
4.472560658277047629e+00
5.220500313072558463e+00
2.225514563609846785e+00
2.899645502944206754e+00
2.209512966838362846e+00
5.313588008758403980e+00
5.424160962943247455e+00
4.116912815639058643e+00
2.245184940309229660e+00
3.934131324356239023e+00
3.933546090587979105e+00
9.003042385143212201e+00
4.207856915897205674e+00
7.255214697649989830e+00
1.793453730865973483e+00
1.974988901813039321e+00
3.563486952431520915e+00
3.524467553938213538e+00
1.653962834767899182e+00
2.047862061010457868e+00
2.497527260445271846e+00
5.452675059302001692e+00
2.768981269817577751e+00
1.619049092745348473e+00
2.009397408790996931e+00
3.953982019535142167e-01
2.280364386453381798e+00
5.486323288449558966e+00
1.613191876858610874e+00
3.240196178854402920e+00
2.514437252055699901e+00
1.800431612573494933e+00
1.953378525125799570e-01
1.694524940889181153e+00
6.657281363007015784e+00
1.976758964229901716e+00
3.462888545255805806e+00
6.877401169602485709e+00
2.703843361920168942e+00
1.985513385861480629e+00
7.276687438050727375e-01
1.538479652053448943e+00
7.301051647388352883e+00
2.238168431151737803e+00
3.582682228975843319e+00
7.394504848308893763e+00
2.484974721014597154e+00
1.942115943337912709e+00
2.351044390223107072e+00
2.755231178062113262e+00
2.680445620993437306e+00
1.800134332385925573e+00
2.541004490876121569e+00
4.917469618888910432e+00
3.509141453258512566e+00
2.626062625778928350e+00
7.806071673131315114e-01
1.991116173838245684e+00
2.513604128501401025e+00
7.226099576793018286e+00
3.560181057741525823e+00
6.745960131603037979e+00
2.203677703880325911e+00
1.216646597271482166e+00
1.138700570195284145e+00
5.747686903961882754e-01
1.825649219898509701e+00
4.680237967583797065e+00
1.841848718635825444e+00
5.925656868110668718e+00
2.903933799102247804e+00
1.771318892744811135e+00
8.348383028787716986e-01
8.964522461622740357e-01
2.337864511892103536e+00
6.072184488508085565e+00
1.624003721386221732e+00
3.348535497745398715e+00
1.270342396667333729e+00
7.874103807694426971e-01
3.047917503100752157e-01
2.101657955220107343e+00
5.384686114786394917e+00
2.353223358476880467e+00
3.235174028642983757e+00
6.640027173166281216e+00
2.661946190459019590e+00
2.029436283598407442e+00
2.509212024480412584e+00
3.190879963416695997e+00
2.884586511414295895e+00
1.720108822481325461e+00
2.504446851491057391e+00
4.804191629785793616e+00
3.494413111483785084e+00
1.897347772250277842e+00
1.883269327698884554e+00
2.840473861653685983e+00
3.215777486864291657e+00
4.722475732484203270e+00
3.082807428345716971e+00
5.585521045811209007e+00
2.603926402178091681e+00
1.249663242383067141e+00
1.977636132502976762e+00
2.789477326286525116e+00
2.410319029054006190e+00
3.515098609434891497e+00
1.592310720092276144e+00
5.279720024309057180e+00
3.187970555127428440e+00
1.679341666588634041e+00
1.938042105011571481e+00
2.842137547573058587e+00
2.947377710183438637e+00
4.276062589334401309e+00
1.315846699873153058e+00
2.995688192750674883e+00
2.437279437364178847e+00
2.899282125106234620e+00
1.601889337905097355e+00
4.122555438490245194e+00
4.521192826628904982e+00
2.776662523054234111e+00
2.360580354420092508e+00
5.419387908378325847e+00
2.089174214559918141e+00
1.196710755609462495e+00
7.958953968166161408e-01
1.795913044900807165e+00
3.072282622202493485e-01
5.094813282669197640e+00
3.169876659626480464e+00
6.178811956285161777e+00
1.349047460108594665e+00
1.673054757833559281e+00
1.201133176349892251e+00
3.449118874181047456e+00
3.160581514136367787e+00
2.695659774037987066e+00
2.594655853807402490e+00
5.741250630424949541e+00
1.420139757826603955e+00
1.386717211578260445e+00
1.336555653735284066e+00
2.989067445284906199e+00
2.469220347889191203e+00
2.738604991164530933e+00
2.286655454044377311e+00
2.748343651853043301e+00
5.832570391442675195e+00
3.666711917253510311e+00
5.268667574617863281e+00
6.364873471280874107e+00
5.198680175937862025e+00
6.583651134060160892e+00
1.908703615404136800e+00
4.311140103014175828e+00
7.270781267232170997e+00
4.258155030482306813e+00
6.524913661741041260e+00
8.153680824641345026e+00
6.282576189189867932e+00
8.404378695768491170e+00
1.345510680618416499e+00
4.204650313016109031e+00
4.788236170447976114e+00
3.449640185635729495e+00
4.149686513612883765e+00
4.862915813330245918e+00
4.590365652438062050e+00
5.073399411002465165e+00
1.108362717619417515e+00
1.929055512002338046e+00
7.984178041275782789e+00
5.348141522916495028e+00
6.591117386464332206e+00
7.965644458403621009e+00
7.636953874154438715e+00
8.593210644892634420e+00
3.629769587631751282e+00
3.750436651108600472e+00
4.986047963213347423e+00
2.545282067367099277e+00
3.254229008305844939e+00
4.319001259610167232e+00
1.920415759133026201e+00
5.009139379261640102e+00
3.800284520587590809e+00
2.999264162444726711e+00
5.786422763208208586e+00
4.277683248004952254e+00
4.786555143466803663e+00
5.523933566252899219e+00
5.668303629002228838e+00
5.984739795286208697e+00
2.561190907524031335e+00
9.817418392156321838e-01
