5.425532005942178548e-01
8.177493134626546700e-01
2.952314362131223557e+00
1.786862196930850244e+00
4.763790188446404561e-01
4.493503105891335281e+00
2.829200390598452852e+00
3.067529656469339727e+00
6.708988835525405925e+00
9.568277620673816264e-01
1.310104100713364916e+00
2.734932107247098898e+00
1.871466323292710454e+00
1.130112189707435988e+00
5.548654696680354270e+00
2.997595394796098933e+00
3.274971935178214721e+00
7.319161987323334451e+00
1.952485599790511062e+00
1.332693390968084257e+00
1.552024800242860492e+00
6.990560289238439973e-01
1.282604882934454738e+00
6.171098852895141817e+00
2.139791114120981330e+00
3.376534052876813519e+00
6.797708359733232619e+00
4.619978792790561783e+00
3.533646709344225201e+00
1.651503351182669332e+00
3.296601546480459888e+00
3.300266364262974150e+00
9.433785680375132543e+00
2.339606671148460659e+00
3.937086071214161986e+00
8.249832904066948913e+00
2.260512485465042687e+00
1.325620657676171987e+00
7.499443960518507035e-01
1.739409712699722776e+00
1.736289213686817989e+00
5.367586563296218749e+00
1.870148037529343332e+00
3.221430038000038909e+00
6.236037287344259994e+00
5.466297383455204217e-01
5.266495655504902507e-01
6.205292195582389203e-01
2.713656780467809337e+00
1.482464194743201347e+00
4.592838773017220433e+00
2.636631930368290355e+00
3.077938069047388314e+00
6.563782372042216373e+00
3.216483483326830761e+00
3.785947215450600201e+00
2.404096349910786135e+00
4.437490621428946902e+00
5.533199550937017541e+00
2.856715812439647895e+00
2.517128127598566412e+00
1.991478068947705848e+00
4.679413467895660261e+00
5.067880405020645185e+00
2.767624100925644370e+00
4.607467794913170600e+00
5.666214711302857587e+00
3.996709607663888164e+00
5.606173465952685397e+00
1.186033199491305368e+00
2.289218249337217959e+00
4.689240440712039160e+00
1.222502553894411825e+01
8.157933811000702917e+00
9.310450784424288528e+00
1.232516268139206339e+01
1.135205890697562836e+01
1.306876667263728997e+01
6.807859516406250755e+00
3.151505316675285773e+00
3.132697347491311124e+00
6.627222485377281203e+00
6.130227902846182353e+00
4.939858929549660438e+00
5.454422002075784093e+00
8.115426529152614421e+00
6.288089378213723712e+00
4.990090011788685054e+00
1.613745780677709574e+00
1.692400651987817639e+00
