5.314699283106326000e+00
4.505929927026055104e+00
3.675363336283329119e+00
1.511314036589482157e+00
1.857435130033602277e+00
3.678817929273339171e+00
4.694778115182979827e-01
5.248414208871146514e+00
5.268923926538633395e+00
4.726628264155484094e-01
3.197873209469623390e+00
4.506018478099946378e+00
4.121931770130903061e+00
8.554574725025905491e-02
4.673617445321486485e+00
4.118872327508467102e+00
4.557807713420802820e+00
3.676087586771462412e+00
3.163256141911356512e+00
7.226208892687946417e+00
1.856400504384094985e+00
4.121073170645682460e+00
4.675687678677178383e-01
3.562328057803256343e+00
4.126669724090951341e+00
4.706729036338306860e-01
1.856279212301408466e+00
4.123139286605872478e+00
4.670901691183075854e-01
3.198365682614917826e+00
6.778855126654453889e-01
1.725624883473567905e+00
3.105486785537776573e+00
5.725394985472765930e-01
3.705763780951921493e+00
3.549262834876637740e+00
1.619106533965558870e-01
3.846509387795116641e+00
1.872579628022845055e+00
1.455174009080645592e-01
3.275497270558436758e-01
3.526997884991970977e+00
9.750120263998240944e-01
3.283385060393821386e-01
1.650709674287698547e+00
2.506000877337299926e-01
4.530615690493722814e-01
5.248304297338600044e+00
1.578453000983586207e-01
4.674508221637513117e+00
4.683012545928032289e+00
5.919830480223235020e-02
4.407876555472740598e+00
8.495224031516102059e-02
1.498715712625416641e-01
4.674507398870580310e+00
5.248291158079287477e+00
1.620170355984337507e-01
4.409459396756610694e+00
4.437429829819876659e-01
1.269985871615120887e+00
1.857268835858638667e+00
3.159839718802628372e+00
1.270031051168836855e+00
3.845916513791355129e+00
3.674865893683223472e+00
1.270028806733660476e+00
2.086338389625506995e+00
4.505930208959019190e+00
9.261139017386016414e-01
4.669834338205068325e-01
3.678299957818788712e+00
1.270009299462911967e+00
4.700997714516906290e-01
4.505998350958900112e+00
9.278794707065406433e-01
4.665050001726266937e-01
2.149136681645096303e+00
9.289193548544313339e-01
4.674509549700747613e+00
3.674818614044144116e+00
1.270026816432951788e+00
3.952923235827404458e+00
1.856129019984019690e+00
9.310074496502132035e-01
4.674509257695487641e+00
2.511666593594602315e+00
1.270054281573723243e+00
4.119182073058397897e+00
4.645783093691922550e-01
1.270055393907900454e+00
1.554778198795503386e-01
3.679775072460265140e+00
1.270052887089083926e+00
5.740452878768564915e-02
1.871440665652696511e+00
1.270144806968097839e+00
2.585889473283818352e-01
3.197626794419155871e+00
1.214544304142292530e+00
1.572260646378443594e-01
3.672713857807489712e-01
1.270126158763436708e+00
4.041512660548676195e-01
3.946330760742559729e+00
1.695630000930217873e+00
1.857837409279156304e+00
3.548428902449066502e+00
9.104448639882907202e-01
4.106252501486856943e+00
3.547667545541275391e+00
1.501556246047176302e+00
2.172596252341207457e+00
1.857834855116630379e+00
5.324606465121556331e-01
1.601887569855743321e+00
5.235383005470132467e+00
5.569967368507663386e-01
4.621293045439595626e-01
1.857833277977348985e+00
2.014536052394600318e+00
4.617811512139364249e-01
2.173677015364063880e+00
1.695111417632386930e+00
3.976086805468619811e+00
3.133219661580974869e+00
5.279632712641296743e-01
3.976587235170843115e+00
1.857827837607092691e+00
8.122110237473219030e-01
3.976423045368099540e+00
2.173504167125458242e+00
5.568830110011878665e-01
4.265726743296947454e+00
4.617152776470021536e-01
9.842562108339146798e-01
6.423243904487255795e-01
8.611797176659109709e+00
1.690872903643841241e+00
2.548335967451933470e-01
1.920107272430942702e+00
9.172393599954192789e-01
7.470281097899184042e-01
3.704862706470606781e+00
9.008730009195637933e-01
2.534940464814710026e-01
3.393858817550636786e-01
1.691041173731454350e+00
2.689742991647061099e-01
3.587645200790773092e+00
9.181535479913781606e-01
1.070764314769654391e+00
4.869647163929641920e+00
5.281790501881781230e-01
7.221713046976662165e-01
1.857851287754600067e+00
5.289406565845347075e-01
7.222347114358266262e-01
2.173732587664714888e+00
1.412546804339350315e+00
7.220147312802218664e-01
1.531894157622133434e+00
8.702514738024363927e-01
1.070761337049399797e+00
4.258517690360414498e+00
9.188625990165520951e-01
1.070759714849058186e+00
3.366436023258098653e-01
2.321695867329376828e+00
1.658188722408807436e+00
3.396234505825040717e+00
2.080785769132148744e+00
4.049802709118256239e+00
8.857914186517811928e+00
2.080681628205913736e+00
2.039703025682372939e+00
1.725508187518764558e+00
3.432814055061423009e+00
1.149005415539600561e+00
2.976288316549273727e+00
7.669736883675609684e-01
3.279293848125064414e-01
7.530721559723948522e-01
2.579250903387219296e+00
8.747958156475021951e-01
3.604313788585445710e+00
3.790632610235727729e+00
3.747310455453977340e+00
3.461873612861003036e+00
2.382841626825857873e+00
4.368203232408101933e+00
2.506404005211246844e+00
2.048133205404752744e+00
3.762676023799238489e+00
2.032520314803604844e+00
2.348335864482010038e+00
3.993146237605470272e+00
1.148743995172845755e+00
2.066018433915919328e+00
9.239169818456218763e-01
3.410191941421915729e+00
2.348606907598101312e+00
9.750602873557170369e-01
1.650679741659338617e+00
2.039374164170254744e+00
8.748757062956163955e-01
2.043982243093134699e+00
2.348610935987466064e+00
9.750017272388570300e-01
1.149066606038919192e+00
2.031280411087502902e+00
9.749638743362917248e-01
4.245000895288384868e+00
2.287912914447436830e+00
5.858894946807519100e-01
3.450340938960296810e+00
2.080314521462469202e+00
5.624925340158976050e-01
3.050917409797098689e-01
1.613179263579535005e+00
1.270042962430949274e+00
2.088141841621764527e+00
2.014490587603300131e+00
9.356115803307515355e-01
5.285888125003358473e-01
1.854534883379045596e+00
1.270031124421012292e+00
4.674506153206587022e+00
2.080615951850651069e+00
5.619247639435348551e-01
6.762820736972182667e-01
1.991758983170039299e+00
1.483284177095014700e+00
3.655827817646109423e+00
2.179431201374086413e+00
6.228939419905655805e-01
1.729950990987422443e+00
2.179678017887918262e+00
7.211251436749149812e-01
3.636745345836319032e+00
2.081395271057573382e+00
7.132844378788097961e-01
9.048796122799558361e-01
2.334731266072130662e+00
9.246024515319005710e-01
3.975782770639950225e+00
9.190249101098112439e-01
9.476587477636169154e-01
3.185051816778070588e-01
2.035706506087290091e+00
1.687836521791250322e+00
7.220403603683701599e-01
6.949602458952289785e-01
1.732390980678291781e+00
3.102817747955555649e+00
6.949706607194580110e-01
3.696298014376060426e+00
3.436087301602204658e+00
8.234245892694715963e-01
3.703243069431561008e+00
4.370506625083000252e+00
6.510104687967365189e-01
1.005360220035432378e-01
3.528991658049741797e+00
6.635594065346689385e-01
7.239633734263861697e-02
4.396736251618563074e+00
6.509987344059501302e-01
1.004463649947429787e-01
3.737075420665858516e+00
6.949920560842338668e-01
4.472936760320354921e+00
3.438647351832724741e+00
6.949228865326233517e-01
3.857510771865857890e+00
1.732386547169335600e+00
6.642185334012845610e-01
3.884120999915488426e+00
3.734144537535391439e+00
6.516989949941512927e-01
3.894614854976222063e+00
7.052122744928226439e-01
7.572541483201575829e-01
5.730331216299001662e-01
3.547420090365807965e+00
7.572941326204443158e-01
6.784374325150347440e-01
1.725562390159466775e+00
7.572358036707290685e-01
5.723788590821025091e-01
2.052820942846731445e+00
9.652981077260823772e-01
9.123274401129274347e-01
8.094229535381174401e-01
7.130146829335165526e-01
5.297803741701206937e-01
3.843961042173759779e+00
6.640634857842281358e-01
6.866222185502243169e-01
3.462555611339260153e+00
8.234862043351564020e-01
6.380172230568904590e-01
1.732395143218601108e+00
6.634864437782397317e-01
6.881674031475218944e-01
3.189696181562252431e+00
5.864280510446727712e-01
1.219045387234980238e+00
2.443293197359821534e-01
5.875545757711174710e-01
8.118254702431535463e-01
3.897987326904136296e+00
7.569398103932888366e-01
9.632375133758396268e-01
6.761819022510451305e-01
6.782643170166764435e-01
8.834575205282449994e-01
3.784583305027086286e+00
1.388884668354942731e+00
9.906053312045042247e-01
1.706598385062323642e+00
1.399096974399559601e+00
1.092237653864155833e+00
5.055722304917203758e+00
1.397187698505644393e+00
1.051122024297417967e+00
3.882040617429396434e-01
1.405392436228403596e+00
1.063844034273756733e+00
4.927683113953624350e+00
1.469423572860080185e+00
1.232254551905565210e+00
7.209905607502710145e-01
1.484579520730162416e+00
9.776688211296663544e-01
2.156457079943729926e+00
8.555482926336684946e-01
2.032932471416264431e+00
3.020543601487022389e+00
8.554984760227739571e-01
2.033032102728090873e+00
1.723265614054328765e+00
8.555313394777689373e-01
2.033011320270039501e+00
2.341832149360724369e+00
1.851069716335198789e+00
2.367787576084879220e+00
1.488196645552003761e-01
8.555807787496950700e-01
2.032978711776498582e+00
3.843884506716586547e+00
9.022078569714319096e-01
2.081034837531869020e+00
6.780611932408741049e-01
6.951085589758297933e-01
2.001023195932257526e+00
9.442216244344159293e-01
7.434396925220028152e-01
2.000683307168193092e+00
6.097439859031309473e-01
