1.866575950673871986e+01
4.254710409374745872e+00
6.516966572088519172e+01
9.384998880340976513e+00
5.544004834835545381e+01
1.603961174129602441e+01
1.403312751197249186e+00
4.504563727163640507e+00
1.414053550686238170e+00
2.667676131173924148e+01
1.401829013550055070e+00
6.516971369376746281e+01
1.543681771902349453e+01
9.385134476399265679e+00
1.703279958539491545e+01
1.603849605293981995e+01
1.544418727383767909e+01
5.544269392192099843e+01
1.646924989814233342e+01
1.394718681439548469e+00
2.099108120876544525e+00
9.084936564933233427e+00
2.100338501970806071e+00
1.640198819966515131e+01
5.176795464610309816e-01
7.257907590537509179e+01
2.646109015103961681e+00
9.821024733795777895e-01
2.094706081357081029e+00
1.542007371800896998e+01
4.343697388240729929e+00
9.364861134368299034e+00
4.356100880567086442e+00
1.603943447307460701e+01
3.476402251447895164e+00
2.199559646886345732e+01
5.002510432577804700e+00
1.392608963273470390e+00
5.002546155004412576e+00
1.542977518864772613e+01
5.002655909644562193e+00
5.088145683153394438e-01
1.033580162036587957e+01
8.430443192418731968e+00
2.804152986217244514e+00
1.688669085631172706e+01
5.302817701967577513e+00
3.718856759244866339e+01
2.721163174594801060e+00
1.379072073920804442e+00
1.036060432353824190e+01
1.491026494499684851e+01
5.420917163306449460e+00
8.860356835449588742e-01
5.311792499102181431e+00
4.021959870306649698e+00
8.421145104021688255e+00
5.447577924561582741e+00
9.396325010162625446e+00
1.640175511274896891e+01
8.421947375299165373e+00
5.367679867148083872e+01
9.505942332937669548e+00
9.815425894649660865e-01
8.421749253486252584e+00
1.614505584365280200e+01
9.506288406025751314e+00
3.002208044000053366e+00
8.289615498145451511e+00
2.214267920211889784e+00
8.815104752343463801e+00
3.448199295472331727e+00
2.415071291585616731e+00
4.440367783754521014e+00
2.414952743813672420e+00
1.613883763596359344e+01
2.415020732039133922e+00
3.698570482249191826e+01
2.283730757086702923e+00
2.817006379889834822e-01
2.415438427732138571e+00
1.436929406381622698e+01
2.314532469170571094e+00
1.712683710912970669e+00
2.322763360368619967e+00
2.487026668154269426e+00
3.867332647112135646e+00
7.238486054377351486e+00
2.462651756064639486e+00
8.228493305506978217e+00
