4.747414043473365264e-01
3.844616244512604197e+00
4.506048182473667119e+00
5.307521444896744711e+00
4.124433690771422079e+00
3.846637046509639557e+00
1.856397492570668106e+00
4.890628382169070143e+00
4.127000381290655717e+00
4.725928323590456448e-01
1.856264548684309901e+00
1.138359688425926741e+01
4.123645529703499513e+00
9.051859697631907398e-02
5.248430121824187999e+00
5.340839185214910856e+00
4.407976046301818052e+00
4.721313950768291079e-01
3.844959434546208144e+00
4.506112782092533742e+00
5.732705497983042742e-01
2.044141588300176782e+00
1.725619970118517088e+00
4.542919050390206159e+00
8.751264026066820634e-01
3.283449564176947888e-01
2.388995250447891294e+00
3.410359308823009972e+00
9.748799487436722311e-01
3.273954343387117660e-01
4.854847475903593335e+00
3.519540019148661880e+00
8.757459190995243725e-01
3.281984203176762094e-01
4.200470541786340384e+00
1.650712722912987873e+00
1.663010557319163640e-01
4.132506216994680237e+00
1.865321576793078195e+00
4.679934905891628638e+00
7.169590310483376916e-01
4.674507415680740685e+00
3.846344278831994590e+00
4.898891756940629172e+00
7.169608153812419005e-01
2.283115635711740143e+00
3.846628439876064842e+00
1.866187496063285378e+00
1.620919128875376314e-01
4.129838478053160067e+00
4.524554411622479511e-01
3.565842689889480166e+00
5.936515184833363046e-01
4.674505426279504938e+00
4.640200825774011828e-01
1.865788081458624958e+00
5.877208804966708167e-01
4.137690595131354065e+00
4.505507164718191571e-01
3.845095923161940821e+00
1.269992266751150511e+00
4.556362793932650312e+00
1.857571033414052053e+00
3.556792188193962811e+00
9.259963288701662520e-01
4.719957007234730217e-01
1.857271740767242774e+00
3.559653854795450822e+00
1.270024048052749377e+00
9.275621540755689398e-02
3.844292130878281366e+00
3.677540941837615041e+00
9.278425556355216486e-01
3.672697285085651520e-01
3.197533954686567537e+00
1.857583815314248099e+00
1.269982052503505487e+00
4.120475644944491478e+00
1.856071686433615753e+00
4.885115877209529778e+00
1.270032965387488444e+00
4.674507870039839474e+00
2.073497651398111152e+00
3.557385191698416715e+00
1.270032057435372508e+00
4.122491359298209090e+00
3.197455676623764287e+00
1.856243249388868533e+00
1.270012777266272819e+00
4.119403490942384671e+00
4.664199740693580343e-01
3.677384514437687546e+00
9.273501735494669163e-01
4.124877789275850581e+00
4.695166435481326062e-01
2.063791432508537582e+00
1.270063753700623410e+00
4.403516811419240895e+00
4.660140085204886873e-01
3.844785821265965353e+00
1.241659017940956344e+00
7.169645421489624360e-01
1.871485385710671023e+00
3.560898937287845900e+00
1.270075009943181898e+00
2.588118709086681402e-01
2.082871849185645718e+00
4.893266206833536636e+00
2.055082435324372625e+00
1.468510337571776458e-01
3.197198395893318779e+00
1.967476357580035140e+00
1.208268733035207987e+00
7.169571056062741254e-01
3.282434763684468071e-01
5.281762666982540821e+00
1.171445535717812847e+00
6.116104962154622626e-02
3.672722374327435091e-01
1.917211307911467655e+00
1.233781157417810137e+00
5.869029325242157702e-01
3.672734086274402898e-01
3.197830732351947702e+00
1.270055367195756846e+00
7.169617373476361299e-01
1.762268151956391193e+00
3.561829104098554577e+00
1.270058749061252712e+00
5.914534201097912947e-01
1.776938769306392940e+00
1.865085940401963738e+00
1.270144037167938222e+00
2.680625237148461792e-01
4.114401434608859098e+00
3.197663246913464707e+00
1.270115312926122897e+00
2.633602872999318834e-01
4.408111222152030884e+00
3.337835831138988851e-01
5.573075954815660538e-01
3.704792478741046668e+00
1.857815238771930666e+00
3.547369788764741738e+00
5.571363322631631698e-01
4.622698257362714003e-01
1.857827227636620337e+00
5.268021513649018495e+00
8.842349623316092533e-01
4.619311339791589144e-01
2.172781957506603856e+00
5.212131850201238592e+00
2.026878065465977485e+00
4.622163487743288779e-01
3.264291874419747774e+00
4.440334285105365097e+00
5.307325489095061632e-01
4.265724876740552673e+00
1.857806205940738975e+00
3.548004985788179244e+00
5.290713034157766836e-01
3.976456737825914356e+00
3.264999924196198222e+00
4.669961127286928360e+00
1.688012397468864778e+00
3.976919147136488419e+00
3.704766722273074464e+00
1.515681135682527270e-01
5.324521911607847935e-01
3.976531786169005045e+00
4.618698466055993213e-01
3.548843541834760362e+00
5.375764046478650471e-01
5.395493213499843677e+00
4.621519719018370442e-01
3.255094927807990590e+00
1.769332437865178465e+00
3.976869730842775397e+00
4.618071870312121519e-01
3.704520729898624243e+00
9.629948080892146711e-01
3.963326209692681346e-01
1.917228540361628930e+00
4.675319397986329228e+00
9.794021656907450080e-01
6.423238023454113099e-01
3.612351300487981920e+00
4.877255164786864050e+00
5.576774561127427754e-01
2.525628163683346084e-01
3.264119667494145727e+00
1.082074311416202361e+00
9.839369095812268151e-01
3.812757365504116369e-01
1.091664850403191167e-01
3.668852178561287758e+00
2.081308988129214388e+00
5.736892868800964607e-01
3.716089062505147922e-01
1.951541274784744262e+00
8.887793746340465484e-01
2.504583353362856424e-01
3.363520199788420650e-01
3.264269568875914018e+00
9.698997516864095170e-01
3.812178208952114455e-01
3.751508072438014096e+00
4.877410143376608609e+00
5.276603959160670598e-01
5.814801608928780174e-01
4.265722575496027957e+00
1.919041676347153613e+00
5.284769826265124371e-01
5.814812608046958653e-01
4.265723054896560562e+00
3.264178367940210990e+00
1.926897993313331225e+00
2.826186408938866634e-01
5.395005902660744646e+00
3.452842700919755425e-01
5.569920025124677210e-01
1.070759512153908188e+00
3.252707509232716010e+00
4.667546902974597067e+00
5.293428951068417376e-01
1.070759512615361730e+00
2.172929384127451513e+00
3.547312065662784786e+00
5.308091407590703747e-01
1.465433146363729122e+00
3.264154781882419254e+00
4.440334034960575771e+00
5.571474732214293235e-01
7.219970711813642472e-01
4.618866546908435566e-01
3.638688167174601418e+00
5.565708837109161200e-01
2.267099800733139769e+00
4.621650095741690056e-01
4.296287630119774548e+00
5.567625090938849164e-01
1.070759106288419416e+00
4.618435837997623139e-01
3.264283506044916461e+00
8.155872327891598994e-01
1.332026084788119791e+00
3.976085630916280422e+00
3.651710473737059370e+00
1.500561989220943859e+00
2.266383089400051176e+00
4.258316127943015950e+00
1.857817442557982757e+00
9.712939395124143838e-01
1.250586441080308475e+00
4.102801495919873531e+00
3.203813085517796200e+00
1.936280963545698341e+00
7.220459479594865115e-01
4.265725681918344669e+00
4.617502350429703029e-01
9.853930229765511806e-01
9.340757099965154575e-01
3.814711366214377786e-01
3.664574771278068521e+00
5.278604195047496006e-01
1.070758524829027891e+00
2.567787854517670776e-01
4.300548521779713695e+00
1.695214782843558865e+00
1.070758642447846798e+00
2.497474195650397633e-01
3.264136540031785660e+00
2.092698852132400589e+00
1.070756340326834533e+00
5.814798648953475313e-01
1.061669783097916736e-01
8.212793189116016634e-01
8.725514464625861999e-01
2.750359952317798506e-01
4.294561413594959021e+00
2.080832240568402991e+00
4.327253693934229872e+00
1.725505320062155734e+00
3.104114501099465517e+00
2.348561471725540972e+00
3.279602241054296319e-01
1.650734718955848335e+00
3.406793493812245277e+00
2.348578691666299623e+00
2.715330715843123244e+00
4.873544964237908061e+00
3.515004293603767760e+00
3.442172646995790952e+00
3.278014770266537425e-01
4.873492536834145739e+00
1.650690055889744157e+00
2.080692819831805540e+00
3.747668413344564353e+00
1.725481578192833210e+00
3.449349072817179174e+00
2.048377540068941016e+00
3.762523178837190674e+00
3.743143329510688400e+00
3.103210925770878870e+00
2.080856115690314478e+00
3.747806550249313862e+00
5.847234991771810719e+00
1.725498938962369166e+00
2.348470219667272207e+00
3.629140751819926347e+00
8.794398653202790683e-01
3.521771621998460944e+00
2.348536837487444018e+00
3.769619309146084785e+00
3.278587414003624190e-01
1.650699629415370184e+00
1.828100218007459032e+00
3.921344718868982060e+00
5.728979594968895972e-01
3.802184863475217558e+00
2.651284506631090832e+00
9.240230467981783713e-01
1.652138067165833890e+00
3.397406744012345658e+00
2.651337512472631719e+00
1.025300593920789538e+00
3.553048157020072484e+00
3.392422964727587864e+00
2.348635028085681142e+00
8.739827028737607861e-01
3.580845862028859461e+00
1.650680014512323268e+00
2.407900219886348392e+00
1.026441333017454438e+00
3.348593405088659547e-01
3.436970615747233282e+00
2.688462809465789860e+00
1.250518476136946333e+00
7.015918199060706684e-01
1.556044773082238208e+00
2.348652263197256840e+00
9.749152395021288831e-01
8.865203970748988249e-01
5.302815390317942246e+00
2.586596755510043977e+00
8.744250964446204089e-01
3.628411572695946941e+00
3.045928160416044417e+00
2.348633178021704904e+00
1.455137163541166956e-01
4.245007397333506738e+00
4.581534774779735808e-01
2.081147087552087438e+00
6.766677804734181345e-01
3.747406289412838820e+00
3.716805298590418527e+00
2.348639429739582507e+00
1.455155082352301010e-01
3.628486385767318634e+00
1.081240526974890370e+00
2.080411733315315814e+00
8.802812413929359536e-01
1.725526156550769130e+00
3.440024456858699953e+00
3.517079631877171320e+00
1.446659192649717651e+00
5.131028055007067934e+00
3.523143738904441324e+00
2.296936075566056612e+00
9.275000924113309120e-01
3.206868064297983434e+00
1.855241689564140373e+00
2.321685465655605185e+00
7.233349249231686429e-01
1.042159697532592189e+00
3.409253285518142551e+00
7.665874794936081704e-01
7.012756424811238398e-01
3.277150345100778850e-01
4.249414854360821892e+00
1.611635914085307375e+00
9.260144212343869308e-01
4.651346897991809892e-01
3.489028238711038288e+00
2.299354626122957601e+00
1.398949959502908458e+00
4.111899259294404807e+00
3.250852432727622698e+00
7.859150792100612071e-01
1.269993309627881928e+00
4.407935947442838120e+00
1.015693256773152059e-01
1.613255609526021983e+00
1.254380109423040013e+00
4.408060225267697696e+00
3.215116491261690523e+00
1.611296952201864086e+00
1.667721459205453671e+00
4.116312122010737262e+00
4.632048282048041865e-01
2.080713469017581474e+00
5.619175042324874303e-01
5.723929321610180532e-01
3.447695110335776914e+00
2.348574846384176684e+00
4.120837056825337186e-01
9.750958232244357760e-01
1.650688086666265875e+00
2.080968792232170017e+00
8.736235115247303895e-01
6.759029308327436647e-01
3.486964709349632319e+00
1.394337569669194865e+00
3.620602810779883218e-01
9.750499806320457319e-01
9.256618220123300489e-01
7.575138763708372247e-01
1.250754003159459726e+00
2.663999972177037989e-01
4.092918481966894895e+00
2.035603881745155164e+00
8.753339918432262445e-01
1.857681143830989257e+00
3.585628900897236182e+00
2.053856605861521079e+00
4.254133850154258600e-01
3.275755885256787181e+00
4.669450224106317826e+00
1.792748099179950927e+00
8.321434062353425531e-01
3.421243880882342214e+00
1.857678634726832811e+00
8.671549013062449518e-01
9.314210109460935305e-01
4.616967905084929380e-01
3.642748227375361747e+00
8.303393113248702662e-01
5.244714694990845194e-01
5.351276479075295356e-01
1.691246640659735734e+00
1.964461712644473890e+00
2.244536856014435866e+00
6.332644273894724174e-01
4.988297379573616297e+00
1.792086915033223704e+00
1.499042446776086779e+00
3.975797802486481292e+00
4.669090507244505694e+00
1.936979900426446077e+00
1.682837909927098252e+00
3.976318880028237857e+00
1.857672056523121284e+00
8.919101899997201599e-01
8.322254500597061622e-01
4.258724196105531767e+00
3.411246928532763345e+00
1.936038301669718464e+00
5.514548039455545725e-01
3.976235523527881011e+00
4.615665914313258900e-01
9.840571817542335120e-01
2.323913244619773888e+00
4.228449901806451972e-01
4.876158659947236629e+00
1.628186990690882796e+00
1.506291541526316946e+00
2.411226537408571458e-01
1.865340403962315818e+00
1.697237953830627033e+00
1.502644326752100357e+00
3.224821533277193453e-01
3.724924182885408275e+00
8.784588156536958792e-01
9.322766224361002108e-01
3.209942780564626896e-01
3.463531978983572235e-01
8.875967682297792871e-01
9.357453991563206008e-01
3.266605950275334180e-01
3.827443179927362937e+00
1.768576776112323445e+00
1.696514804617418548e+00
1.070765925993111267e+00
4.666480319165597912e+00
1.791904656647062666e+00
1.506241084505207439e+00
1.070767160046531385e+00
1.857696607205307826e+00
1.791659062832404503e+00
9.287824998527653975e-01
1.070767603152321668e+00
3.548168843437897291e+00
1.784533649642317643e+00
9.094965633392474436e-01
7.219045644155789310e-01
9.639717940844623467e-02
1.792023173581091200e+00
9.211680386759457662e-01
1.070763623718655966e+00
4.258432606521058261e+00
1.579826245017689645e+00
1.504764186161016370e+00
8.733915707341447510e-01
3.225489992579729237e-01
8.234168710756932796e-01
4.380231326620665833e+00
1.732397128277366916e+00
3.102793138645692395e+00
6.633446310675831237e-01
7.311147916264341962e-02
1.751269557623215123e+00
3.504440228105446753e+00
6.507338167112047822e-01
4.614903155777814736e-01
2.060119867398510163e+00
3.518969899515025812e+00
6.632752776339240208e-01
7.309751854126507464e-02
3.189779448961900243e+00
1.751419532313800431e+00
6.949458136317900880e-01
3.857531583581233381e+00
1.732397721580582584e+00
3.024646754357965150e+00
6.640873722597481210e-01
3.884106889720997824e+00
2.049092560372379523e+00
3.462837021567530371e+00
6.948444006372938020e-01
3.857554731472605969e+00
3.707510461066858110e+00
1.732409517328540760e+00
6.513194486276981943e-01
4.140486972067009219e+00
1.006045854461774525e-01
3.521578902257784360e+00
6.628866428333282101e-01
4.198323594262145519e+00
7.456473185248076174e-02
2.563688222939191519e+00
6.019240757000071662e-01
3.968720155443409059e+00
2.469452181666772217e-01
3.192490447914195784e+00
7.570260960768919745e-01
6.784272646783430227e-01
1.725555626139650300e+00
3.103329324892163843e+00
7.569806668279758233e-01
6.773454279428298141e-01
2.040838249851785857e+00
3.528772602856493190e+00
7.570124758241666418e-01
5.731010929079948246e-01
3.202205234721989147e+00
2.506835436466843703e+00
9.653123010187698583e-01
9.123442916602660935e-01
2.684226883356283788e-01
3.528463252261153205e+00
9.653755153897591867e-01
9.124172282090891040e-01
2.694059169585045765e-01
1.666326329086886160e+00
7.804712564887571480e-01
3.536002995541167593e-01
5.713317527404010443e-01
3.197168780589322523e+00
7.573053781056747757e-01
6.775995847877993583e-01
3.747320958558792992e+00
3.023319773041323710e+00
7.575062999709510914e-01
6.781853600012794914e-01
3.747628218326420235e+00
1.725568931083434565e+00
8.547813457292742223e-01
5.292481275231466498e-01
3.844155696954700829e+00
3.182953724365392034e+00
1.518081597105965130e+00
2.385722802118124264e-01
3.897973406030960319e+00
5.569721616330932656e-01
6.949458893225989309e-01
9.426771872971357880e-01
1.732401004946892087e+00
3.102867608006677713e+00
6.637885277658218675e-01
1.035451169055469078e+00
2.058190427123529176e+00
3.454578024144762338e+00
6.061793999608416916e-01
1.302626216873015608e+00
3.182365123414123698e+00
1.875762931122660904e+00
5.857413910976537741e-01
8.103711020521586761e-01
3.133242031191751376e-01
3.660839189397723459e+00
6.062614770239207473e-01
1.735443618504775687e+00
5.654354378255467273e-01
1.875733006387598989e+00
5.859879314837405095e-01
1.498936309157449243e+00
3.133127918292520353e-01
3.190567819032660069e+00
5.868627568086637325e-01
8.116354357458916979e-01
3.897981774970740165e+00
3.614432330634932189e+00
6.061418489138503674e-01
1.025759282857978461e+00
4.690347791497258889e+00
8.312492020494606504e-02
6.061730508502544135e-01
1.025730446438246846e+00
4.032118042483812559e+00
3.182672805583679487e+00
5.870606350032664400e-01
1.112594786246490886e+00
3.897966200769163780e+00
3.133806687993872520e-01
7.568891945029250223e-01
5.613543738422386298e-01
5.718647566881761568e-01
3.525335074962278714e+00
8.549744464149640066e-01
6.138722388380509765e-01
5.297795697331366682e-01
1.723355643707987994e+00
5.850866051726436590e-01
1.117102665487465174e+00
2.357630789527860316e-01
3.180664239856509479e+00
7.859593174312612396e-01
1.119107968187601498e+00
3.516151669401021418e-01
5.718950727256810751e-01
5.861149455756612392e-01
1.218453586702000990e+00
3.382184451349274923e-01
4.276693185546471376e+00
7.260091109869980519e-01
7.410724150784435693e-01
1.731167149909374148e+00
3.025906083919855494e+00
1.552953758575690957e+00
8.834057456990933588e-01
2.067752312665787962e+00
8.309518771399512005e+00
1.405762562344300193e+00
9.782916947799643603e-01
1.954747864027230442e+00
1.836297652673877012e+00
1.451058037366808717e+00
9.314816047052332237e-01
3.025467855967700070e-01
5.068904435403290165e+00
1.403819653659880373e+00
9.745847763208891346e-01
2.142058715768465904e-01
1.030121327439606632e-01
1.398675291099706897e+00
1.091479223765521978e+00
3.800011197445722355e-01
3.031488201329306520e+00
1.451048102775324367e+00
9.314834581069527664e-01
4.664499087494657914e+00
3.718676368629342477e+00
1.449867325861464051e+00
1.194459598791811628e+00
4.945442958959167079e+00
1.895528442262664370e+00
1.449598898599459007e+00
1.194325027548274631e+00
5.526374152667588469e+00
5.063370759455876779e+00
1.398560143411152978e+00
9.046377219005599102e-01
5.495468109160346337e+00
3.811087547751175753e-01
1.469079297425866626e+00
1.823514600751785508e+00
1.152084678559191389e+00
3.204894713728510425e+00
1.645346853503693696e+00
1.230243607892446134e+00
9.702574973248919710e-01
1.700246131713218700e+00
1.645039511739440741e+00
1.084248926999115126e+00
9.611934862130245838e-01
1.738854437512774354e+00
1.775045438252445651e+00
1.320629328841971484e+00
1.565469669400187058e+00
1.814681408552431208e+00
1.701519020421782047e+00
1.116033990011848331e+00
9.608697367899404762e-01
4.537428352493541261e+00
1.450994541458842546e+00
9.315105235228617886e-01
1.279570295737203933e+00
3.681387170817694621e+00
1.375463391369085686e+00
1.515948738713802202e+00
1.832384425466303979e+00
1.697119925682660124e+00
1.450087133195952616e+00
1.063734372552136209e+00
2.147096503527214484e+00
1.949171853806707766e+00
1.887934203163363689e+00
1.088109711446139327e+00
2.167617243141942485e+00
3.892358036756036199e-01
2.837794675107242259e+00
1.128826029808681186e+00
2.071021633364305448e+00
4.867750003422082195e+00
1.647825346823978521e+00
1.529818300840164014e+00
1.984169418637146576e+00
9.726832410214925062e-01
7.580845070461185164e-01
2.080943566938524558e+00
1.725435946962788236e+00
3.102565037923994851e+00
8.554933788482822488e-01
2.272438584812391582e+00
2.079119949118779953e+00
3.412677940318539882e+00
8.554691256197936022e-01
2.272448119580332104e+00
3.698836636604653894e+00
1.723275987729125491e+00
9.839856620362207318e-01
2.311388900634502530e+00
2.884149801500702215e-01
3.519135974504953079e+00
5.141955479963774556e-01
2.312931293766685936e+00
2.909475983497173956e-01
1.660566011460633762e+00
8.063967453981769617e-01
2.127851034838452282e+00
9.048918169981211568e-01
3.509966374571823255e+00
8.555306553079518039e-01
2.033010925724227036e+00
3.843890132839332896e+00
3.020310334203477609e+00
8.555410137382395419e-01
2.033172532094141616e+00
3.843973649947668658e+00
1.723271009339088167e+00
8.240479214903212446e-01
2.001347312045557825e+00
3.857287109608550590e+00
3.699405143712283461e+00
1.737369848766376235e+00
2.318844858504775175e+00
3.857211390459383438e+00
8.139751231752020422e-01
9.653147500510120826e-01
2.292266239541144390e+00
9.123458195079905408e-01
3.055875136406853709e+00
9.653467383169692662e-01
2.292299058912448118e+00
9.123826694636486545e-01
7.306221054087794764e-01
9.021006253080207093e-01
2.081347600658261854e+00
5.726572108171552600e-01
3.206755528433607338e+00
2.026466536356565484e+00
3.394651291130770687e+00
2.139640996005018447e+00
1.521188966524453123e+00
9.023497142949447047e-01
2.322110920924700395e+00
6.779557083719728316e-01
3.746957015913841449e+00
8.553963810771278986e-01
2.032821422139401424e+00
6.137922061245516536e-01
3.020052562670493490e+00
7.133354979338477619e-01
2.272312976056449774e+00
6.137486135116816399e-01
1.723285527912995718e+00
8.237343479426139092e-01
3.698988772844558071e+00
9.480458468786115978e-01
3.454048806552064477e+00
1.735866469071603690e+00
3.697592661037447215e+00
6.381496968120146107e-01
7.985824676074931849e-01
8.237275443195078983e-01
2.001013793878797742e+00
6.378735742217630511e-01
3.857404535245160471e+00
9.021875588540927415e-01
2.081030368420480503e+00
8.199941195949117523e-01
6.769619848884028679e-01
7.155930840306533591e-01
2.027860234829480301e+00
6.073977399367910257e-01
3.364102156693046908e+00
8.266007645863382436e-01
2.000638337957866497e+00
6.995377188893309173e-01
1.722555326914167351e+00
7.432014497174961321e-01
2.001273650218829747e+00
7.538969581118806218e-01
3.483053320119173790e+00
1.049312652363049381e+00
2.213174633025440929e+00
5.027404262105866772e-01
1.053964530641039232e+00
1.738931945750825436e+00
2.241153670905172479e+00
7.774566422120402498e-01
3.905967380221685659e+00
1.879888268122205774e+00
1.252868720102554789e+00
1.381622330576052660e+00
9.605365976261784899e-01
1.647403636129070037e+00
1.047648048478909688e+00
1.232490152041481268e+00
2.377226416948194920e+00
