8.765081104777245002e+00
3.746938083656049301e+00
5.080181867494120596e+00
1.984545943142863367e+00
1.662167160508222707e+01
1.342213238289476696e+00
5.233967030675136556e+01
2.864290968313269659e+01
4.350605923476155823e+00
4.846614544121305990e+00
6.459434191419131999e+00
1.061337231551479299e+01
5.133644469745523686e+00
2.277803224550693173e+01
3.368675310792359934e+00
6.937139184579650930e+01
1.334543394014288786e+01
6.142622059299398529e+00
2.597003137760743652e+00
9.278578714457417220e+00
4.025687036259418150e+00
2.449618841599281449e+00
1.542058734649917540e+01
8.026322915411077119e-01
7.858606101313304748e+01
1.485990140738732634e+01
2.518033327010494915e+01
3.777937883489855597e+00
8.466951583877582621e+00
1.956325783492505410e+00
3.851321934381696011e+00
1.212610613945314952e+01
5.286442087183440108e+00
5.102776956972821409e+01
1.674593569785898595e+01
1.086301286307450056e+02
4.448177705965979278e+00
7.876926231898856656e+00
5.762918936294528116e+00
3.034238919278909652e+00
1.725922097403451261e+01
1.286632564840523685e+00
4.736071894708876329e+01
3.866015116576729582e+00
2.948868806265284448e+01
9.737965771076490640e+00
3.958534962362045917e+01
8.061769404133835693e+00
1.245686796162284793e+01
1.813114492405377476e+01
1.228903601398824819e+01
4.767012063880900996e+01
4.929070210953883446e+01
9.677565707124536232e+00
3.083498492790168743e+00
1.042727211219130190e+01
1.382088809573363219e+00
1.845208634481224186e+00
2.596631390389982919e+00
1.321208346607454054e+01
2.804103163016877076e+01
1.764725729549977373e+01
3.424584353748309162e+00
2.035064080004979914e+01
5.594977986572977358e+01
2.159706767236184533e+01
2.296579413798765401e+01
2.246929155652162535e+01
1.567406612483894612e+01
1.631498114417108880e+01
1.083909643339979390e+01
1.437478042248607579e+01
8.734603143005047698e+00
1.023997073106201405e+01
1.312839543952237875e+01
1.516122643933869085e+01
5.987527433528622822e+00
2.437739335686847753e+01
6.541153475128002048e-01
6.827738386705877360e+01
1.850095405339864740e+01
6.678076190675072077e+00
1.712151912161685940e+00
6.214753455767982437e+00
1.049377255987272584e+01
4.490072201068524116e+00
1.980271496558039601e+01
2.136205256090679239e+00
2.260847568893353809e+01
1.353681025099498214e+01
