6.128953978638804045e+01
2.667627040929560778e+01
5.779147860173269535e+00
4.579739504224722424e+00
1.604437218253229602e+01
5.789388978140005193e+00
1.408434283345227911e+00
6.516985740227771373e+01
1.050394152012801285e+01
1.419288679473409198e+00
3.790285204179201628e+01
2.667734699928391251e+01
1.545724413799089803e+01
1.164294254534498085e+00
7.343042042944857073e+00
1.544577122815675629e+01
5.581289557195481166e+01
5.781298027811701878e+00
9.594469590744090226e+00
9.196222476110430932e+01
1.603867846752289594e+01
1.545402438992131344e+01
1.401260794076966576e+00
4.500900698382016785e+00
1.547501146534106908e+01
1.411832935306691406e+00
1.604146111435598598e+01
1.546177232477202246e+01
1.399726357449130987e+00
3.792399047692249070e+01
2.100872095739850121e+00
1.640198356688213366e+01
4.133166569588420103e+00
1.711738071229246705e+00
5.367011709496753724e+01
5.469861875182692401e+00
5.362309430114590159e-01
5.543856203950355166e+01
1.606139585835044770e+01
5.284478135100951768e-01
9.820552110516818090e-01
5.440216541524299565e+00
3.002282954970331375e+00
9.828069224570903373e-01
1.658725359937357879e+01
6.986376308398242196e-01
1.349026274784213442e+00
6.516909078239736175e+01
5.240617022148282844e-01
1.752940583114067863e+01
7.377597935449996314e+00
1.582986130169230232e-01
1.652953708302277747e+01
1.122463883621229508e+00
5.001922273864837232e-01
1.752940274576467772e+01
6.516900145512033760e+01
5.365503209967298348e-01
1.653547273783728500e+01
1.314869561520315866e+00
5.002402489090462367e+00
1.604128403725667695e+01
3.470690996981365739e+00
5.002476336291485914e+00
5.543443209461610621e+01
5.777675719908859975e+00
5.002471420400967261e+00
2.626743742610432264e+01
2.667627763967273324e+01
3.460904888339449759e+00
1.399197200901288518e+00
5.787857228564915246e+00
5.002435215278233649e+00
1.409814663020189318e+00
2.667710642208544414e+01
3.468689988267554369e+00
1.397657353134964309e+00
2.196349864031330057e+01
3.473393002032322041e+00
1.752941081137780088e+01
5.777537042459334415e+00
5.002476268916153934e+00
1.366733660734573341e+01
1.603841265909789016e+01
3.482633074173163923e+00
1.752940971635807799e+01
2.756087453528501996e+01
5.002517327910418921e+00
1.544693277396900122e+01
1.390417230832793560e+00
5.002521052531382573e+00
5.169739631197067808e-01
5.792231294065635083e+00
5.002517531074571089e+00
1.534121660867479309e-01
1.605996466377546739e+01
5.002684017351460177e+00
7.225533772795280640e-01
3.791773626167456968e+01
4.313548098763546612e+00
5.222075317590312293e-01
1.112943593274996701e+00
5.002651425794921280e+00
1.158461998489204170e+00
1.363040708041506655e+01
1.033456667320163547e+01
1.688668523374067831e+01
3.572993524263729181e+00
5.338143767557461672e+00
5.701695893060536946e+01
3.571022668050322313e+00
8.804421847878984408e+00
2.577703177621744501e+01
1.688667078442085412e+01
2.793025642811455267e+00
4.854204757022521299e+00
7.956911407647359269e+00
2.718198882815833439e+00
1.380663154865876319e+00
1.688667761203238271e+01
1.234319558473980827e+01
1.379401294220917062e+00
2.570433508252127197e+01
1.033818062012507077e+01
1.491032552050732818e+01
2.790093802338257323e+00
2.800074473270941500e+00
1.491220213189066612e+01
1.688665969889289897e+01
4.419111101641926886e+00
1.491158642013036761e+01
2.571705482665688081e+01
2.717460333037848841e+00
1.599647528736355184e+01
1.379162388930637917e+00
5.458393423179168202e+00
2.008413671487089047e+00
1.173413832363323195e+01
1.030066851087540591e+01
8.922788856427857906e-01
1.700454293901359293e+01
5.384387634189981675e+00
2.438596147994107177e+00
5.422833073464707354e+01
5.264653078903934080e+00
8.898230440404991670e-01
7.263074906899542604e-01
1.030979408727467472e+01
9.331183693465882056e-01
1.254693648315905996e+01
5.392868391630574187e+00
4.623956412751961231e+00
8.446072234373961152e+00
2.800551953843614772e+00
3.063254256523487928e+00
1.688670445666148012e+01
2.799592308645135308e+00
3.063536248956097108e+00
2.569993791070917766e+01
1.036362945269218194e+01
3.062551988370092459e+00
4.642103494694055144e+00
5.082894286905601966e+00
4.623941542406812211e+00
1.596944133885154571e+01
5.396782213400311612e+00
4.623936562627524616e+00
1.223744416867142748e+00
9.397340415380819323e+00
1.656582784219257931e+01
4.095604265669249955e+00
8.422228113153913398e+00
5.610000995449937022e+01
1.090905817412045486e+01
8.421806590357277855e+00
2.772535726083921404e+01
1.640175098254590935e+01
1.389472355620100608e+01
3.481834592544243989e+00
3.077280129017955890e+00
3.146604275426497566e+00
9.822557990131354222e-01
5.358601066914705946e+00
1.043982508513875374e+01
2.650896411052933388e+00
5.254003635092259827e+01
1.534303675571604231e+01
1.401277153264756414e+01
4.245254307676557204e+00
1.072013506336187483e+01
1.614479687710534961e+01
1.854302754169978940e+01
8.290062974257333295e+00
1.408676955225231531e+01
2.823170931507103276e+01
9.505168975284332689e+00
1.468249499422093152e+01
3.481042409614672373e+00
8.362455565850156702e+00
2.825725692546976919e+00
3.837063905664813923e+00
9.506266054563733192e+00
3.002428584556188884e+00
1.658421678215310635e+01
8.254609712117689568e+00
2.631143941810000442e+00
2.652436394549553711e+01
9.506282359949267402e+00
3.002252939645730478e+00
3.482020018299444963e+00
8.221849282973225925e+00
3.002138350571891490e+00
1.554303726336839553e+01
9.260599891811045481e+00
2.214169944656454447e+00
4.215451218393574173e+00
8.420320682109995403e+00
2.130711390571027319e+00
2.636383326595332477e+00
6.529535114488592029e+00
5.002501247817582986e+00
2.614201325092150441e+01
8.153890473632406710e+00
3.766359980114365680e+00
1.601784280304041408e+00
7.506450718438998138e+00
5.002475517253019532e+00
1.752939807452470333e+01
8.421540757490729945e+00
2.128205063911311701e+00
2.096072205684097689e+00
8.061881598545395988e+00
8.778130388118778882e+00
4.078861832806294885e+00
8.821507243657007891e+00
3.451667440393874742e+00
1.689771313598537361e+01
8.822506262879668881e+00
4.285668809879513930e+00
5.303376124482076648e+01
8.424695144756837450e+00
4.274101436613370275e+00
2.433983425504934850e+00
9.450102743625281576e+00
5.427718174297396558e+00
1.490918538989981634e+01
3.719862731396853306e+00
5.577864020357488961e+00
1.040962300910596605e+00
8.239764429400933565e+00
1.027987448525920477e+01
3.062666619148358915e+00
2.415122249910669705e+00
1.613882913039672573e+01
4.341869482113938972e+00
2.415153497508130354e+00
5.372784782246279889e+01
4.419211874163756271e+00
2.290812715833076663e+00
5.378694173500269926e+01
2.558108593937573971e+01
2.283259732363444261e+00
2.840376108254475951e-01
4.644219720640584192e+00
2.320910310635061702e+00
1.995398072837073211e-01
2.579516857152445652e+01
2.283224525670415783e+00
2.835503455098548065e-01
5.416915265569411275e+01
2.415217690021702612e+00
1.648196055666869242e+01
4.425830585275810414e+00
2.415010160613922707e+00
1.437003313622381029e+01
1.613889086824356056e+01
2.322887888992744454e+00
1.450485407554503858e+01
5.410648120572648168e+01
2.285325517534212647e+00
1.455661032780441388e+01
1.836288285346625138e+00
2.314080062279919137e+00
1.713175629095052832e+00
5.464321647882554700e+00
2.314135089787137556e+00
2.102525112401878449e+00
1.640187073390893602e+01
2.314075621126315152e+00
1.711270086833588833e+00
2.682757225340432328e+01
2.595926034464935750e+00
2.812086915811155219e+00
2.452796828903402115e+00
2.461628791008315886e+00
1.539916997136304255e+00
1.430133822569253788e+01
2.322422699622638032e+00
2.486532064672789311e+00
4.477336406192170770e+00
2.290878750495808358e+00
2.305422096073639349e+00
1.613894343433963741e+01
2.320691400474757859e+00
2.492683181147429483e+00
3.706176957165835972e+01
2.089493102444261119e+00
4.063484624116606270e+00
7.168263319813346079e-01
2.092873014614805349e+00
2.952941894063570327e+00
1.447719401765061242e+01
2.313749187734903234e+00
3.210791711252795277e+00
2.095746520300681759e+00
2.365029453995427300e+00
5.775983232405216938e+00
6.502184081738949573e+00
3.837037708835706606e+00
6.466721167021471040e+00
1.374296318996250221e+01
3.867677690967777693e+00
8.020802219991201909e+00
6.020369097168045869e+01
3.861949290445979788e+00
7.728846331302499095e+00
8.556449968367607628e-01
3.886565965281737700e+00
7.793908815101420196e+00
1.797646928314735604e+01
4.377440448283992147e+00
7.477868866705949635e+00
2.932982994921603748e+00
4.124150977288214115e+00
7.286322729957363187e+00
7.188190266479089985e+00
2.337945687831987751e+00
8.228536193827743261e+00
3.349427769704757640e+00
2.337800001790398152e+00
8.228939463423232681e+00
1.616054891563362261e+01
2.337932549319237996e+00
8.228855343950158385e+00
3.334266871214475714e+01
5.223731522157817331e+00
9.583902093676892164e+00
4.349447866087063908e-01
2.338067523704354667e+00
8.228723357190604659e+00
1.430078297119915476e+01
2.376861257040008724e+00
8.423236247152802392e+00
2.101399701814976151e+00
2.415567233650852685e+00
8.099379602582947868e+00
3.218706620087662174e+00
2.560575135079515174e+00
8.098003862347447068e+00
3.855119096723268246e+00
