1.619757696592548368e-01
4.407841254612097082e+00
3.672723391326115916e-01
3.844607431318157520e+00
1.866756577370086490e+00
5.330536933159386592e+00
1.269979886193643326e+00
4.407918631046924496e+00
1.537818482438884304e+00
5.248461450729428712e+00
1.856225531314759536e+00
3.674236611953538567e+00
1.269984374882975997e+00
7.169587883437600340e-01
4.735590918036980956e-01
3.843943470035186660e+00
2.030606241607387119e+00
3.679346236438844731e+00
1.402727897804698642e+00
5.887779756776106987e-01
4.136971988782998544e+00
3.845866700293528950e+00
1.865881782300271796e+00
3.675866017752004833e+00
2.057876735789621048e+00
1.593254466981809114e-01
2.562845203028626173e+00
4.664464314767447495e-01
2.022498329774862214e+00
3.679593431444561968e+00
1.270063115357211503e+00
1.376993134819315401e-01
4.408051589517694602e+00
3.672708100119639885e-01
3.844220080452902533e+00
3.562418619647067519e+00
2.059032632856022449e+00
1.447210305241431738e-01
4.544243371807664467e+00
3.672715122688098854e-01
3.844514645168588540e+00
2.043527190164942109e+00
5.564106840310382163e-01
4.265725326001294171e+00
4.623577678604722796e-01
5.665489768805039184e+00
4.440333881919286796e+00
3.547532092885033794e+00
9.383195571963008907e-01
3.772229049029031667e-01
9.443573962863165139e-02
3.610856577862064043e+00
5.509494470758666829e+00
4.677809462794246365e+00
9.104864236632757013e-01
6.423251502990273698e-01
4.166942758428576532e+00
4.009781737442558835e+00
2.118736065760297438e-01
4.877137559201098149e+00
6.765669979166482051e-01
6.423236093247363110e-01
3.192569887804221906e+00
7.493780874107376644e-02
4.366723678782089557e+00
3.665350545874483057e+00
5.572694235275624797e-01
2.758739140082677177e-01
4.265722801968887978e+00
3.400228283305229415e-01
5.089895668103691762e+00
5.306364909678516817e+00
2.094271715789689736e+00
5.743363283374142148e-01
4.265723759092377776e+00
1.605361416298402899e+00
3.704484910206897297e+00
4.440333362240617809e+00
4.254751650508025729e-01
1.437619741687010899e+00
4.623901735440275051e-01
3.704452282533522212e+00
4.440333735422124839e+00
3.547414311958430932e+00
1.501427034187667431e+00
2.266937527607313374e+00
3.976916101884371724e+00
3.704700804533659575e+00
1.857819789373354569e+00
3.546799651442940959e+00
1.517846556409618186e+00
7.220602831696195656e-01
3.976966205987687797e+00
4.623307487099689861e-01
4.440333916570001982e+00
3.548029716328917171e+00
5.564193404675101817e-01
2.267420316483916398e+00
4.526320362144534037e+00
4.620110623254589655e-01
5.089897062666103977e+00
3.547447355457848062e+00
5.559007072669732707e-01
2.267584613350595024e+00
3.977314644833410906e+00
4.622617715980226194e-01
2.174162758165020026e+00
1.857808152609159436e+00
9.431649668476058679e-01
1.327582275478934148e+00
6.423245697354597050e-01
3.611992118685107389e+00
4.325222795289314526e+00
1.086109715196798220e+01
1.497600417173734710e+00
1.327581600435282949e+00
8.652702907728269111e-01
1.148510889742908603e-01
2.023973840758003462e+00
1.131442532176860460e+01
9.810253476104081605e-01
1.327580227141763602e+00
6.423237861565619378e-01
3.765069825124290337e-01
3.419743448826352505e+00
3.665491503826821873e+00
2.106341045110401655e+00
1.070759928641154657e+00
2.554334430982218573e-01
4.821967574530863776e-01
3.704402432610692131e+00
2.178484411915718510e+00
6.753961258321149463e-01
1.327580910829234684e+00
8.667012094310280190e-01
4.166250726642528157e+00
1.945694698965614533e+00
3.661337260918448688e+00
9.016813594796128095e-01
1.070759892977836358e+00
5.741823833799960530e-01
4.265725022543750633e+00
3.704695186417971353e+00
3.651667928115916339e+00
1.695453277324751484e+00
1.199661006513820238e+00
5.743198415419451530e-01
3.588119421412879095e+00
3.404230612232767683e+00
1.938532746038285071e+00
5.569585393066045498e-01
1.070759147273391276e+00
5.747669229749163833e-01
4.265724067876568881e+00
3.500682271607947205e-01
3.548690086467443106e+00
5.564567143560085194e-01
2.267160100207918472e+00
3.158297033141034826e-01
4.265724359713725100e+00
4.026467229461682673e-01
3.253861545272293654e+00
5.567564376477882604e-01
2.991323163060692902e+00
5.742403561276129276e-01
4.265723782308668000e+00
3.499654044733944147e-01
3.396827075606049018e+00
1.133944050381721524e+00
3.628509728158461289e+00
3.277550266874271756e-01
4.873836190450144379e+00
4.250069584837556924e+00
3.396717599576467794e+00
1.401024074129442853e+00
1.025978516356829573e+00
3.346950508324984530e-01
4.813806965495892598e+00
5.222411889199065627e-01
3.400193782216015759e+00
2.651320262347250267e+00
9.238975864988768771e-01
3.512891421858823637e+00
5.254770212067222168e+00
1.652120136304884523e+00
2.964118100168454450e+00
1.815949722955849666e+00
1.026309095594489351e+00
3.512829349226903819e+00
3.347064253977596882e-01
1.652102134997978977e+00
3.413977732375940821e+00
2.932597249226157832e+00
1.455126440262712040e-01
4.245134369926240936e+00
9.006887954230838877e-01
3.582628821541363084e+00
3.045820117264054883e+00
1.134779052573591684e+00
9.749231454691388299e-01
3.627905556918263219e+00
3.286599786999744310e-01
3.583649000221983183e+00
1.650701597808788224e+00
1.335529322680050202e+00
1.097789554985097338e+00
2.991366996096995190e-01
3.616697133164914035e+00
4.259341565856156642e+00
3.395130123270501343e+00
1.613733288640380126e+00
1.262224155650691015e+00
4.119901063379034944e+00
4.555100321266002616e+00
1.000084338555969482e-01
3.245597451087659735e+00
1.612423168871951473e+00
1.667725089489008328e+00
4.122387304218336546e+00
4.700727816770893241e-01
1.853819349944834327e+00
3.632695342483296841e+00
1.611664169000533775e+00
1.254499285250382457e+00
4.374211693226090603e+00
9.715765969021579462e-02
3.868854555825921082e+00
3.642868826933399529e+00
1.613000862758629639e+00
1.667722916071217698e+00
4.124513176025069505e+00
4.695719163453020428e-01
3.871129796599630968e+00
4.506257759824459974e+00
2.018762368699810850e+00
5.643390836858562798e-01
8.736319860943856375e-01
2.044258861003525940e+00
1.650715689113515294e+00
3.045596049971618147e+00
2.059672134102650265e+00
2.967816017639002268e-01
9.240752123295266074e-01
3.346768278396154983e-01
1.652125920375975499e+00
3.405531551796762813e+00
2.348664130280345486e+00
1.080871976148501945e+00
9.749559594618139036e-01
9.207096526964070327e-01
2.044312386918413882e+00
3.045730875396324588e+00
2.348602359944123918e+00
5.644433228935502589e-01
1.455134184095427941e-01
1.149065337929149111e+00
5.306364818710072484e+00
1.650702911546246598e+00
2.080847436497549552e+00
5.622220695648915134e-01
5.729132568399677439e-01
3.747545695441081737e+00
1.725362768976178574e+00
4.540551884149009787e+00
2.086864625894245595e+00
1.270020366004265044e+00
2.734319593458944264e-01
3.527464591621632284e+00
3.907310553194539349e+00
3.679715835717503492e+00
3.340359398511537847e+00
1.667726930822302167e+00
7.169606416181059094e-01
4.407904666834364882e+00
3.903465886364470894e+00
1.856724990684410104e+00
2.348611141615577935e+00
5.627400136989990642e-01
1.455139848056911378e-01
3.627885345489159530e+00
3.278767293966164398e-01
3.045664550858781183e+00
2.348621323951287199e+00
6.574583755676736141e-01
9.750713516302577100e-01
3.627590444793052260e+00
3.287448565330872152e-01
7.719315600359190066e-01
1.600188249321102374e+00
1.253360836078340812e+00
3.635900483207687439e-01
4.674505781200175569e+00
1.056447624487001774e-01
3.872179919161547357e+00
5.831421895888043716e-01
2.147501958276697653e+00
4.622227460392593912e-01
3.710730877691170715e+00
1.857667627212635564e+00
5.303727555239408531e+00
1.793911208305502214e+00
1.502390331573771221e+00
3.976664280869309120e+00
4.400983502251097690e+00
1.857664004309151240e+00
3.128988959740507170e+00
5.842231797528114612e-01
5.665330487479897092e-01
3.976759029542355162e+00
4.621484615955229747e-01
4.440332799233591921e+00
5.298869532721597331e+00
2.035543439915547648e+00
8.297145802712128093e-01
3.976609340342007304e+00
3.203304820311150825e-01
3.709395282523304971e+00
5.295224046432839060e+00
1.208917473949602028e+00
5.608514965369403305e-01
4.259012354784339038e+00
4.620978253248087531e-01
3.710364772748744766e+00
1.857656458192421312e+00
2.455274497855214122e+00
9.878144931306204191e-01
6.423250906351469780e-01
3.534150328264103802e+00
1.857272320490875428e+00
4.672238254000091295e+00
7.191264584931076342e-01
1.002031143875181440e+00
3.809914454561062480e-01
1.010762356345035612e-01
1.876409790082939066e+00
4.588982319849720604e+00
7.311007493418824055e-01
9.980368020027666764e-01
6.423249028166490016e-01
3.765015468774824403e-01
3.613092141650688038e+00
5.031609749675840959e+00
8.608918139484558196e-01
1.584606427062405842e+00
2.389827921432801927e-01
2.872056941585346412e-01
4.368595149063184913e+00
1.100808787104834208e+00
9.806998439424674530e-01
9.711132306246591517e-01
3.909875783639644165e-01
4.435147137216213231e+00
1.877476443935815142e+00
3.662975215736858470e+00
2.173020017707472107e+00
9.873505718505543038e-01
3.826255762845842123e-01
4.435147851599555935e+00
3.536311869709494626e+00
4.877416004582025622e+00
1.769632153462095348e+00
8.201385041230656592e-01
5.814821527872050533e-01
4.265724002217683442e+00
3.523502117198971550e+00
1.863158895264126924e+00
9.814905622038475608e-01
9.934166491379977648e-01
3.824922544025686766e-01
4.435147718532012284e+00
1.146382426464924720e-01
5.116462420544061196e+00
8.544370245278116727e-01
5.753055185696300811e-01
5.814833321656962539e-01
4.265724132921955736e+00
2.353799450902348267e-01
1.859435280612039110e+00
8.726220117645665519e-01
8.953883193489762249e-01
3.346276259330475678e-01
4.409509002496047714e+00
3.493554321818474473e-01
3.399996225130461625e+00
5.859060993971958453e-01
8.370954919845233766e-01
1.070761746328477981e+00
3.718787322875964918e+00
4.440334922677322993e+00
4.668308583831297653e+00
1.285761916094927626e+00
5.702181549025168161e-01
1.070762097751831732e+00
4.621737978419749315e-01
1.857682497497665564e+00
3.582560668157818373e+00
1.208238233707656262e+00
2.009197782234698249e+00
1.070760017379058127e+00
4.618459773756787290e-01
2.145618109504779714e+00
4.889190856195247292e+00
7.908485651897573243e-01
1.963236344296831914e+00
1.070764502160699294e+00
4.621190586574594472e-01
3.403744186616467271e+00
4.440336315002856971e+00
1.793038247759720205e+00
5.662748349243251766e-01
1.070758694673660472e+00
4.265723980416830763e+00
1.857679118960975373e+00
3.560961337236667301e+00
1.792701400382858523e+00
5.794598735752151120e-01
7.221481520903303419e-01
4.220717903025378526e+00
3.404799025417117431e+00
3.544435740845719440e+00
1.793765051439322633e+00
1.429614160143825474e+00
1.070759930159113082e+00
4.265725563313849555e+00
3.717816029717846416e+00
1.673403945300589724e-01
8.508523636583902316e-01
8.275086214428218900e-01
1.070761545250045854e+00
3.976207501030442959e+00
3.336575798837770890e-01
3.584624852135848361e+00
7.908190215942146883e-01
5.518430291836864399e-01
1.464729833700034733e+00
3.976723263680354226e+00
4.620542139239063317e-01
1.857675277252219814e+00
2.035612458844695993e+00
2.301573476855235167e+00
1.070760702787730168e+00
4.259404185723582259e+00
4.617317540121727570e-01
3.396744808692018225e+00
9.827792411824655128e-01
1.683542050447157878e+00
1.072493110309893583e+00
8.603172540366207377e-01
4.387541037855943848e+00
4.876289392182342475e+00
1.836980908797784862e+00
1.001033903857374341e+00
1.327582330906202257e+00
6.423247965620811906e-01
3.417233411975452828e+00
4.876705195423814310e+00
1.693682437737000113e+00
1.506237572382558954e+00
1.070760498468149136e+00
2.367257112764941385e-01
3.501601292554409550e+00
1.874865475788632496e+00
7.191858174861831543e-01
1.007684689568503655e+00
6.799551363241865820e-01
3.799157686842822845e-01
3.765050563058025546e-01
4.509178570036842082e+00
5.387990012986184629e-01
1.985675037794882414e+00
1.070758117885644678e+00
2.441491599471656004e-01
3.114271564813672621e-01
4.440333127002181079e+00
8.687767694004365771e-01
9.148050001677443532e-01
1.463519132552697499e+00
2.187425255714146033e-01
1.080984250064555424e-01
3.396511493183339336e+00
1.289467209039790063e+00
2.332891232097420442e+00
1.327580465109977181e+00
6.423245833250325054e-01
3.353031273852933314e+00
4.876889600378594203e+00
8.526712994271582469e-01
1.693822563274238080e+00
1.465660714928350927e+00
5.814836241280451068e-01
3.174213338063721412e+00
4.440334198942632149e+00
1.294502923190246291e+00
9.232666956301690542e-01
1.346766121374436409e+00
5.814824833202010268e-01
4.265724180850857472e+00
5.467771024955415449e+00
8.597306413042063999e-01
9.041109987295788963e-01
8.702014592989625319e-01
3.351586576076049373e-01
3.821262085381430751e+00
3.595720266181956504e-01
6.053460647520741977e-01
4.221719707467118887e+00
5.634971792925304035e-01
3.172230628206072822e+00
1.243553752518996164e-01
5.396291285804011295e+00
9.653646823559350887e-01
9.124052882290195621e-01
2.693603732701982945e-01
3.574056660201280433e+00
1.666396540181229069e+00
3.055868099536459770e+00
7.567734389000241313e-01
6.775064339609050412e-01
3.747844446530275153e+00
4.326712969306945489e+00
1.725597798214343115e+00
3.022373738115722741e+00
7.351256399719213741e-01
1.046132387978284894e+00
4.171265592326229843e+00
5.255759839735958394e-01
1.883224824905367356e+00
5.358049652473302338e+00
7.835036693635425431e-01
3.497860199789404878e-01
4.172476317390175105e+00
3.315167966953254108e-01
3.178360239126265530e+00
4.918008400216898224e+00
9.704940961484496142e-01
1.218570399847512364e+00
5.357125485286054811e+00
1.812815826389036600e+00
5.283174539035241146e+00
2.178352754451011730e+00
5.312384270673243813e-01
9.768696626107408187e-01
5.508847480641350103e-01
3.837457472755620103e+00
1.873445258598541940e+00
3.570426381794560289e+00
6.062707756303780116e-01
1.386003368585463136e+00
4.690630671449593336e+00
4.058656801588433893e+00
2.760951684791346228e+00
3.693332497160061845e+00
6.064220827928655799e-01
1.025824823650688389e+00
4.223429152773654494e+00
1.707853527539166860e+00
1.875769892490381396e+00
3.576237749527356069e+00
6.064709762175297669e-01
1.332705437026797002e+00
4.223387339269172536e+00
8.199431504901136605e-03
3.180964530605291163e+00
3.576327033651011789e+00
6.062908882533761812e-01
1.025820941920355667e+00
4.223424053476159123e+00
2.638714208736227529e-01
4.621591466111531155e+00
1.875768922580305142e+00
6.924848111252922545e-01
1.353548451956110510e+00
2.078896374875777442e-01
4.149571894291966601e+00
1.979056470405307522e+00
3.753006305133180565e+00
5.329583562941996311e-01
9.576301872462344988e-01
5.461491899147574713e-01
5.193212958415595049e-01
1.997402182025712181e+00
3.686591909521219623e+00
1.069379234991217231e+00
1.119031819989035226e+00
3.556701544867688081e-01
5.721562519109445466e-01
3.178959382816499701e+00
3.656444840438535238e+00
1.070081322473114938e+00
2.045814526077842199e+00
1.407587815016810850e+00
1.000544187887356884e+00
5.249226544994638921e+00
6.598871870436179288e-01
6.885523740184543717e-01
1.334793004351049861e+00
1.895558250479941476e-01
4.830389750806225457e+00
2.091774347045751714e+00
3.755680631673330883e+00
6.973236886147683444e-01
1.386716528564209794e+00
2.508406503929734299e-01
4.404451524809946505e+00
4.086851469273713455e+00
3.737416342321790097e+00
6.906799182083057653e-01
1.201602677182088685e+00
2.130849893716894317e-01
4.424533604652251206e+00
4.139328045831981662e+00
1.980287897200382785e+00
1.291175899511687986e+00
2.086904317757699800e+00
1.486713357235534660e+00
5.921109288265417270e+00
1.084922354723147464e+00
3.423748509341493218e+00
1.217261532410610414e+00
2.207852183355905051e+00
1.590124975530263496e-01
5.357175849602081819e+00
8.097378446740274294e-01
2.174959326405138338e+00
1.289184187341876564e+00
2.083845114050623781e+00
1.489104889292633516e+00
5.484075439928651541e+00
2.050648679457883983e+00
5.291111025627106557e+00
6.392188322559491098e-01
5.300294579282187613e-01
5.551209680487593223e-01
3.165098530997945137e+00
3.252573230983462960e+00
3.696104432181716248e+00
6.453701029302791881e-01
1.056903510539037638e+00
4.111079338468203836e+00
3.176491877520597473e+00
1.875734297156136376e+00
3.698376774990935534e+00
6.453798499603232708e-01
3.234972124818759620e-01
4.255144058119840089e+00
1.716183031268873949e+00
1.848439882026983838e+00
3.588922423254919281e+00
1.451054129345017429e+00
9.314773463841744539e-01
4.411732303492367890e+00
5.714071024790333686e-01
3.202413631172152719e+00
8.363348028959441294e+00
1.449611338298256724e+00
1.194290117682472285e+00
5.229392918105031818e+00
1.173080199383254724e-01
6.933983652873838111e+00
1.894651104257927043e+00
1.309356245394724283e+00
9.772550954240267762e-01
6.476758170308466456e-01
4.170294315183451950e+00
1.705620711197643802e+00
3.656641853432989198e+00
1.386070085403941166e+00
1.491895250494629677e+00
7.466330426720944047e-01
3.471032627728708686e+00
1.720205518057643657e+00
5.198754047571383374e+00
1.397054347909817862e+00
9.650708941152306153e-01
5.340774188095830377e-01
3.889302622711928170e-01
2.296935401050424819e+00
3.204000219967840568e+00
1.782444987406798020e+00
1.345505711898453027e+00
1.067159263442531314e+00
1.426466618832795463e+00
2.865739683918364644e+00
1.871123881423560009e+00
1.342470738159995847e+00
1.799825433310551004e+00
5.428321987465309917e-01
4.851796671831238861e+00
1.835310549286673920e+00
4.940429396021914776e+00
1.399117195906024902e+00
9.681315966871965051e-01
6.985399473415560001e-01
5.495837491343877446e+00
4.141075864560946229e+00
4.922102719549836358e+00
1.737587413465621067e+00
1.115195961849217099e+00
9.614977756805274112e-01
5.422998164274436483e+00
4.484560808483373684e+00
1.696378505910776324e+00
1.397141978186766664e+00
1.050989870350026223e+00
5.341556792661469322e-01
2.908749254600420553e+00
3.855911676122805720e-01
4.237263261687552074e+00
1.726754615348165656e+00
1.407064866621604127e+00
1.437611692044830081e+00
5.265085814715511070e+00
1.614016146544382080e+00
1.871283200973814731e+00
1.900257023355157004e+00
1.392550389924832599e+00
8.729145784820792064e-01
5.450962788753966670e+00
9.049176809429155810e-01
3.104403230661745727e+00
6.454984010581364950e-01
1.056477873684997348e+00
1.429745545971901066e+00
3.172769965767916034e+00
2.029142300634006357e+00
3.209485148085035267e+00
6.455124105449693284e-01
5.352430832611325684e-01
1.356482793615936489e+00
5.698933623046448238e-01
1.874779374392490539e+00
5.402901880966507697e+00
6.455187930638478511e-01
5.357874565933128386e-01
1.411340245772350954e+00
5.699051839128799202e-01
3.173667964878571723e+00
3.698899803153151478e+00
1.449833354776390193e+00
1.194525330920991335e+00
2.338920455193061798e+00
2.264859759628639890e-01
3.024362415630045486e+00
1.894946435079846170e+00
6.454968848395002956e-01
5.358669241646983883e-01
1.429550732466206453e+00
4.086793064337162384e+00
1.875869169707993889e+00
3.209484853755514511e+00
1.180639795248526580e+00
1.056514161275694308e+00
1.429336508955759255e+00
4.482191912351614071e+00
3.175924408041689073e+00
3.698238674236119294e+00
1.452216050578011730e+00
7.987977091517084460e-01
2.172484304018013290e+00
4.947925498407617972e+00
4.445820208421531028e+00
2.610458420741963437e-01
6.015935352739371078e-01
2.153822099738458729e+00
1.381361460676139075e+00
4.481166686906893126e+00
1.715602164985928768e+00
3.698838161106201117e+00
1.661455208979099041e+00
7.282638053762594543e-01
2.172913017941093816e+00
5.616849684397444697e+00
2.304126364086016565e-01
7.335129440350284247e-01
1.449611921628921607e+00
1.194309184288017134e+00
2.173676993456407303e+00
5.229621562021783632e+00
1.524279607417990123e-01
3.027353585807512015e+00
1.336538439210703588e+00
1.093456039596426121e+00
1.832023763743904965e+00
7.052050630020000321e-01
1.696233810189288205e+00
3.051998237504695677e+00
1.494115570559183537e+00
9.660755141764886256e-01
2.099236318041735050e+00
5.777386851062734641e-01
2.288214482397961547e+00
4.917226716605028081e+00
1.644263673977240048e+00
1.529791411641366450e+00
2.371755848046479542e+00
1.574029614621508699e+00
4.287770941679013070e+00
1.820321908691129309e+00
1.484151884625679374e+00
1.088085616749263407e+00
2.099716389923842907e+00
1.152285956884088192e+00
5.852967317754528276e-01
5.337986685806896503e+00
1.774850549489258356e+00
1.312422523276977060e+00
2.695001682456627634e+00
1.566294888062235602e+00
1.890954120688017381e+00
3.011599975847909949e+00
1.745054673243356946e+00
1.345640959988260832e+00
2.346276260330101504e+00
1.066402804318447695e+00
2.699320717635226519e+00
1.657136189737076215e+00
1.481611583392788534e+00
9.660706675720879266e-01
2.175681724736211464e+00
1.153497241194529010e+00
3.453071423234162385e+00
4.921726206845666418e+00
1.878870659287557032e+00
1.363076371742380388e+00
2.635584655579286562e+00
8.421193140816498612e-01
5.422193781138138213e+00
2.082896366771128382e-01
1.903977900293883918e+00
1.302417063627930416e+00
3.084471064144215458e+00
1.271126763523518832e+00
4.562035683065873037e+00
2.109162901555159841e+00
2.005076085658183960e+00
1.467652655485429447e+00
3.084135664026518953e+00
1.271001942712897348e+00
5.552561863398040920e+00
2.984103166211582447e-01
5.792951672835139343e-01
2.311492276108358279e+00
2.893467695433002973e-01
4.892474306303653542e+00
4.111487491600390176e-01
3.493567134170593391e+00
8.553973683601512334e-01
2.272407324302093912e+00
3.844052605473434969e+00
4.365642022069852857e+00
1.723283378723315495e+00
3.097781018071393166e+00
9.840789272283151368e-01
2.311484343234980088e+00
3.644970385022311632e+00
1.109614777763544113e+00
1.661032640431397311e+00
3.052293251105092420e+00
1.736728423041226987e+00
2.000607538098743365e+00
3.857363467214084185e+00
7.941825469001505544e-01
5.987564033596157742e+00
3.577767325410556420e+00
8.064837860264049141e-01
2.128027174864655535e+00
3.804226565635738577e+00
9.523819923071054072e-01
4.320886690835105348e+00
1.696033066669026868e+00
9.653265769253897011e-01
2.292278949887863515e+00
9.123595171878141619e-01
4.226518504554520383e+00
1.666404893413882649e+00
3.386212077923098196e+00
2.016706064258736664e+00
3.057717625142392759e+00
2.150907618855531833e+00
1.571388867569448733e+00
1.087397805062238376e+00
3.207398896089888485e+00
1.656333965467864600e+00
3.011388802757873240e+00
1.641967906312553849e+00
1.842671908488047849e+00
3.324922240178757704e+00
3.369140264543260432e+00
1.656933603677174460e+00
1.506226414475496655e+00
1.706371323587887900e+00
1.028537169872071333e+00
3.901373778780455215e+00
1.464556024683906443e+00
7.587172631173780823e-01
2.081222628590003065e+00
5.737332913251455002e-01
3.747355930342001873e+00
1.725277141441627693e+00
3.020667853795734104e+00
7.587358512428536983e-01
3.790721362059315425e+00
6.774329334751550968e-01
3.747116612324509877e+00
4.326325261681462031e+00
3.021072881075125505e+00
9.018624176429360650e-01
2.081512287542911732e+00
5.731341250319653691e-01
3.747469861403457170e+00
4.326362953192198546e+00
1.725281789746424765e+00
1.548967132808702019e+00
2.901888349125698596e+00
1.588231837421399062e+00
3.381135846032748304e+00
1.890063588893937663e+00
4.936620054383750400e+00
1.656275791066963876e+00
3.011302722036428126e+00
1.705742590084852850e+00
3.948537717185816032e+00
1.028416479982638521e+00
1.464728021587232476e+00
1.453652803209376287e+00
2.801332015287746113e+00
1.474633808756896203e+00
3.789599264602296902e+00
1.384614362264945386e+00
3.999048004880050300e+00
8.553000605008733714e-01
2.033140692353072154e+00
6.138952005103964771e-01
3.684226567013354714e+00
1.723302420462765383e+00
3.019701023230682235e+00
8.062569276092617088e-01
2.127925205837499334e+00
1.012128367228654069e+00
1.488138944687401877e-01
1.696033110596804505e+00
2.999827333865860979e+00
1.621288884056800272e+00
1.909146794092748678e+00
1.141355100914710929e+00
1.010172944290606695e-01
3.505967606031321182e+00
3.051766441897871829e+00
8.233895476963558613e-01
2.000453913109955462e+00
6.383931175892515464e-01
1.183217536349919462e-02
2.465215859730856440e+00
2.535178490388830141e+00
8.553272441830017669e-01
2.272198865472053964e+00
1.068929362605636868e+00
3.843997246331603890e+00
2.832224825874618546e-01
3.019524524397485976e+00
8.233822846073834967e-01
2.000821052219881491e+00
6.381038135513298348e-01
3.857553599984118620e+00
2.176313116457266439e+00
3.024434669423838873e+00
8.551978825214993085e-01
2.033043099392367825e+00
1.071161068868210720e+00
3.844114726236277590e+00
2.519493476064070148e+00
1.723381820064200598e+00
1.647945083380391251e+00
1.909109126278518032e+00
1.141281040955799853e+00
3.841906311191879642e+00
7.174548493341982303e-01
3.595947284925881338e+00
6.951855745905272110e-01
2.239637020391986422e+00
5.465852066083011218e-01
3.857440481955638489e+00
1.189316232940977082e-02
1.732579435134191881e+00
1.647937949138386982e+00
1.909619442146815116e+00
1.141293622440078481e+00
3.841917287397579539e+00
7.042401130345107285e-01
2.485470708008528096e+00
9.015764204901893786e-01
2.080977742937221819e+00
5.606986453320601527e-01
6.775213616344046841e-01
1.725321673150187918e+00
3.019889953247847370e+00
9.018447857609075413e-01
2.081287095526116904e+00
9.655316057522741469e-01
5.719880206461880334e-01
2.042085160186739579e+00
3.100242564186564298e+00
7.585137088242012160e-01
2.081347783212597502e+00
5.610534943080919268e-01
6.770351626982270554e-01
2.146383224566422943e+00
1.725328800187407863e+00
2.192968752041223102e+00
2.529293675224219218e+00
9.044581939136477899e-01
2.451184892692557238e+00
3.872497535458876428e+00
3.528031206597804559e+00
1.729380242099701093e+00
2.529243485131578151e+00
1.770980585762626847e+00
2.486900214273707999e+00
2.601947539745699256e+00
4.172104310777650232e-02
2.249849347836172964e+00
3.707346464628500371e+00
8.719135619463903586e-01
2.436930134162968553e+00
2.586377176481983842e+00
3.264659424473684624e+00
9.020875398715778593e-01
2.081220451850811060e+00
8.209626278088641982e-01
6.767509574357527535e-01
3.746862807417812746e+00
3.099930472738861909e+00
9.019709542017887438e-01
2.081301229760403881e+00
5.608589473634033595e-01
6.773569962487329121e-01
3.747199249214936856e+00
1.725303557570369906e+00
7.589204152504507306e-01
2.081461391097169322e+00
8.713414851517669035e-01
6.761400297551318772e-01
3.746992106987931948e+00
2.029614407433283585e+00
9.653289308475242469e-01
2.292280874667142143e+00
7.012352327258959406e-01
9.123619662085076243e-01
4.270585532013739360e+00
1.089248184127252328e+00
7.149528971090480800e-01
2.268397775657499782e+00
7.557214677378288892e-01
3.776650723949861455e+00
1.723641148928928502e+00
3.029494465414719340e+00
4.110163633367207581e-01
2.212654377023075991e+00
7.327220542230262756e-01
3.056570928334612636e-01
1.656713346355739302e+00
4.881251924054208935e+00
4.108232776477791504e-01
1.650955276317063181e+00
7.016367662795435223e-01
3.425032898663526448e-01
4.964250543773546021e+00
4.860277585434641168e+00
5.617002446612578970e-01
6.465666850351112771e-01
4.963950616531634386e-01
1.130206461797513384e+00
3.662486994175002675e+00
4.292025645531244216e+00
8.520685775317792254e-01
1.709837057580064767e+00
7.609468494124390636e-01
3.852624318487765098e+00
1.723562830597218820e+00
3.027638821165683058e+00
7.432097197696497792e-01
2.001924202884632908e+00
6.116417366903963426e-01
3.906281042514436308e+00
3.799363690047914854e+00
3.110734695344822054e+00
7.432615274760981938e-01
2.001884627300322794e+00
6.972529438181881423e-01
4.524374360818661955e+00
2.505874153590645914e+00
2.685150299079073766e-01
1.552803954931686548e+00
1.794420823202263593e+00
8.835349662229509127e-01
4.673607695670824569e+00
4.206201850292690669e-01
5.029146294447714105e+00
5.617579279290699779e-01
6.465927355305112201e-01
6.099212703502013833e-01
4.470029492312622033e+00
3.377038139811456285e-01
1.980615813892256938e+00
1.451066044197850458e+00
3.169290223842184506e+00
9.314820411469776351e-01
4.373520223881084412e+00
5.713271680020947096e-01
4.347913190825482666e+00
1.295675346120704008e+00
2.494418359928081141e+00
1.013237300484557624e+00
1.041470701616503902e+00
9.926472861955181193e-01
8.601137455740238025e+00
9.601133908076159296e-01
2.279880104159673238e+00
7.481050034111085267e-01
7.583119677537837333e-01
2.146561018836623536e+00
3.636257534235765920e+00
1.871675337441753184e+00
1.055850769560355618e+00
1.197033968829079642e+00
8.414813849403799395e-01
1.890268102390855631e+00
1.693683809734912060e+00
1.556223278213898054e+00
3.044016240473998547e+00
1.131367114111998973e+00
2.082669401695563582e+00
1.614704392436237868e+00
3.573821848574512128e+00
1.943390485968156556e+00
1.699042824210181379e+00
1.298709209197499659e+00
1.245807568973605894e+00
2.554827451784035475e+00
1.299077749117909519e+00
1.840457630032879877e+00
1.561753325026586481e+00
1.240122237729695653e+00
1.150863163588385474e+00
2.198957168311385768e+00
3.092876644490668792e+00
1.029552250339142772e+00
2.220753248399328417e+00
2.584292034235199931e-01
6.905501657413187777e-01
3.600006563102084556e+00
3.036797730219359170e+00
1.700568863542701648e+00
1.056203953999063971e+00
1.114803917591975946e+00
8.416459814364406489e-01
5.421950687205447927e+00
1.693375253822778204e+00
1.700588087696601747e+00
1.255833638421089971e+00
1.115298332148665139e+00
9.610803239837224510e-01
6.014067474294686910e+00
2.879386273519260797e+00
1.985749099442749355e+00
1.630928148949209344e+00
1.188682536507219778e+00
1.245787409782761701e+00
4.954585440546632746e+00
2.596497840695443760e+00
8.259913162715785129e-01
2.000586659412865398e+00
6.033599386222453509e-01
9.585528135987253506e-01
1.722553310342576083e+00
3.026279432602746677e+00
7.427873742107683475e-01
2.001051968237959500e+00
7.756565652655366128e-01
1.137811103875612018e+00
2.014283607287705280e+00
3.027793449855180175e+00
1.468562298382240838e+00
1.370490230010479538e+00
1.230171279846681287e+00
2.371997573540424842e+00
1.860343277876647994e+00
1.698657077478915811e+00
7.288404484365074154e-01
3.224440051987656375e+00
8.835710241424029610e-01
1.222634040669322131e+00
4.205523733917052032e-01
4.239002240374513342e+00
1.588747091634805431e+00
7.375827295140690021e-01
1.203014947263872259e+00
2.199026726847829849e+00
1.337496873870828606e+00
1.611495150920286834e+00
1.690063170200107434e+00
5.129018532188922563e-01
1.204053669552385131e+00
2.209674379318682380e+00
1.210509397160582923e+00
3.230783446954482940e+00
1.552831403705512203e+00
1.836504127231516348e+00
6.902790546769702607e-01
1.222585772596212594e+00
2.915165814676157652e+00
3.292491146631316479e+00
1.878620480339914023e+00
1.483112105129303471e+00
1.366796493931759171e+00
2.249583035342536785e+00
5.422135614512995083e+00
1.693431074480234999e+00
2.065265064715040122e+00
2.166114628549877352e+00
1.493674344481623395e+00
2.542402780337377433e+00
5.722393283717418733e+00
2.466306988066159889e+00
1.964333839075595334e+00
3.176107200427374266e+00
1.312463246789690841e+00
2.277274789263865618e+00
6.247726144323287656e+00
1.955636395112586856e-01
2.981094532491399551e+00
5.413478221784164823e+00
2.206633445650320269e+00
2.183371812106793097e+00
2.489908426125545304e+00
4.057340569326022717e+00
1.879041725590416378e+00
1.257194020069874796e+00
1.196194649597553950e+00
2.655279214663644805e+00
9.611160243438968687e-01
1.692968796759853900e+00
1.701687429917380312e+00
1.255484989396895346e+00
1.196895777170775998e+00
2.707349764053931462e+00
9.610297164636160128e-01
2.874472242862227134e+00
1.858287452939736850e+00
4.458251963992438505e+00
1.222827820017679867e+00
2.818253003975884408e+00
1.979668221742969081e+00
2.464270006557119697e+00
1.846504469287102213e+00
7.072576713556770756e-01
1.312451110684859090e+00
3.147977144126411275e+00
1.316007615959044585e+00
5.605306916267654316e+00
