1.426866183539339472e+00
5.542540754974545081e+01
2.667771074601636982e+01
1.061837981538729281e+01
1.546662634039282658e+01
5.543943677334448950e+01
1.604051245770279976e+01
9.382326124410617751e+00
1.547625142983994984e+01
1.418777997990835704e+00
1.604340234620256567e+01
2.453047648232797684e+01
1.546367073638813139e+01
2.742987759960660576e-01
6.516996969890733737e+01
9.053973755457597861e+00
1.652991017363182280e+01
1.417355917084773376e+00
5.542779224511068037e+01
2.667849350792034713e+01
1.713869065112717749e+00
2.741836745987430390e+01
1.640198713105210970e+01
7.052913709764190742e+00
2.631985754985471271e+00
9.826927888950969248e-01
1.768600646610226690e+01
4.140631991626225528e+00
3.001887280406180025e+00
9.818299952076865456e-01
6.088540178693617122e+01
5.417546039049183193e+00
2.634348777195192781e+00
9.826088137691262325e-01
5.194511054593429122e+01
1.658807190260032272e+01
5.493748162064946428e-01
1.549689831373004800e+01
1.605301131913238066e+01
7.363778574144911104e+00
2.094704864730859484e+00
1.752940280880277868e+01
5.543740301485837563e+01
9.406829128047178301e+00
2.094709843971056973e+00
7.467001021741494604e+00
5.543937807998602807e+01
1.605117365515670613e+01
5.367739884104297809e-01
1.548689429269935935e+01
1.346345139616754505e+00
4.519054181143779658e+00
1.828668141292883575e+00
1.752939534854814951e+01
1.386993740899413519e+00
1.605545756846980865e+01
1.810913875470741452e+00
1.551633973174257086e+01
1.339823385411086143e+00
5.542873349690336937e+01
5.002408112022463271e+00
5.579341385569293266e+01
1.604161165336206452e+01
4.484456545136686678e+00
3.460583410841707508e+00
1.416674085937819960e+00
1.604429585739995190e+01
4.489405900301722596e+00
5.002465428220368437e+00
2.810794138098605677e-01
5.542316081734367117e+01
5.785608949740005613e+00
3.468729721079538475e+00
1.112938571236274710e+00
3.788555733731060116e+01
1.604264224913271164e+01
5.002389306125825108e+00
1.545178366854184127e+01
1.604034054953813282e+01
9.365982998891404065e+00
5.002481002665704501e+00
1.752940451264940336e+01
2.714077537092063253e+01
4.489829114271364219e+00
5.002482725114473894e+00
1.545934259736829297e+01
3.791190332831815368e+01
1.603864474967191356e+01
5.002442522548453674e+00
1.544776309103393963e+01
1.397089865956869126e+00
5.785137924229617923e+00
3.466541327114474935e+00
1.546829170978443280e+01
1.407636333551066432e+00
1.516337686126345830e+01
5.002538029652250806e+00
1.651318804282214714e+01
1.395863540794366253e+00
5.542658730271097056e+01
4.138863393136516855e+00
2.094721703423295889e+00
1.606332450538452505e+01
4.499864109576996896e+00
5.002559219782423128e+00
7.232217171280407308e-01
2.708553757703178277e+01
9.390151567402737598e+00
8.519855240436404742e+00
4.911488942319124362e-01
3.790518505269835003e+01
1.625107053191906914e+01
4.296891238005182245e+00
2.094698363456244383e+00
7.038796619284868328e-01
8.907804831771379384e+00
3.904818452392710082e+00
1.633099642814492825e-01
1.112946174038615288e+00
1.305824016327538573e+01
4.379338697702306327e+00
1.808464852246760790e+00
1.112949723112831801e+00
3.790251487570247235e+01
5.002523879940251383e+00
2.094713451552335570e+00
6.211110363710889537e+00
4.511958774394118521e+00
5.002531559811958850e+00
1.822086805708861057e+00
6.248101817251630052e+00
1.604975082076755655e+01
5.002683229470332726e+00
7.509127860092862372e-01
1.542900537978322184e+01
3.792580255246095078e+01
5.002629398299836438e+00
7.368363966923198172e-01
1.653041708307011248e+01
7.188976775578395095e-01
2.720276186881951830e+00
5.422784537251649084e+01
1.688664185080019209e+01
3.570250610332653896e+00
2.719132857803168601e+00
1.381175474017428906e+00
1.688666699785610703e+01
8.041736641407410957e+00
5.150713773422549657e+00
1.379945705322873195e+00
2.576246694280050420e+01
9.338107955513727632e+00
1.241117459487960240e+01
1.380980190730103363e+00
3.718612827446092695e+01
2.597295350830346194e+01
2.790703525965657406e+00
1.599646828777707164e+01
1.688662403867441242e+01
3.571903087445388980e+00
2.798990857079162620e+00
1.491171276684719338e+01
3.727449883862946933e+01
6.487549472542831985e+00
1.027950503621456591e+01
1.491344680176182358e+01
5.422766779837891704e+01
1.974440217460569302e+00
2.787807924555380623e+00
1.491199419813376892e+01
1.379720595711116715e+00
3.574075643107019307e+00
2.767768228412399001e+00
2.023309955062442000e+01
1.380746264619968411e+00
1.953123564464258166e+01
1.249497235403595674e+01
1.491326149066039797e+01
1.379496594853049318e+00
5.422595873598209693e+01
5.306779870071251182e+00
1.617277019190686227e+00
1.752042159556052425e+01
6.007719718417218857e+00
5.423783213960548188e+00
2.008414726159602370e+00
5.343014363215917228e+01
7.979198765398192172e+00
2.722740140346291415e+00
8.881153825535833546e-01
3.718296547782105677e+01
7.547533151078636315e+00
5.456118624848073750e+00
1.579543957589036429e+00
3.308075303013217061e-01
4.305459259443960462e+00
1.277359677742831856e+01
1.818205267641152867e+00
1.051805959999219553e+00
1.706403961772812394e+01
5.181264842821046379e+00
8.842607105195704476e-01
7.182114004486921388e-01
3.718533722148610110e+01
5.356021344147194441e+00
1.579398224528151706e+00
1.406815527164255286e+01
7.979668948608832579e+00
2.804980908422208596e+00
1.584555754017179297e+00
1.599645965811010306e+01
1.700251514193207925e+01
2.804258512885135612e+00
1.584559181080241741e+00
1.599646145586210366e+01
3.718436087134801227e+01
1.280728498598674037e+01
9.727502308231099626e-01
2.023127213497778243e+01
7.420443837531812692e-01
2.718174141778407549e+00
4.623936910285182833e+00
1.952671068413756927e+01
6.481276114786740372e+00
2.799270496523282858e+00
4.623938547539157007e+00
2.575190022331362627e+01
3.570098232050823217e+00
2.789909327101797398e+00
5.342346004036894414e+00
3.718374126391189805e+01
2.597295292878801476e+01
2.719210188556097307e+00
3.062472005969251843e+00
1.379782056101755305e+00
4.582928450292090616e+00
2.715363772683230703e+00
9.980145543141381026e+00
1.380795724743803854e+00
2.536254609756631950e+01
2.716647485603428169e+00
4.623934881487334003e+00
1.379628263828108548e+00
3.718533909611757338e+01
4.441608710157168183e+00
5.793669773288844915e+00
1.491032111593605514e+01
4.735810825932244228e+00
8.798255524341902500e+00
9.976926067292799516e+00
1.596868547978631092e+01
1.688663352028690667e+01
6.105475155678920629e+00
4.965537054751760770e+00
1.538550560969952130e+01
3.782322093586629563e+01
1.289134952900852937e+01
3.062682847084860160e+00
1.599647130719380073e+01
1.379296063006482997e+00
5.466497912647336754e+00
4.364335944927651312e+00
1.580035466968861435e+00
4.292451129494564199e+00
2.805566208031674780e+00
4.623934742101874384e+00
8.976960516524575828e-01
2.555793371416048032e+01
1.033333478329817545e+01
4.623933037506469113e+00
8.829551919210921751e-01
3.718295790097305797e+01
1.285965559897812938e+01
4.623925035741284439e+00
1.584557150167728468e+00
3.217181160902146120e-01
4.479548902599463922e+00
2.908504821541962215e+00
9.507249484723724331e-01
1.610460530098109189e+01
8.422416211824478083e+00
5.331289667321697578e+01
1.640173969199224757e+01
4.129033776310757631e+00
9.506082147460531928e+00
9.822047388423644776e-01
1.659034491885368823e+01
4.138710785592836672e+00
9.506151847220737139e+00
4.383191274155187500e+00
6.114049993014996431e+01
5.403748624731409933e+00
1.393260357117343951e+01
9.820677463230167437e-01
6.113984150933416117e+01
1.658464810063640016e+01
8.421851889795410884e+00
1.401528163970091079e+01
1.640170946700511578e+01
4.212724238506121210e+00
8.291051947898095520e+00
1.408608833967609542e+01
5.399615671547087459e+01
4.123174594049173969e+00
8.422512849222707487e+00
1.401617672350336541e+01
7.648968207622165494e+01
1.640165235743608108e+01
9.505712793891339274e+00
1.343715555012745710e+01
2.664969288849228679e+00
5.424310476627564270e+00
9.505982437449183919e+00
1.413607240929783160e+01
9.820796197526572291e-01
1.658417408633253487e+01
7.399453263363525934e+00
1.470504269575866907e+01
1.437709618466580519e+00
5.475879084608602199e+01
1.073138966969727193e+01
2.826032490275040221e+00
1.689595853911514567e+01
3.803449790639349182e+00
1.073160421715112101e+01
3.201779383085442632e+00
5.201957132081898294e+01
3.790352683440789239e+00
9.506379875584899608e+00
2.627769786964960996e+00
5.223313855680201101e+01
1.658472986034395547e+01
9.746262794778076000e+00
3.205909627652259175e+00
9.982548551534893289e-01
3.907500357644842381e+00
1.088187327640914326e+01
3.767736515554835020e+00
2.107572117710950099e+00
1.689267566262250142e+01
9.506449636750806675e+00
3.001994023239667797e+00
2.686425445681519975e+00
6.876401374099420138e+01
1.046955829611208344e+01
2.629422656106227052e+00
1.343452431078456932e+01
3.977811410272909409e+00
9.506372387230717536e+00
5.284373111693890790e-01
1.554307566596840218e+01
3.768510768810223510e+00
8.423690592472734551e+00
2.097228183111096822e+00
1.401350491404132548e+01
5.371517056481936692e+01
9.506397691803064376e+00
5.284437394032378554e-01
1.343468624004469802e+01
2.991917026853919914e+00
8.420714158657231607e+00
3.560250299514839512e+00
1.640179041054844333e+01
4.188506952570785202e+00
1.423579850997903407e+01
4.890480089576745293e+00
6.389413153390159295e+01
4.407717009315316403e+00
9.297122210624502614e+00
3.467231000145706066e+00
3.804479299870328646e+01
1.603699790966111394e+01
9.397298313367926426e+00
3.013699674268727424e+00
2.878907300888925658e+00
4.155547382531613820e+00
3.146460847774102287e+00
2.932330643989388808e+00
9.818194730378033697e-01
2.450616002290075812e+01
6.523288223678629372e+00
3.460450258997875395e+00
1.392364480748720323e+00
4.233172052465622670e+01
9.306911581926252452e+00
5.237158071739615117e+00
1.541962222235402002e+01
4.520496117411375359e+00
3.181084844421679936e+00
5.002413479722272349e+00
1.652975980291064673e+01
1.222551833750583183e+00
6.529844133795807970e+00
4.181267031410135893e+00
1.653022584475386836e+01
3.818391942780039727e+01
6.521916235102779069e+00
5.726405733456199521e+00
1.543617045754026229e+01
1.385121315228816208e+00
8.421935469833060850e+00
2.128168470137864254e+00
1.711324320736298921e+00
4.208426795464848880e+00
9.506136282983570496e+00
1.547345694157876927e+00
3.002533281891143435e+00
1.658374170223111932e+01
8.422968920939728932e+00
3.055228557407586809e+00
2.094938000409689582e+00
4.074367308453987846e+01
5.643747305803884728e+00
1.398657393218289968e+00
3.002398078508802470e+00
2.805035824279794809e+00
3.066127594834330949e+00
4.169180010531531977e+00
7.459368071207874706e-01
1.534844430737586229e+01
8.239349045158959939e+00
4.839789907145660486e+00
1.688638198571728921e+01
3.669666765273349007e+00
8.313229118963304742e+00
1.841243612679157593e+00
3.775093003555500815e+01
6.486207821146249941e+00
7.256361353823611360e+00
4.551942059468293778e+00
5.106809767984966442e+01
1.688637633009128081e+01
3.509912695763366841e+00
5.459181225422248929e+00
1.379088164717896081e+00
3.818105332182719636e+00
3.425211340596081566e+00
2.971188049029627631e+00
1.531368843107227651e+00
1.697230672454689326e+01
7.951392646418099730e+00
1.538974497898831117e+01
1.611884224575055757e+00
6.265495619919511938e+01
7.253685132277333025e+00
8.788815627902740957e+00
1.490924175932430806e+01
6.485273469964864645e+00
9.104203402122299948e+00
1.024217108195355230e+01
1.491119580010589551e+01
1.688636102413896367e+01
3.610112673808387296e+00
4.552497117002055838e+00
1.597021573539573502e+01
5.098241997891765465e+01
9.101390216123531829e+00
2.885890211910034697e+00
1.491088321322955856e+01
1.378616949649881906e+00
4.062307241164814897e+00
1.550512496199456258e+01
1.398911598815004043e+00
7.975864377149107121e+00
6.590280676605954291e+00
8.833806611775736783e+00
8.671599273810907116e-01
1.690088298362065089e+01
6.869772670266818260e+00
8.811174927599751072e+00
1.049181485743294617e+00
5.436770785250639193e+01
3.555666634788767766e+00
5.463586435334725877e+00
1.046101686705294576e+00
7.448963375658794739e-01
3.592653585691956142e+00
5.501086019739866551e+00
1.057817052113968259e+00
1.435291192472762312e+01
7.268107477671246208e+00
1.034197279095852728e+01
4.623969295986611883e+00
6.478483546045939789e+00
7.252947419761921033e+00
8.833494184519045334e+00
4.623968432240713078e+00
1.688640518992319173e+01
7.251953349559734363e+00
5.453961020915596869e+00
4.623970585096532915e+00
4.151306701631539653e+01
7.223112391409380884e+00
5.310984823191486015e+00
3.062058131020008123e+00
2.921126648740479115e-01
7.253427131161561014e+00
5.406387207924500338e+00
4.623953073377697898e+00
1.596912227445396582e+01
6.394534801262078183e+00
8.824329660966890643e+00
2.911305235780478728e+00
1.049318982495760055e+00
2.290800916577034663e+00
5.375707418985327735e+01
1.613882425311938462e+01
4.341645467341813891e+00
2.320265919794727516e+00
2.021020651351173036e-01
1.609839564438756909e+01
4.585298100413789157e+00
2.282429693102930202e+00
1.398455501746376672e+00
2.532667308039248155e+01
4.618342068433224590e+00
2.320057838685646079e+00
2.019234027555891209e-01
3.705438977217011853e+01
1.609843101817501676e+01
2.415078948790247537e+00
1.437013987200641019e+01
1.613884968562744504e+01
3.355710517877123156e+00
2.322494366215864137e+00
1.450482464146749884e+01
2.591559245351378138e+01
4.478034713379287268e+00
2.414774679379818156e+00
1.437026406792126387e+01
5.382416604522131820e+01
1.613880895528404835e+01
2.284186764559556604e+00
1.552682614525127214e+01
2.842325140181956589e-01
4.625095524734009089e+00
2.318891817681743905e+00
1.558476175878169023e+01
2.061259213955076719e-01
1.900666966490370768e+01
1.967593498675610730e+00
1.488270058291279163e+01
7.263482111969001842e-01
3.758135411259122804e+01
2.313664348532547432e+00
2.102493920779537007e+00
1.640184680291099895e+01
4.126670309681987447e+00
2.313609188253530125e+00
2.099252368736957752e+00
2.761548112388440401e+01
5.408142014589131463e+00
2.313647876386100588e+00
1.713373161459433414e+00
3.647554221247109751e+01
1.854627445168280886e+01
2.595947586454535383e+00
2.812137591869053654e+00
8.005164962247519611e-01
5.436727033531019160e+00
2.596034577353102168e+00
2.812358445720972711e+00
8.017429675583693793e-01
1.653965649138254435e+01
2.457216077849852187e+00
1.119316788602904511e+00
1.435475665369950526e+00
3.712067176311362715e+01
2.314230546706347091e+00
2.100008812104063871e+00
1.401271327159213520e+01
3.106282202370896695e+00
2.314545281617575778e+00
2.101766962590671195e+00
1.401492982148929833e+01
1.640176184676712268e+01
2.336560673065674720e+00
1.538332448169970057e+00
1.430242546910314871e+01
3.669143764583052558e+01
4.224667258043704798e+00
6.635995010797329785e-01
1.447712382730076719e+01
1.388303096557096161e+00
2.415079175885384011e+00
3.214383305079252295e+00
1.613887678187457198e+01
4.341744181413807802e+00
2.321597743071771358e+00
4.054568356811638630e+00
2.531142110682081992e+01
4.456700552054652320e+00
1.667801549599322142e+00
4.576301108154671837e+00
3.823939111267765867e+01
1.580589329506913820e+01
2.087432916584618159e+00
2.946414700337912418e+00
9.494672821540410812e-01
5.966895629618696795e+00
1.668127823503813500e+00
5.876451981280818693e+00
1.694258822604441050e+00
1.580601527299498876e+01
2.088172611712383997e+00
4.996454363858165770e+00
9.494327002798924608e-01
3.752981616672114740e+01
2.090797350161005763e+00
2.952096886922479513e+00
1.447717140515594814e+01
5.825765339652440922e+00
1.667896518577785203e+00
3.744486440003256700e+00
1.758880421811472772e+01
9.975383543511364692e-01
1.667989173725860086e+00
3.744384541322871129e+00
1.512044265931429798e+01
3.826944729945428492e+01
2.091391044114201847e+00
3.840804695838162530e+00
1.447709696609547336e+01
9.496383898877474028e-01
2.313565598706132320e+00
2.125393925951072127e+00
1.709744860297879532e+00
5.397754930137756091e+00
2.336711105099819274e+00
2.215935340440991830e+00
1.539921838382016794e+00
1.616063627635492495e+01
2.085468362354172100e+00
3.855765565455199440e+00
6.554452602815210582e-01
3.738034916862660140e+01
2.467004568667907183e+00
3.730359893958671069e+00
1.113368992574075955e+00
1.436335986428859623e+00
2.088553692096184911e+00
4.061511955673331009e+00
1.034064390400998290e+00
1.533312285422696597e+01
2.508278160777077215e+00
4.889441705499026902e+00
1.598693673715565033e+01
3.517499426151936781e+00
4.329294205147582453e+00
5.775663448589571480e+00
2.554997691157548090e+01
9.243367958724467925e+00
3.887676454678370419e+00
7.289588464016337532e+00
2.871483399586333007e+01
1.309257532705429661e+01
4.023576469747410123e+00
6.066583365287885776e+00
9.168084409898731302e-01
1.026973279883433143e+01
3.881847145694212742e+00
7.269791796059416278e+00
3.504512604931258046e-01
1.045139453039754640e+00
3.866412514550584323e+00
8.016822551808770569e+00
8.309168215528932588e-01
4.058691351111656331e+01
4.023546662992274037e+00
6.066589312870377171e+00
1.737470777179735748e+01
6.263309920675874665e+00
4.020003977982192112e+00
8.569744623559699903e+00
1.806530112028139001e+01
1.326376592778980523e+01
4.019198615659945517e+00
8.569088732771120931e+00
2.022860554884844575e+01
6.011238233766664507e+01
3.866067036937147261e+00
4.862912955246962987e+00
1.991860754629776054e+01
8.339202492310395787e-01
4.077645656843285948e+00
1.264022822127779477e+01
3.093900796763727978e+00
6.724912055263416732e+00
4.606501210632139021e+00
7.378425419608826807e+00
3.368617272527712370e+00
1.291894798288947221e+01
4.605579093127643908e+00
6.422068775732292067e+00
3.345663618514560955e+00
2.288131615302093280e+01
5.655701884945827373e+00
6.343317852745950169e+00
4.737764018331207971e+00
5.165281059406201081e+00
4.775034564721830854e+00
4.378971402904292098e+00
3.900190160144135998e+00
1.248242877600106304e+01
4.023385962972827024e+00
6.066758141026771689e+00
4.265234319124006745e+00
6.152649147481415781e+00
3.849740811712621280e+00
1.081503556124810927e+01
6.107948084887677709e+00
1.251268101208624728e+01
4.020663465934442016e+00
7.793081399092372408e+00
7.156988345090717019e+00
2.402058885247664577e+01
5.334336043094402235e+00
7.998916167093736540e+00
7.225390810473149905e+00
8.585872121662383449e-01
8.184202445566283401e+00
8.051655150759904345e+00
6.903405444547683345e+00
1.779260098672111567e+01
4.613937434215358735e+00
1.105880102453747860e+01
6.613898062123820587e+00
3.374809328695070665e+00
2.315541525149990676e+00
8.422866818560702740e+00
1.640163076642824436e+01
4.124374160359684183e+00
2.337831629818863721e+00
9.197965700431108615e+00
3.071325652562054032e+01
4.363900292427715044e+00
2.337737540475786080e+00
9.198004293539439047e+00
5.374017203496666895e+01
1.616056541150127046e+01
2.622219208029467286e+00
9.355621740663471186e+00
8.619259737685838196e-01
5.411092274628376941e+00
1.784987485640368021e+00
9.361864760484204240e+00
8.678912758575523245e-01
1.655204578253126257e+01
2.600248378548184913e+00
8.612730379108022305e+00
2.453252030154362995e+00
4.126520453658336152e+01
2.337963394428817843e+00
8.228853746979021722e+00
1.430081055717936600e+01
3.348794895098680335e+00
2.337911826804166981e+00
8.229507868000112580e+00
1.430147804172533910e+01
1.616051923655973255e+01
2.291801463486259127e+00
8.100691501136788375e+00
1.436883401323274434e+01
5.373250948421647877e+01
4.882597806079731484e+00
1.066001123791652283e+01
1.436792870220071272e+01
2.466591282320345080e+00
2.595951520718669858e+00
9.278220493380823441e+00
2.812142180190773555e+00
4.002893601388365141e+00
2.595990307398329922e+00
9.278353333693241112e+00
2.812254827420098469e+00
5.184439128663769658e+00
2.376539529877051748e+00
8.424502193140583017e+00
1.712095190782560117e+00
3.654107844576162023e+01
5.749974606530354748e+00
1.374025522600550708e+01
6.539410654316387017e+00
4.566561158838357670e+00
2.377286871571993032e+00
9.399020394219018470e+00
2.101083900808249805e+00
1.401040155226570505e+01
2.337701793025825037e+00
8.228086708659473558e+00
2.215512260770790665e+00
3.348116821997383585e+00
2.462377646701589651e+00
9.197457284038010883e+00
2.215396430657055049e+00
1.616054006331910742e+01
2.291312812717022585e+00
1.497209741389462323e+01
3.230204852520858427e+00
4.084098649518040247e+01
4.878087215936392163e+00
1.496644648515157172e+01
2.305868359055287531e+00
2.120275641977457770e+00
2.291314774673749888e+00
8.099341546652290447e+00
2.304850362541248643e+00
1.436941838547135397e+01
2.376800356597939867e+00
8.423218157892428337e+00
2.733313731983038952e+00
2.098108940923759658e+00
2.477026954787437507e+00
8.208005712405038068e+00
3.775092767413145367e+00
5.152603495513458753e+00
2.435386058402802423e+00
8.097821844115173917e+00
4.630103599054800512e+00
1.600648369303752361e+01
2.559860335186005642e+00
8.100393346123835769e+00
4.974925086728714696e+00
4.148650807219041781e+01
2.818219779067053565e+00
8.958087800341070661e+00
3.207024914434185359e+00
2.909511505693616495e+00
4.887284565709049566e+00
9.071336286997128795e+00
5.124295500599963304e+00
1.448433586105523396e+01
5.310195823949014127e+00
5.071135295653197872e+00
7.879070864212171621e+00
3.899679865253258271e+00
4.612672175604758174e+00
4.240480196224158504e+00
7.489258721623755832e+00
7.924088056493978627e+00
