1.269989786632131912e+00
5.511787604469967766e-02
4.407838814529280391e+00
1.605293347589973108e+00
5.248432151549752511e+00
1.866404797744871447e+00
3.678338206068301641e+00
6.760815628822841594e-01
8.629838139411040165e-01
4.172478621952808275e+00
4.071127411054457634e-01
5.565273615556389331e+00
4.374728934171334238e+00
5.111530246875711114e+00
1.517789250029625947e+00
1.464495411634398891e+00
3.977345432763057520e+00
4.624141461311286894e-01
5.089897465731058723e+00
4.440334303514390513e+00
7.354946792421589663e+00
6.754935507743274892e-01
9.397106235917268569e-01
6.423238122704996167e-01
3.765070352710988000e-01
4.976310619580316619e+00
2.536562396003442021e+00
3.663433393115534731e+00
6.753028678318061528e-01
1.327582001655052579e+00
6.394761054965982794e-01
4.435146979132135847e+00
4.266486262123927453e+00
4.869664486299943640e+00
4.877219039185178850e+00
1.948289989200693073e+00
1.327581282257321194e+00
5.799590492009988330e-01
3.189568231217774663e+00
3.765071991361945147e-01
4.526011334012879139e+00
3.663593492646935790e+00
5.568962531239455283e-01
8.814848561904410351e-01
3.294428590273644208e-01
5.396059042385103588e+00
1.049201684603957574e-01
5.462147947066711140e+00
3.547831591787826255e+00
5.563942289820792420e-01
3.006088698202650900e+00
2.932684601691590842e-01
4.265724896521322584e+00
4.020644128985613186e+00
5.089896797756705560e+00
2.207103251043728509e+00
2.408436430909498771e+00
9.238945007740918536e-01
3.512856907385484728e+00
3.346521050845486234e-01
4.817478092194015460e+00
5.324775753833534964e-01
3.392566410120595677e+00
3.830588334703790565e-01
1.667724654780159854e+00
4.674506776828716959e+00
4.714394256534433225e-01
4.553516873375381913e+00
4.506289433971251590e+00
3.222396701280557441e+00
2.348651475969091962e+00
5.651370819525709521e-01
9.750414582570906541e-01
3.286040508675729943e-01
4.865520469264557057e+00
4.113984030780209800e+00
2.970038502474475539e+00
2.090539495939613968e+00
1.667725098998584343e+00
3.171712162352993691e-01
4.674506930563144813e+00
5.248416178741336147e+00
4.505769810771529826e+00
3.608696238882375340e+00
2.348610774791078715e+00
4.125492185790544108e-01
9.750630811182313673e-01
2.770028101753668981e+00
3.286923762811160832e-01
1.650756009067509966e+00
3.045516519609094530e+00
3.339730119322751989e+00
1.239699390262830603e+00
8.662926726503883401e-02
4.674506771290340090e+00
3.340747981197391137e-01
5.674662758999723167e+00
3.741988667488301612e+00
1.611657212378077686e+00
1.269998593725462088e+00
7.169608593822545117e-01
4.547670570105862176e+00
4.597128184663195616e-01
4.558886017168075178e+00
1.856678938134311396e+00
5.812949571557114448e-01
1.484846126683285306e+00
3.977094355262625669e+00
6.334500188547234067e+00
5.089897193413396081e+00
4.440334232295413130e+00
5.345056535677525922e+00
7.190447167576721199e-01
9.908031466732462045e-01
6.394663199238811435e-01
1.066895661379542587e-01
4.978192780655067651e+00
1.849864023739195673e+00
8.616367106677254029e+00
2.372136226897007649e+00
4.195924056583965722e+00
6.423239675451242192e-01
4.166888293620361061e+00
4.267718670036042994e+00
4.390115622109068916e+00
4.673302155620528531e+00
7.311026334349554068e-01
9.573921736606134658e-01
6.423242862617281057e-01
4.435147601841987530e+00
9.079470957381374774e-02
1.881833524324724394e+00
4.934479404288585336e+00
9.821094189916053097e-01
9.877186104801000122e-01
6.423249028151829521e-01
4.435146890992285762e+00
3.765057284462708931e-01
4.977603142600744768e+00
8.908413771088987687e+00
5.524486725926275321e-01
5.726265863046074989e-01
5.814826651746590747e-01
4.265725190515847309e+00
2.954967120985590445e-01
5.089897143674858349e+00
1.102931884395530915e+00
1.207036421179812580e+00
1.591563030251959887e+00
1.070759185843240147e+00
4.622534511463290419e-01
5.089896474303475138e+00
4.440333766742867283e+00
3.554219753454401332e+00
2.703354695731358337e+00
5.637430936799207037e-01
1.465862024463582713e+00
4.532279696384261314e+00
5.089897087359609884e+00
1.857676938978028547e+00
4.861053837129245991e+00
2.040656613225129146e+00
1.442324154685624249e+00
7.219251113562350497e-01
4.533176994556942674e+00
4.621884404864431417e-01
1.857672456525442328e+00
3.573893870529740280e+00
1.076946790852308711e+00
5.628679056733201236e-01
1.464978677469292334e+00
4.245967553829019359e+00
4.618628783872272270e-01
5.089897257135056030e+00
5.132661597081832561e+00
1.208556584563552860e+00
4.230083126048291287e-01
1.464933313645244484e+00
3.977052653784181047e+00
4.621366700214555867e-01
5.089897298295607442e+00
1.857661786550194760e+00
1.821905434778736677e+00
1.683130452463547089e+00
1.327581643698929836e+00
4.062271081449442822e-01
4.875899610658536609e+00
1.869953573598462482e+00
4.670270913201289176e+00
7.190742321171565976e-01
1.039398846436427659e+00
1.327580708252129371e+00
6.423248106924788203e-01
1.203755303650713843e-01
1.905770132876944301e+00
3.666172312086352747e+00
2.169130064513041134e+00
1.003727466975297133e+00
1.327581034829631079e+00
8.535790007402539459e-01
1.209094630619063082e-01
3.611874932228864576e+00
4.644636126155083922e+00
8.525343819975047532e-01
5.777932561080086904e-01
2.252819728955302025e+00
7.547147190958440888e-01
1.615206334909373709e-01
3.400401750234039344e+00
4.440333986265045496e+00
9.813476697891042599e-01
6.775056657634935808e-01
9.330605954774972011e-01
1.983781121817050463e+00
4.166159695337134927e+00
1.893338592235408457e+00
4.876520768974606845e+00
1.318616693013344277e+00
9.931040655175541465e-01
1.083063108502203109e+00
3.943260088898507543e-01
4.167819046347688072e+00
3.533716411030031423e+00
3.661340862809584706e+00
2.639936338062236931e+00
5.747449140818137181e-01
1.465839515436974549e+00
7.536565139890333276e-01
4.265725893752829734e+00
4.368543807525544942e+00
1.871187116404402717e+00
7.311032906614798321e-01
9.997996817557842641e-01
1.327580516623487084e+00
6.423236147517528138e-01
4.435146137051577675e+00
3.765079192443891998e-01
4.816235746219006408e+00
8.471880285930453169e-01
1.839480081086527719e+00
1.070760727929412015e+00
5.814818413251501283e-01
4.265725663769263321e+00
4.541172030664881731e-01
1.562031195244995840e-01
1.285507590755190277e+00
5.741293897865755724e-01
1.070758335983582610e+00
5.814820266014066874e-01
4.265723610001223243e+00
3.564905281494361589e-01
4.365105385702322316e+00
9.718836440359718276e-01
8.427795245715022920e-01
5.357284274654404932e+00
1.790794131897409214e+00
5.283146797407693107e+00
2.469077108977453250e+00
3.543824664536221913e+00
6.064074342954105523e-01
1.025815633102959312e+00
4.223419131455329989e+00
5.656130429206361887e-01
4.621587756607670627e+00
2.761073923984298517e+00
3.206859912449696370e+00
1.252975979672555695e+00
2.046749211666137658e+00
1.407621612007588396e+00
1.003386928392780986e+00
5.249246104440508098e+00
2.219859711532317537e+00
3.478706353680262708e+00
6.891993227275937661e-01
1.484543777486666327e+00
2.124122425906639078e-01
4.426898019016412000e+00
4.763775554636463738e+00
1.981281166926175175e+00
3.741553092990385299e+00
1.249251458909877099e+00
1.970310852817741987e+00
1.208692691715844036e+00
5.357217307937767181e+00
1.058989933711970366e+00
2.174867455146314743e+00
3.424597891626387280e+00
1.289588381155577279e+00
2.083803879203609544e+00
1.489575653824886103e+00
5.484100421470543552e+00
2.052462028419574036e+00
6.529891851920674561e+00
3.507460561598956250e+00
7.446125585358723820e-01
2.358055775596721304e+00
1.407563562726432904e+00
5.358241366312220144e+00
1.981587085917297486e+00
5.249212681506237210e+00
6.440251863822084033e-01
6.455011028470517553e-01
3.234507417351431546e-01
4.728748456274224132e+00
1.716695216704295035e+00
5.959897678816580502e+00
1.848288303461245619e+00
5.405276925289591361e+00
1.400255907003796096e+00
9.676985860620188618e-01
2.087811119939265436e-01
4.972237819632804867e-01
4.685918412801968636e+00
1.828865987724630715e+00
4.936070261695099326e+00
1.405228289549664167e+00
9.775998805851008333e-01
5.430388794319114254e-01
4.927789656654032235e+00
4.686949201515726138e+00
1.835694265116615043e+00
4.723125057235896485e+00
1.482222305480827229e+00
9.023947082047545365e-01
1.125233894759285702e+00
4.927755876151453940e+00
2.108857527486520667e-01
2.224750592569440411e+00
5.342021011793303131e+00
1.397120041198843809e+00
9.651024951111045747e-01
6.962250059873961172e-01
5.198604314294004602e+00
4.459167472311993952e-01
6.552795546924321535e+00
4.223049284081564991e+00
1.775790537992548934e+00
1.486981359366810196e+00
1.145597949558457174e+00
5.481126150601550506e+00
1.318960591756498102e-01
5.722463773086725602e+00
1.849974527393306145e+00
6.455151232050463372e-01
3.234497412662626914e-01
1.067501375573525424e+00
5.699081458590171678e-01
5.919188673712805659e+00
3.239231994140408855e+00
3.698630237806733501e+00
6.455049368397899334e-01
3.234406843540955090e-01
1.057397623962732069e+00
4.481755782093597595e+00
4.642915823848226431e+00
4.247520457364960755e+00
3.587314362202391749e+00
6.455197881652784409e-01
5.346959474772260412e-01
1.067074960582452547e+00
4.728763125486729280e+00
5.699161915577187765e-01
1.848273234640917195e+00
3.209492809381097711e+00
6.455109300924561921e-01
5.353650286739082276e-01
1.286977128865011366e+00
4.728755305379365836e+00
5.698923142704804823e-01
4.646241399768108238e+00
5.403150038039949976e+00
1.452198434012615280e+00
7.987152126140788511e-01
2.341909416168354685e+00
5.230914544309922753e+00
7.596523286873330116e-01
5.074119118856462940e+00
1.898216142394902661e+00
1.506288509835222555e+00
1.137078829585250306e+00
2.219471901992835061e+00
7.044636306881338905e-01
1.791850246164225835e+00
1.696887446170699976e+00
3.486421218560983970e+00
1.681902030778625656e+00
1.145525019352816143e+00
2.276867551911615717e+00
3.031544128447762887e-01
1.079040504590101479e+00
1.741275212722665389e+00
5.180661159023267182e+00
1.512263513573590901e+00
1.088075463578330515e+00
2.099534870467477443e+00
5.756102456034923875e-01
3.894456377801039371e-01
3.284863821896883973e+00
5.266830679613536681e+00
1.782852180376224283e+00
1.345518394660643269e+00
2.806114152524315841e+00
1.167600629301643211e+00
6.199016827148398079e-01
1.651053684643388975e+00
1.535476728232415766e+00
1.560113009715368149e+00
1.079937125473825033e+00
2.273374775642984957e+00
2.023531210661360547e+00
4.889171529016295814e+00
2.378598292288055804e-01
5.440234541099091992e+00
1.501804376079822534e+00
1.101770135010873730e+00
2.107916933132884196e+00
1.187623751419242951e-01
4.920055357515509264e+00
3.656663535567004519e+00
9.171409070616958203e+00
1.823375805985937292e+00
1.114699093093462379e+00
2.636313060886438908e+00
9.618134253670168610e-01
5.422644184540274637e+00
4.487435852184529672e+00
1.859746270098704857e+00
1.483440462428741169e+00
9.647613451129183337e-01
2.099729816129290327e+00
1.152487891169769796e+00
3.194010241362834623e+00
3.896244033491645387e-01
5.346168983643632799e+00
1.776716665813026452e+00
1.369860120284434712e+00
2.557171334811251029e+00
1.107967678226328134e+00
5.450086561550375741e+00
2.072501857212799337e+00
1.828137262619494052e+00
2.004332369400041447e+00
1.465898989915803696e+00
3.084596999497831060e+00
1.271247893346696856e+00
5.567406536069938738e+00
2.969170726614246969e-01
5.440997495409210849e+00
8.062625765095200459e-01
3.832605123016937565e+00
3.804225384607095695e+00
1.488140779693859772e-01
5.000527506433486202e+00
4.329087211738870344e+00
3.529974183434565038e+00
1.796397564160276517e+00
3.011675616891380969e+00
1.654556031198382016e+00
1.028461549702844424e+00
3.901547673923119408e+00
1.464772785707094016e+00
2.922985988457688311e+00
7.585912077235951179e-01
2.322035886492888945e+00
5.732816674337092300e-01
3.747492979872057983e+00
4.326369826648318373e+00
1.725277998893491871e+00
3.020322547242085154e+00
1.656530089690240404e+00
3.011591045397020938e+00
1.706035710023622753e+00
3.948437342836547348e+00
1.028986305205307872e+00
1.464777722565978380e+00
2.851065864910385272e+00
1.592212834426942836e+00
1.812722775811569820e+00
1.474962660773400103e+00
3.425547708697583627e+00
1.615390914205780293e+00
3.999258097581554150e+00
4.947060272006457815e+00
1.453307098544635467e+00
2.801259694300360703e+00
1.476799625514999548e+00
1.618220234926261325e+00
8.188684895767485150e-01
3.999342552130884965e+00
9.867709773857183952e-01
9.488267101771915568e-01
2.128001620311655184e+00
5.424091840461535696e-01
1.488186368023036721e-01
4.998154536619705546e+00
1.696032013995690590e+00
3.522206002479387976e+00
6.949104696208815435e-01
2.000989514314539974e+00
6.380594652394885324e-01
3.857534788312876994e+00
4.380211534539519391e+00
1.732390705627783190e+00
3.102166449672201676e+00
6.951374362285586139e-01
1.081360606037909733e+00
6.383171958890064834e-01
3.857452871728430210e+00
1.178261228794023376e-02
1.732573093223553018e+00
3.105394358748696959e+00
1.647872230421606021e+00
3.251189474368627597e+00
7.076609089748467918e-01
4.514701959503702788e+00
4.608007462647805141e-01
4.424924474430941501e+00
3.578426355830675476e+00
8.234085923593946754e-01
2.239702724157543567e+00
6.386756495443984827e-01
3.857551654291962340e+00
1.181210211229218564e-02
4.381009884024611445e+00
1.732616781925473193e+00
9.014767049981836644e-01
2.321819548649168841e+00
5.610325297978407955e-01
6.769937851991111311e-01
4.326107738970599748e+00
1.725326119118457013e+00
3.099192264720433965e+00
2.881626499307790912e+00
4.347558851051445572e+00
1.157407743227242491e+00
3.143532174523760769e+00
2.394497782720355072e+00
1.252398029841060634e+00
2.695705776077678362e+00
2.219670271935453965e+00
4.735740813998622123e+00
3.678569472709985466e-01
2.454407482046605082e+00
2.600300211733866718e+00
4.492957941279471790e+00
3.373752238173145290e+00
1.812525832881017207e+00
4.018350359922441051e+00
9.488954303197658646e-01
2.380471212759454946e+00
2.878283978418181732e+00
3.556256443336678785e+00
1.467304711683444340e+00
9.017329368482004393e-01
2.321761562660043410e+00
8.077974587095321235e-01
6.773671828212192159e-01
2.693637996845092086e+00
1.725300923476365655e+00
3.019093594333771335e+00
9.020398970199584587e-01
2.081493082891900936e+00
9.670022740817181273e-01
6.761123658673113823e-01
3.746994439700535029e+00
4.326036193296014076e+00
3.019431739320700192e+00
7.585130769427811392e-01
2.081170503113904946e+00
5.612402449145884598e-01
6.765779828926289374e-01
2.693635484395399349e+00
4.326091801494670541e+00
2.296319969840870667e-01
1.940250873144125476e+00
2.292271919538895641e+00
4.037644710778470203e-01
9.123522670662586043e-01
4.270590693793875126e+00
1.089239456760353164e+00
3.055870232184587199e+00
2.346633799878114157e+00
1.812648222170888390e+00
5.569222331835277373e-02
1.924777381812717181e+00
3.788933708987998639e+00
1.412622311523733742e+00
1.525557100224863349e+00
9.653075105521035093e-01
2.292259423959090103e+00
4.042204094051460861e-01
9.123379818368325678e-01
3.983103022794374226e+00
1.052923923249172278e+00
4.226461722658037878e+00
5.617787514408026928e-01
2.482273718659693262e+00
5.492866616209445274e-01
2.894554447423492438e-01
4.964327792233661718e+00
2.404953248894770468e+00
5.165840467141426195e+00
8.518543460887736396e-01
2.029560187073627731e+00
6.026969574370392158e-01
3.852970810790699918e+00
4.371382989871665181e+00
1.723614657995862887e+00
3.027180467088024240e+00
1.031155521844729916e+00
1.647028318727753460e+00
5.417168811281669605e-01
4.469867688774539438e+00
3.076282863388968281e-01
1.656456607826350291e+00
5.108557149363943672e+00
1.552804663910222871e+00
2.334939976387623517e+00
8.835342430383654744e-01
4.369389020728242201e+00
4.206204276903093842e-01
4.540739695929826958e+00
5.182272274622204300e+00
1.552881690272583937e+00
2.076269945195711841e+00
8.834886028085305876e-01
4.339318562919353361e+00
4.206907275854566142e-01
5.071258706630981550e+00
1.783254559398546490e+00
9.921226637262350323e-01
2.171193018934834296e+00
1.012465658991628104e+00
9.365786352976357421e-01
3.997084371766663313e+00
1.741353403154946689e+00
3.250175632758867561e+00
1.927804995174104308e+00
3.138652228046320491e+00
1.130683729701935647e+00
2.627820967693428766e+00
1.720980168636742746e+00
1.306117576780242873e+00
3.274299400883440736e+00
1.670519574851946798e+00
3.051758805566426869e+00
1.139957248508749688e+00
2.060381779173397376e+00
2.424577663650604453e+00
4.044158972930016915e+00
3.573553762857459848e+00
1.943761801360800234e+00
2.140938771923705186e+00
1.267879554435278777e+00
1.245880615307176642e+00
1.742537538404296926e+00
3.694539165580723150e+00
1.348215598779151536e+00
1.029135480748653464e+00
2.458276833740882239e+00
2.578350558427775496e-01
6.926712354734547716e-01
3.605484050204884827e+00
1.730805096104908403e+00
3.035840853806444528e+00
1.029313356133229718e+00
2.224197442361903310e+00
6.601899040518688366e-01
6.893115139118464185e-01
3.446672483798616238e+00
4.218029929200382000e+00
3.035311212720616769e+00
1.700278009084174924e+00
1.259133021216854331e+00
1.196009018395518764e+00
8.421165205431174750e-01
5.422284949471856130e+00
1.940350545104784885e+00
1.693704911480582664e+00
1.641945023258831071e+00
3.016194146998012915e+00
1.332163690610936868e-01
2.113384399543017711e+00
3.102119413566691630e+00
2.385439762383702256e+00
4.325139998699948585e+00
1.865906650241953457e+00
1.574428781045422054e+00
1.318321054784747703e+00
2.029167800008475187e+00
4.954582145802273629e+00
3.509619121733194902e+00
1.072972895441400398e+00
1.900908660014491547e+00
9.311952837219527046e-01
1.394804143688304521e+00
9.377342857475881033e-01
5.420951253790753377e+00
9.340092773072825594e-01
3.132141335812774319e+00
8.258564586288628107e-01
2.240663498873677550e+00
6.008845245579662597e-01
6.488743653810059575e-01
4.393249704866488692e+00
1.722609321777162750e+00
3.026062270578611546e+00
4.111704214842125116e-01
6.466233102044682823e-01
7.391163826959447070e-01
2.317518750020701734e+00
3.298760259993400723e-01
3.555362024612018335e+00
3.878954259495838386e+00
1.552759252760221642e+00
1.755424504265372887e+00
8.835559460426919420e-01
1.222625535419538778e+00
4.205786431922007296e-01
4.531888949440880943e+00
8.748078934146377605e+00
1.690313550715394797e+00
5.077378215039990428e-01
1.202884533152237312e+00
1.916205507337618741e+00
4.276883201627346698e-01
1.700572124474994284e+00
1.892859430852532610e+00
7.431431039015615747e-01
2.001218959647852902e+00
5.622210755808687566e-02
1.420201313241026497e+00
3.906478587876195174e+00
1.722545301956242669e+00
3.024424640523347474e+00
6.813063956972010837e-01
1.843859476435265377e+00
8.835228601542238769e-01
1.222596009947929163e+00
3.914542130066555270e+00
4.490654115220714893e+00
3.152577078583720382e+00
1.878053247916156465e+00
1.483781657622785133e+00
1.114730527653631897e+00
2.249680708332077561e+00
5.422552398551179209e+00
5.057614715891305401e+00
1.693821599563198887e+00
1.451041843525606057e+00
1.664920103069637891e+00
9.314983864754733389e-01
1.279545652859911398e+00
4.714029088621278341e+00
3.025042006258615856e-01
4.067867055984058844e+00
1.916849251717392066e+00
2.035647212731793443e-01
1.417301877739949534e+00
2.449567815280742078e+00
5.379096281113093347e+00
1.330921396190215544e+00
1.855795714130542562e+00
2.128774355742045543e+00
7.249093666878133613e-01
1.483375088234547334e+00
2.992800227505171051e+00
5.592772697994159437e+00
1.955626802216083038e-01
5.441342017941356524e+00
2.784058016078017062e+00
5.413442936093105118e+00
2.306884096752025215e+00
2.332900408830319350e+00
2.634922708750240705e+00
6.026062415768009828e-01
4.141982859931354177e+00
2.783767384902309683e+00
5.413479144810049881e+00
2.396294673449951507e+00
2.179494413378172624e+00
2.489824886740689802e+00
2.735641845012025897e+00
4.144952896172206636e+00
1.701389820946950238e+00
1.258674104822271600e+00
1.195666740634577563e+00
2.635144180831504368e+00
9.614332054322431986e-01
1.673983387809765411e+00
1.693262620063838098e+00
5.361223950248976244e+00
9.185764804598036903e+00
2.086208644981108140e+00
3.490732578464514901e+00
5.732735392922639228e+00
6.298405063662717573e+00
3.284553059395741936e+00
1.855873661023835552e+00
1.562671341840645711e+00
1.224994621546918294e+00
1.952595057910301080e+00
2.000307550495487252e+00
2.482648911514521384e+00
1.316781336896320598e+00
1.856399536262609784e+00
2.482890000881004422e+00
1.251416620022214543e+00
1.906817785239897090e+00
1.720526323407568725e+00
2.356694129995735576e+00
3.178998010847937650e+00
3.085998632065565683e+00
2.135552281102240268e+00
2.314536735136044410e+00
4.565390603561195526e+00
1.560092935964069172e+00
5.975189171195864013e+00
3.048548507088840065e+00
1.701137264121257431e+00
1.483199457575125280e+00
1.114223211487863852e+00
2.651445400608908098e+00
2.840130164302176130e+00
4.406584656098026187e+00
1.692974568317480388e+00
1.915094765182741243e+00
3.473818936150427472e+00
1.595424247678738583e+00
3.348102485933490247e+00
1.366829301529375984e+00
5.766197530796635107e+00
4.661992411219498145e+00
2.566251026908091148e+00
2.131556316740661483e+00
2.160346634329899373e+00
1.935157381386249709e+00
5.439989644699362081e+00
4.899038450928504318e+00
4.013383178953977115e+00
