5.002402155679180673e+00
1.512027889231851441e-01
1.652939555448480746e+01
4.864525295720448561e+00
6.516998135266106829e+01
1.606038931774111234e+01
5.787970509383609574e+00
3.260821004845341431e+00
2.903150644344372200e+00
1.564679483232303348e+01
1.233674973033829669e+00
7.480479850924578500e+01
2.524338425314914858e+01
8.691427678432290804e+00
1.123200394465530927e+01
5.340640606281681357e+00
1.491504537286147070e+01
1.381698562146087994e+00
6.385075191099024750e+01
2.597295507923288937e+01
1.346506989795209108e+01
3.256631334135294598e+00
4.374592032528295427e+00
2.008416841943326592e+00
1.140930409903538667e+00
6.291166363856234511e+01
1.843256067804810172e+01
4.288983569363596260e+00
3.255269764840653668e+00
5.080596664393996598e+00
1.990642541491810080e+00
1.663180117174550432e+01
5.327220977625153608e+01
5.239061228132674586e+01
7.979085309361273914e+00
1.168009363210596696e+01
5.080593374241908933e+00
2.077440354163571978e+00
1.196088086706664022e+01
1.140930906467877204e+00
3.645686876072212357e+01
4.289471268081580746e+00
2.717532772166434629e+00
2.938282853968144703e+00
1.063569126729733805e+00
2.023522140894411336e+01
3.179399044190274193e-01
7.067665470384288540e+01
3.571449030548466297e+00
2.714190082602394138e+00
1.185003532343561972e+01
1.003684090746630231e+00
1.599646836195495503e+01
1.218377008783334503e+01
6.385074379126055533e+01
1.467775022927104089e+01
9.748433172728924845e+00
2.825659861374551607e+00
1.308563337567289864e+01
9.976890111161946795e-01
6.064600799859468339e+01
4.413087345519197235e+00
3.790702531124033214e+00
2.433480187569717845e+00
5.726416222823570656e+00
1.752940041310767683e+01
1.414499907939329004e+00
5.575500734380940315e+01
2.668064242357043625e+01
4.436131823725295575e+00
9.506446450351093702e+00
2.317047584311649810e+00
3.002370873631712289e+00
9.830311266965732209e-01
6.103035008188524557e+01
5.612504865931244780e+01
3.001767835070409340e+00
8.461707483565110266e+00
5.726416711468183429e+00
8.979221184311437787e-01
1.752940098961179416e+01
6.516986786944882226e+01
2.667432869853388766e+01
5.581487888496615923e+00
9.506281707487692856e+00
1.548593505521021818e+00
3.002436383771096118e+00
1.038760538157626812e+01
9.831496226479595757e-01
1.659584890922451095e+01
3.976561123600840464e+00
1.351795524487781108e+01
4.399381769765919437e+00
3.188466485604080081e-01
1.752940039233877556e+01
7.189744770506869553e-01
7.269429732526039345e+01
5.976688842616716180e+00
6.523374431054125289e+00
5.002419471007469198e+00
2.094710747607233969e+00
1.705376463789699315e+01
1.371254302271331493e+00
5.582769801018460498e+01
1.604108912060972258e+01
2.365633817762313296e+00
8.700715092316201549e+00
1.491410383223483826e+01
1.919545511645668512e+01
6.385075025143532912e+01
2.597295384815393149e+01
8.241929996892135790e+00
3.001399488596344867e+00
5.505082058612162932e+00
1.990586556186140443e+00
3.233017155695504519e-01
6.292474596093368433e+01
1.745004283742458995e+01
1.596729388146922091e+01
9.601503775535514151e+00
2.525804008347216723e+01
2.008417835037114241e+00
1.562583110107635775e+01
5.328848777216285271e+01
2.542938823889205580e+01
5.982785903024254281e+00
3.987033240349017404e+00
5.266824706176028492e+00
2.008417916955241633e+00
1.663180350690745612e+01
2.751354835570113400e-01
1.746586033438510555e+01
8.153162180744470078e+00
4.061739324710167409e+00
5.483080510023821574e+00
2.008420796125424346e+00
1.663180084122107871e+01
1.140926442962255649e+00
6.292064948585758088e+01
8.916260655277287839e+00
2.236101770017782098e+00
2.822374231319238813e+00
1.584560959690624271e+00
1.599646946443442097e+01
7.752820303204306374e-01
6.385074675243524922e+01
7.683398487885884087e+00
4.885623609537333323e+00
9.363013601196131575e+00
4.623937802231231409e+00
1.381115426589911266e+00
6.385074263332688105e+01
2.597294977139362970e+01
3.588046915232523393e+00
1.094214995891265119e+01
2.763166109269472148e+00
5.343127072563148339e+00
1.699604886144098259e+01
6.385074724223957077e+01
1.688637888569721923e+01
8.352166638553752520e+00
8.259800577339813543e+00
9.916041015937070213e+00
3.062149916676116579e+00
1.699941372958852881e+01
1.380879779914146788e+00
1.688636999586282172e+01
3.639181493738993023e+00
5.734284927919592434e+00
2.757332197916245065e+00
5.341520568713955974e+00
1.592237832685882459e+01
1.379695824625327027e+00
6.385075016756260879e+01
9.204158985880374289e+00
4.891776651804852882e+00
1.825224203106298404e+00
5.341437951194996536e+00
1.491394745169068159e+01
1.380690895600003909e+00
6.385074977996799817e+01
1.688634949190447188e+01
7.374379140771071484e+00
9.993631775943537576e+00
5.080595872813020719e+00
1.616346790532716016e+00
6.221366312865222170e+01
1.744881467896638938e+01
5.957286645660514246e+00
2.999185779326390744e+00
5.851614348886236883e+00
5.080591538140288854e+00
2.008417019675892590e+00
3.647743344396102705e-01
1.751680028944958778e+01
4.297309352256302617e+00
8.779812165886118791e+00
5.597243964435872243e+00
5.080592295598026276e+00
2.874924169952144393e+00
3.663923123076054944e-01
5.342683015627897447e+01
7.272006915355930801e+00
3.450734403323231891e+00
2.856806077227278973e+00
9.916205838807913509e+00
2.275309234073140896e+00
2.885382560514426764e-01
5.088260860302625588e+01
2.597295248453686511e+01
4.061507372302108898e+00
3.270976028698968197e+00
4.362490118835462560e+00
6.266889846698359356e+00
1.562309885751425753e+01
1.748359711159596230e+01
7.976960046716862429e+00
5.337258043149261333e+00
5.521484448747929541e+00
4.635522538826908345e+00
1.596581964959961075e+00
1.562932142380383027e+01
5.079205632274869942e+01
4.282622599783749706e+00
1.068545660644239526e+01
2.836488147467329579e+00
5.343087777821875939e+00
2.270964741932798958e+00
1.599647210157311328e+01
5.408215108366356816e+01
1.691194709815095010e+01
3.987035097781007398e+00
5.569235437147916024e+00
5.080591000220478826e+00
2.008416961246825228e+00
1.663179801394341339e+01
1.140933086533078455e+00
7.793687060740595030e+00
3.432826719636283386e+00
1.291304579666357277e+01
4.623938489424415543e+00
1.584556879398109741e+00
1.599647123913473479e+01
1.032424065790024992e+00
2.018294791112021258e+00
5.223360475401215730e+00
2.832387555094256104e+00
4.623932861217302737e+00
1.584561150651141448e+00
1.599646353750458694e+01
7.719430315527168185e-01
5.403559195891926237e+01
2.670451287089456560e+00
2.279156333459444905e+00
2.008981602995402227e+01
5.404565577856430991e+00
6.391501762965771860e+01
1.573080587029922128e+01
5.229056217448670552e+00
1.667917124670538653e+00
3.744694632842529458e+00
1.583782174295748746e+01
1.694792923675186636e+00
5.638358689676361024e+01
2.043703996028717285e+01
4.552545843309754758e+00
3.685543941608116825e+00
6.822497372220451162e+00
4.216830383076554334e+00
2.936544462411454948e+00
6.323468351409643873e+01
1.504245393953212329e+01
5.023587048509712716e+00
1.737771745357318709e+00
5.270164174906653010e+00
5.984445728737143311e-01
1.660086757131155011e+01
5.813580904680005546e+01
1.585324366315263056e+01
5.922762698295850115e+00
3.815399145766795730e+00
7.334531226626207712e+00
3.615141797486627340e+00
2.008956490476662182e+01
2.775433300655800295e+00
1.445592116292283968e+01
4.096424482924007293e+00
3.889878003189187083e+00
7.688912710195833000e+00
4.464596086176185530e+00
2.056537658051452411e+01
6.199694755256418333e+00
8.197377973813995311e+01
5.096916858464220823e+00
1.908697247005892494e+00
8.485470948524762136e+00
4.216654228386466308e+00
2.009340512367081288e+01
5.986403678187217636e+00
6.323429750917723169e+01
4.361147591996068051e+00
1.712084524713944234e+00
2.177787104446041067e+00
1.771139255091994258e+01
5.202106717204141972e+00
7.847894772546170827e+01
1.191581911799165816e+01
1.111485117330154537e+01
3.871154836495032558e+00
7.232952478987134448e+00
7.158977805740684985e-01
1.273170236726034688e+00
6.202548726030509130e+01
1.308535813213138965e+01
1.164443137360870395e+01
3.886073475996590698e+00
7.285877739067628589e+00
2.078820447364560842e+00
1.797870496725070311e+01
6.202383559260234591e+01
1.309134182891105525e+01
9.772300052635856105e+00
4.117078624304913781e+00
4.914439550270345514e+00
3.034862310061094970e+00
1.797798610626061944e+01
3.361235397236210787e-01
1.686040605491452737e+01
1.277788405810310302e+01
3.861746298226359730e+00
7.222217631840632812e+00
2.455191264294640963e+00
1.888517359949523566e+01
1.351262866765912563e+00
8.299596791985683808e+01
5.629746469980771550e+00
5.657937407718417688e+00
1.107128104157329496e+01
4.182354900110881069e+00
1.947053980220202973e+01
3.704526302329684828e-01
6.808797738291792712e+01
1.276656192055936145e+01
1.712039126180957993e+00
2.177777488200718370e+00
3.849211218933163092e+00
1.726994373466846255e+00
7.803305105031667210e+01
1.852081534786208650e+01
6.094016293785426086e+00
1.712070144051489384e+00
2.177721674360673543e+00
3.818835306227329252e+00
1.680658418285097966e+01
5.656612749598077272e+01
2.500382256920484636e+01
4.890557434115059721e+00
1.712029829028378858e+00
3.516314586177788026e+00
3.847933359470698367e+00
1.771146732517396671e+01
1.727018746100051683e+00
1.191251808089523045e+01
4.655015835132839896e+00
1.712058747560674332e+00
3.520556229287803873e+00
4.508791562312796763e+00
1.771142670475563463e+01
1.726946393059470619e+00
5.659952092512369148e+01
1.110858692294642225e+01
4.026998001838035357e+00
5.435763707187856397e+00
7.806364720561184356e+00
1.921423495071563181e+01
2.098178855024340095e+00
6.022760785302464370e+01
1.318511354753727005e+01
4.284217876455318930e+00
6.992799086554287946e+00
7.398239673309446651e+00
2.930661611025536573e+00
2.170732418156419996e+01
1.251151925513703844e+01
7.556204184700874293e+00
4.716177710106900456e+00
6.924169652402906827e+00
7.589558506372050317e+00
9.730064626571576225e-01
2.928711074228844247e+00
1.279363654904204850e+01
1.332180926574639024e+01
4.207211261846963701e+00
7.998803077947684415e+00
6.998449568224917705e+00
2.165918999061038797e+00
8.591833254314954482e-01
4.398897855292874937e+01
1.260232871375930230e+01
5.679124453574032394e+00
6.901992700406563763e+00
9.353713841747731905e+00
4.231436088057342282e+00
1.862914065908494177e+00
2.201025218898445601e+01
1.182034880256085607e+01
4.350774106556769105e+00
7.803971750976906208e+00
7.577915918809956075e+00
5.704020248843948870e+00
1.665794389538757514e+01
1.951163896415639920e+00
1.272738279951182783e+01
4.175830711310607235e+00
8.069645946013121574e+00
7.026389777109620205e+00
4.944596383407192097e-01
1.780373914287777737e+01
5.038979249712184583e+01
1.370251821871682552e+01
5.140641482106028448e+00
4.351596542639332377e+00
8.787710202954780669e+00
3.901725610359536578e+00
1.902307929859862767e+01
6.014544760904243503e+01
1.274848079332599582e+01
4.120733460632284739e+00
7.220387518513561531e+00
6.999099387097634128e+00
3.094953897550976052e+00
1.089484558752769772e+01
8.593536663203736881e-01
1.282823433199332186e+01
5.000650062445326505e+00
7.590779141123501716e+00
8.523904449370837355e+00
4.091632154385536957e+00
1.931113041425573940e+01
5.834637468645716751e+00
1.281345204211022271e+01
5.683565464746604512e+00
9.669352971438728517e+00
1.028198999832610561e+01
4.555029168155638075e+00
1.840153699971654433e+01
6.325754547446358345e-01
6.354951466146739136e+01
2.600340767620901605e+00
1.551292549792569275e+01
1.410020631021218129e+01
4.349285723579008334e-01
6.237626091410030682e+01
2.522937185286176032e+01
5.664963734011113416e+00
5.059698662347062559e+00
1.219011559217939755e+01
5.029707304123591349e+00
3.100781885898119761e+00
4.873730913032516554e+01
1.711449672446689263e+01
3.656438494764572500e+00
2.316438730067722496e+00
9.398716683423598894e+00
1.713901282401137927e+00
1.401408245681650477e+01
5.330088792173438605e+01
1.640131759109166865e+01
3.098461637478397535e+00
4.640054274498173648e+00
1.218977327898794272e+01
5.221406695136839637e+00
1.410352003910203855e+01
3.101210066277322319e+00
1.711264176013393623e+01
2.692156881724791617e+00
4.447083211601986719e+00
7.337211235427787415e+00
4.519860812261248917e+00
1.245462196284507250e+01
4.579773435956629335e+00
4.980370675740102371e+01
9.890300407586430254e+00
4.030324328066711814e+00
1.133843209597765167e+01
4.525392605155973413e+00
6.068325880973481468e+00
2.461959599974010260e+00
4.980546300796073211e+01
1.171251564984532045e+01
2.516731803711947268e+00
8.613339891737645360e+00
1.950693505432718133e+00
4.349422996029388422e-01
6.234392048250369811e+01
1.622356888918007556e+01
5.640827400167776950e+00
2.414972906153258325e+00
8.099243272225526979e+00
2.305542164721244625e+00
1.437013381247192889e+01
5.375678341519907377e+01
1.613879207670041183e+01
4.335367462325827148e+00
2.415653874073095952e+00
4.376935786343921997e+00
2.306647203480783670e+00
1.436950372728122716e+01
1.874059069923429341e-02
1.613904189965618130e+01
4.356733353621867977e+00
4.614078099074724548e+00
1.413440870608466149e+01
2.564451450655838016e+00
1.669513160206630786e+01
1.396365893774209166e+00
5.424878774121936686e+01
5.754921386930575977e+00
2.290872999295900936e+00
9.065463407304356735e+00
2.308240480878753775e+00
1.437016180924828745e+01
1.880338274810370094e-02
5.376749089676741988e+01
1.613908872250700099e+01
2.374667581752728296e+00
9.397841030246636862e+00
2.124195074027905861e+00
2.098203286805237600e+00
5.329733238140434537e+01
1.640142778032196702e+01
4.114211108929665350e+00
8.315711069030282232e+00
1.759726201616060592e+01
4.940497354127669105e+00
9.591800103218309559e+00
7.234889017919348575e+00
1.801954422392951116e+01
3.026476258412261089e+00
6.329643780184377455e+00
1.916847472332776547e+01
1.500646923935749832e+00
7.497297368044943511e+00
7.512532558854720932e+00
5.794676603186351116e+01
5.153934893342903223e+00
5.768154314074465105e+00
1.626475145682893597e+01
4.187469522040743186e+00
7.290198232078995311e+00
8.370566492162993200e+00
4.532865034160712270e+01
1.125041333127426135e+01
2.375436354180021414e+00
9.397606325052556997e+00
2.692658195698436785e+00
2.099322046838620448e+00
6.757470610700912594e+00
1.640139200968013711e+01
3.095266273940337598e+00
2.376357326792563285e+00
8.425091049800551346e+00
3.223340913605719393e+00
2.095566097805849903e+00
1.401068428356460771e+01
5.329639166595440969e+01
3.096143907972472409e+00
2.316288980415798004e+00
8.423785369746758178e+00
2.125140203495700764e+00
2.096959296786107263e+00
6.757457042645829581e+00
5.329713741709594643e+01
2.067944054377971241e+00
5.491301749607338856e+00
9.278243483847917972e+00
1.550300235283819994e+00
2.812162036435822188e+00
1.566766539675327330e+01
3.300725626546523017e+00
4.002878442838727402e+00
6.710572456880036007e+00
7.336909470691693080e+00
2.299201324983614070e-01
5.866793802726259166e+00
1.368674566549506899e+01
4.280673671284048076e+00
1.693050280776203564e+01
2.595940031004157600e+00
9.278192906501084636e+00
1.551661659275400007e+00
2.812118753573866758e+00
1.405544367232520564e+01
2.893143587015429397e+00
5.222359234385623949e+01
1.729539551845518330e+00
1.004729838505113371e+01
3.495420130377012935e+00
8.690495818835881625e-01
6.190612241181361952e+01
1.789702882754421509e+01
9.144029855733897705e+00
2.351539029591637853e+00
8.214886471488492603e+00
3.745955690736170407e+00
1.433054316005682871e+01
5.365730216548502796e+01
1.614057012947328573e+01
3.388364940299331884e+00
2.763742939828173650e+00
6.666543194850422793e+00
3.448491746340243580e+00
1.632454792133303911e+01
9.176438205173725882e-01
1.614535331785143057e+01
1.065732299854791698e+01
4.328846876418319667e+00
1.081569950970444438e+01
5.776466515665087620e+00
1.623640219844718402e+01
1.274607340055349480e+00
5.564156101469423987e+01
1.066305307355210097e+01
4.329077978615611499e+00
9.990420600463357559e+00
5.776160031085209035e+00
1.611788974423194887e+01
1.274820386617266710e+00
6.285802223416962420e+01
1.588291783570632809e+01
2.646632654444151189e+00
8.788162219498138583e+00
5.043091855703182524e+00
3.177855245200259748e+00
5.076784049760465223e+01
1.848353509101918135e+01
4.506416668308853346e+00
5.453960381560475135e+00
1.270406854209224434e+01
6.817618812380896287e+00
8.223237001341951569e+00
4.997904869695542374e+00
1.649714600518420582e+01
4.275422366007851416e+00
4.682026927248577941e+00
1.235235707014982154e+01
7.319270368891198864e+00
6.130373357100658005e+00
7.347205041365453937e+00
5.056868097182807986e+01
6.682480331205718826e+00
6.161901594241812496e+00
8.665704553024527357e+00
4.645389977694214245e+00
4.149328180200089200e+00
5.232032121018828974e+00
5.218207552083047318e+01
1.315097878982517621e+01
2.757682210467001571e+00
9.950168136570228583e+00
8.552253545437652482e-01
2.192480745234825612e+00
1.352056518826830178e+01
1.706984783993398480e+01
2.661023851001330875e+00
2.758215889988690162e+00
9.002703933369614830e+00
3.540765444624179636e+00
2.182172904599807506e+00
1.292502181424480767e+01
5.246607214311207912e+01
2.657620557028247621e+00
4.771311158368359173e+00
5.096490800163461010e+00
4.847000516981836427e+00
3.469054759783313013e+00
1.902050242673792368e+01
2.764895135827540074e+01
1.235769029870781743e+01
4.596294699246423754e+00
1.220840488070624552e+01
4.967897228618623484e-01
6.209909999255271096e+00
8.367715835970800597e+00
7.228605340555127157e+00
7.510823549122972231e+00
5.928312782004066861e+00
6.372687923279081623e+00
5.809174839787750955e+00
5.838859511608308850e+00
1.664818551783118039e+01
1.017169114655274242e+01
6.907533757558842247e+00
6.033329312974775149e+00
3.769123767446002748e+00
8.073369780358925496e+00
3.850701700908183422e+00
1.903743675616557240e+01
2.538471787688916681e+00
4.408375441203757106e+01
2.433806301122355187e+00
9.069352257345842716e+00
3.800214732632954284e+00
2.278793971492832693e+00
5.382245384922723019e+01
1.600654630562511826e+01
3.525213645146255015e+00
9.036016246151078457e-01
2.634080286235262580e+00
4.912471322755885161e+00
9.931730069124819593e+00
9.769537223475124321e-01
3.043753892834770980e+01
5.802522683853668539e+00
4.328710629343593297e+00
7.105289660121747453e+00
5.776602499902090848e+00
4.075418451398462594e+00
1.274480732795135296e+00
5.552267436984894289e+01
9.926174653069123721e+00
4.741414793625545521e+00
2.055129277516186459e+00
6.729438948518122743e+00
6.387351691125407349e+00
1.257293141412148207e+00
2.546744507651311551e+01
1.360285310161754779e+01
2.559685280232699700e+00
8.100171979527024391e+00
3.915588109909050041e-01
4.734004377470090397e+00
1.448802272104086875e+01
1.600635591838782545e+01
3.520984713317021786e+00
2.374156602751876566e+00
7.463240737952271608e+00
5.776399355368525335e+00
4.075320033159761657e+00
1.444402843219013022e+01
5.496074533647392713e+01
3.837553405880289148e+00
5.304690212769737734e+00
6.005782899901753069e+00
4.352270449807204677e+00
7.498935694440256761e+00
1.902228743363547991e+01
5.896449500361506324e+01
1.235778472781313475e+01
4.023527883365156654e+00
6.738962321948538836e+00
6.066686429895018051e+00
4.265152176199715761e+00
1.765298451303573302e+01
9.166793920799456430e-01
7.299434217736790131e+00
5.421089864138584069e+00
1.314689517402269248e+00
1.040588663454109941e+01
8.165226050935801894e+00
1.892960353094006010e+01
3.708635900537209373e+00
1.308023136160444544e+01
6.056928760102155529e+00
3.010969744702499895e+00
1.001200598791252183e+01
9.976000758350570763e+00
1.984346557145353174e+01
3.212051366891580662e-01
6.341410837674863643e+01
8.683042352469296787e+00
2.191155474132924041e+01
8.492825444853913552e+00
7.776334696101056210e+00
9.589263547039456270e+00
7.938303053963228884e+00
1.235193882582318636e+01
8.682170371744087234e+00
2.191170130042162612e+01
8.848926769368999246e+00
7.264981377927234085e+00
9.060822331605159263e+00
2.631898265970602324e+01
1.234414294592500383e+01
4.774646927533609642e+00
5.094633281423480042e+00
4.842371773138866686e+00
8.783813936105021369e+00
3.901141720802430157e+00
2.275718792030412985e+01
1.235659643511621120e+01
1.575524737548448151e+01
3.718047659003968164e+01
1.313928153888578798e+01
1.163577526154838715e+01
1.839322972279422785e+01
1.828188748292691201e+01
9.809587737172785538e+00
5.898210804151905684e+00
6.325098288402609903e+00
4.372956295725319187e+00
6.508650193034331011e+00
5.813185483211188220e+00
7.168670766018320428e+00
1.291682494344294696e+01
5.899788587646594529e+00
1.004979286070881983e+01
4.258896637530117602e+00
6.356059284132993703e+00
5.210159775570200047e+00
6.830244856835098410e+00
4.054608164508343293e+01
8.928888785075194789e+00
1.273402533324301977e+01
1.305996251815575171e+01
1.521796867853733204e+01
6.433013479246731947e+00
1.695977820344239362e+01
8.762726809922718019e+00
4.773889181281898431e+00
6.003426375899312717e+00
4.341941518755213281e+00
8.838151335363022554e+00
7.946061934969743668e+00
1.171454849359441575e+01
1.235591333865569652e+01
6.034246644685325123e+00
1.464320924621310382e+01
1.052824214396326674e+01
1.116034161977830585e+01
4.859602946907357612e+00
2.040012754670515349e+01
6.188863831469703314e+01
8.029556036327901936e+00
8.627727948712209383e+00
1.010108567110463973e+01
6.630208075321257333e+00
1.500909354040549282e+01
1.435735902222874039e+01
1.169489162124857984e+01
