3.237769770529653979e+00
9.691993695417192356e+00
2.908252215676286223e+00
1.663179880407161093e+01
4.849055816997385193e+00
5.323328332412697250e+01
2.512829445962460184e+01
4.285324539208794192e+00
1.047046959732860394e+01
1.399217695185128063e+00
5.284368525934853844e-01
1.343075316651454187e+01
3.482018635897898395e+00
5.194418506651678769e+01
1.659670481402488917e+01
1.829292948019953968e+01
3.006959060954168539e+00
5.060624502237589972e+00
2.008419998998123734e+00
2.029703476601195788e+01
4.837172751984672558e+00
6.293288810037898884e+01
1.745222005381728181e+01
8.384328734241117687e+00
4.887415610740750260e+00
2.688885599932529846e+00
5.341160056833302860e+00
2.020868711259410588e+01
1.381150408821744335e+00
5.452057855510363993e+01
2.597295029634789287e+01
8.065279804491048310e+00
3.987034732329143960e+00
3.272428145078547956e+00
9.676098454467826571e+00
2.008419844452240088e+00
4.035750961811181980e-01
5.461583764777472538e+01
2.522149913958971368e+01
4.289824947542702382e+00
1.117249830442519531e+01
5.332675154888002922e+00
7.653575367320506473e+00
2.008418112714233761e+00
1.562424679514262493e+01
5.460644047256941036e+01
1.745372826007567113e+01
7.978877767435909263e+00
3.987033120216965987e+00
1.322093130733637700e+01
5.080595023214859118e+00
2.008417583173766285e+00
1.562847112150249096e+01
1.324832713959583241e+00
7.254901960784313530e+01
4.290364494136834850e+00
3.987037152931730333e+00
1.542997749667231311e+01
5.080596938895651782e+00
2.008420800993935718e+00
2.691502230958185748e+01
1.922609725118612189e+01
6.951923212908853600e+01
4.294258227185943966e+00
1.071196981523332248e+01
1.172098838726023295e+01
4.623937986103881848e+00
1.584564481146970794e+00
1.599646930677977963e+01
9.202336127947369215e-01
5.538416787533137864e+01
1.691867180633636281e+01
3.685349648872114248e+00
9.736270664992277446e+00
4.216642933615264432e+00
1.034844530955254527e+01
3.459741985964899680e+00
6.323424704755556292e+01
1.504246979501068004e+01
4.003836095516557947e+00
3.885894364942051649e+00
7.284960719397381546e+00
2.078643845421209502e+00
1.995698869311104318e+01
1.347614469838137374e+00
8.400594482467231217e+01
1.309084909467291169e+01
1.166054408421916477e+01
1.712047701740081251e+00
3.515175348181477588e+00
4.703845606361068299e+00
1.598010089874254014e+01
1.726976753793662889e+00
8.278107904604465261e+01
2.470434830643908342e+01
1.111352788907509392e+01
4.448355808732423533e+00
7.285194736389674297e+00
7.026272018124836372e+00
3.033448253340382816e+00
4.760433572254475498e-01
3.925623707197373591e+01
1.356098276877791342e+01
8.328634056256021267e+00
3.920014609906097292e+00
5.716398722880112082e+00
7.593233421304382169e+00
1.787187258791546718e+00
1.842538020577444868e+01
6.196349038908743267e+01
2.010613241843854038e+00
1.273101515907621639e+01
4.159611158909740425e+00
7.285206599614995504e+00
7.026296532615849522e+00
3.033409543309593115e+00
1.625860555023296072e+01
1.613713276734231705e+00
1.358289577032478768e+01
1.282921315035324739e+01
4.863676153682344072e+00
6.522501609060111782e+00
9.419645041169468769e+00
1.073462784591398211e+01
2.290137753645487351e+01
3.666398876161147236e+00
6.540707377052244453e+01
6.236551459351570514e+00
5.740132929263819683e+00
7.715921723408516009e+00
9.708305381814506418e+00
5.080262710505217605e+00
2.034483972326936296e+01
8.990468853976456565e-01
6.336509847239717175e+01
1.242132666349464465e+01
3.231255080006054659e+00
1.000205307895155293e+01
5.216910187854884917e+00
1.245714823074892585e+01
2.453096240352386825e+00
4.980827600754574291e+01
1.694986132111624144e+01
5.157697890313622580e+00
2.290574317957443373e+00
8.098149262594111164e+00
2.308051312579330716e+00
1.437038310818789455e+01
1.853197266955624797e-02
5.376733512065828080e+01
1.613902626962329734e+01
2.262426702356749075e+01
8.315984580578680507e+00
1.615665254843079524e+01
4.271257568459026821e+00
9.592191948932217826e+00
7.230824858184178083e+00
4.272766300158723851e+01
1.266121335672912096e+01
2.262696681420419242e+00
2.375212313711182688e+00
8.424039119633947692e+00
4.187559204002362812e+00
1.711443720163212001e+00
1.401317684520310536e+01
5.329726896605263420e+01
1.640142159970621805e+01
3.094207576881184085e+00
4.456092229130290683e+00
7.336573685427723035e+00
2.517393190140639891e+00
5.866525585369541496e+00
1.244339897702828246e+01
2.456599271592364797e+00
3.405787030312044550e+01
5.157879524728075538e+00
2.595952005484124303e+00
9.278229138948994148e+00
3.721091941548206439e+00
2.812149319414163795e+00
1.566767322735040757e+01
2.597264184846128643e+00
5.223454299056456307e+01
4.002880503813778468e+00
2.595950740853696370e+00
9.278226257649917486e+00
1.550229814690935237e+00
2.812146847960840024e+00
1.355562503612802061e+01
8.017515522848444043e-01
5.222398982644791232e+01
1.654289926646783826e+01
1.908538942956575113e+00
2.633846338691875566e+00
3.253034207556130486e+00
1.632509744706135635e+01
8.737943782422734618e-01
6.190528883614427258e+01
1.614573415616853325e+01
2.896564777770615251e+01
4.864145865521100731e+00
1.273512384602194736e+01
6.813375876630373362e+00
8.191259697823017660e+00
4.938004636468719788e+00
5.453272445630019405e+01
1.648008768056581985e+01
4.279588053679946213e+00
2.755751909786521292e+00
9.949922512589175483e+00
8.504647593247870452e-01
2.186892210923289781e+00
1.355013186766612421e+01
5.246832414068433081e+01
1.706651665000319085e+01
2.659899404058189365e+00
4.595765280646818773e+00
1.114657443537789838e+01
5.079287538704219784e+00
6.213717024984245718e+00
1.248411979665927340e+01
5.954878154124209289e+00
1.601595195828026519e+01
8.351282015851376528e+00
3.779055994985007327e+00
1.203302621608258427e+01
3.923291163513891733e-01
2.619085111381395325e+00
1.235043071985827545e+01
5.811199654258771830e+00
3.757794959368879262e+01
1.014815425353320677e+01
5.928193880249164494e+00
4.327320530148822897e+00
5.368289763509522139e+00
4.149088348610029620e+00
1.664831633607758832e+01
7.213635831336312698e+00
6.021709842765739040e+01
2.223346768968783849e+01
2.152518618326170419e+00
7.547500796273141077e+00
5.471280378952880774e+00
2.634274861748731045e+00
2.689861121092986807e-01
4.316083626340173396e+01
2.578086711423600264e+01
5.185182771438769045e+00
2.559241854595704524e+00
9.071182525331677127e+00
3.732329258490750146e+00
3.814611127021125370e+00
1.449014899731614214e+01
5.382170100195848050e+01
2.559919755048901990e+01
4.530301810936939511e+00
4.328937196299571077e+00
7.030596395057933989e+00
5.776408917237421115e+00
4.075284069280720622e+00
1.445512776381294451e+01
1.274689872116358202e+00
1.625647866541693576e+00
6.660109821002259345e+00
4.023371084359321337e+00
1.403118980894657675e+01
6.066843405643233211e+00
4.265267676445273715e+00
1.765314019351031405e+01
9.164826212601813182e-01
5.573182969311378798e+01
1.111898376635509322e+01
5.958504648890953881e+00
2.686212169863939625e+00
6.607086807432874132e+00
9.115878772149628162e+00
2.283326748003192463e+01
2.731779997335475940e+00
4.511000666888043042e+01
1.204128074863005793e+01
8.681740326285439124e+00
1.870487542942865034e+01
7.934601107890496330e+00
7.813395995351432255e+00
9.587723582510301767e+00
4.437184680493506761e+01
2.452018985788350847e+01
1.102421922768606777e+01
1.575606210453217493e+01
3.339768456333285229e+01
2.595444769191430012e+01
1.209642396813012510e+01
1.839599745817877974e+01
1.486493655313949702e+01
2.727606097173793742e+01
9.820078564348762029e+00
1.575178314760042575e+01
3.718141161703826469e+01
1.004493262980792068e+01
1.163653405191393553e+01
1.839185770626534477e+01
1.239319120586952394e+01
3.262651090973828616e+01
9.810967351553133042e+00
5.890797114737391205e+00
6.316641634601317001e+00
4.291886357431020649e+00
1.056187137950649557e+01
5.800995644249373306e+00
6.883428561970377224e+00
5.508879582249141293e+01
1.209992214789057563e+01
1.771474746065735317e+01
1.427922825770362891e+01
1.527089355855833652e+01
2.541522575352849955e+01
1.494259201939585147e+01
3.213865542500962391e+01
1.601889196782824953e+01
1.770177264845510834e+01
7.549682338890431943e+00
1.282111463973470045e+01
1.256305764476618947e+01
1.397984205577581918e+01
5.304797062295593335e+00
2.148196948399069939e+01
6.612375662993547110e+01
1.187715028789647675e+01
4.773056591637164559e+00
6.005731731762718795e+00
4.340767974488806580e+00
8.831688422621720491e+00
3.901474367933941423e+00
1.901781819347494817e+01
3.102170232516165527e+01
1.235690921172476209e+01
2.086548989753497807e+01
2.044069826064951911e+01
3.249219529265626250e+01
2.029441750869758820e+01
1.835375591216536506e+01
2.026560883961785819e+01
1.567192503818830218e+01
1.767986687040680494e+01
1.028604297302347526e+01
8.155871104688522166e+00
1.650792752422939103e+01
6.682826300558299515e+00
9.293931252015095623e+00
1.729293956460940862e+01
1.169498556762788155e+01
2.428817988867966804e+01
5.870015977332332824e+00
9.559975141499663209e+00
8.593654413885127852e+00
1.049401660794675095e+01
4.429753414310949822e+00
1.984323423773007988e+01
3.212405080442219396e-01
4.133659796539950548e+01
