5.364268762984368832e-01
1.652940470479536827e+01
1.112946482219913769e+00
5.542534470434304694e+01
1.606057518676741225e+01
1.068662755143286347e+01
5.002383703510619561e+00
1.652969486642597019e+01
4.660056007389908217e+00
6.517018336447664240e+01
1.604347778896341836e+01
5.775806330082199125e+00
5.002390947766568452e+00
2.094704597786151812e+00
1.422034877562727617e+00
5.542073689080910981e+01
1.491351884086184043e+01
5.790959989014707432e+00
5.244032858864133395e+00
1.814078331539570321e+00
1.551364495793624876e+01
5.543408898179794875e+01
1.605433225285571197e+01
5.780639768479613139e+00
8.533152548351337074e+00
5.284929356095003916e-01
9.610669511357343708e+00
1.395835498591690538e+00
1.485246532884081283e+01
5.791692702620771627e+00
5.002535707444700996e+00
4.637532053170277391e-01
1.653019346069135409e+01
1.112941840500234703e+00
5.542265903103442071e+01
4.509961866786085238e+00
8.538195952197845884e+00
4.847732926763548278e-01
1.704091264427875174e+01
1.112943976572073668e+00
5.542470290276850875e+01
1.501080326595866588e+01
2.714298314036600601e+00
1.599646997250485470e+01
1.381494567282094188e+00
7.568621124853470405e+01
2.597295136950356209e+01
3.570671888445942077e+00
5.130822911348580817e+00
1.569387698942219744e+00
2.861689079655246326e-01
5.341974984696986439e+01
5.375089750012159584e+01
7.372850428803145562e+00
4.932345465721547306e+00
2.008419788151787788e+00
1.562603534410717110e+01
5.619287073057620319e+01
2.567773474939072376e+00
7.978835757532528383e+00
3.264284554180458375e+00
2.008417149828199300e+00
1.197213707926582060e+01
2.270842689118789393e-01
2.514661163445280678e+01
4.294811511458211939e+00
2.720024854628356525e+00
9.531593658458888951e-01
1.599646050738332370e+01
7.280057120928683512e-01
6.385073123882579438e+01
8.141386433976425252e+00
1.286446034473043376e+01
1.820083884535694585e+00
1.599646409659642110e+01
4.864731564517535745e+00
5.422570635231261349e+01
2.597294711395214861e+01
1.841666167866144121e+00
5.206898775275795366e+00
1.381612773306761799e+00
5.422548278937866684e+01
2.597295032682258764e+01
3.570367935834840800e+00
8.803619695553328128e+00
9.979414099936059657e+00
1.491343538206638719e+01
5.422720949894418396e+01
1.688664905157802565e+01
3.568767933442281048e+00
1.123238033634847000e+01
3.062755326546990009e+00
1.491362327245383312e+01
1.381396502130464388e+00
2.597295209752723721e+01
3.571966835487754288e+00
2.714357020894803352e+00
9.981575167324985287e+00
1.697370135804200686e+01
1.380235006648374618e+00
6.385074694798993988e+01
3.570452973654509865e+00
2.710900514715534282e+00
9.982312417263107918e+00
1.491492991812529745e+01
1.381147123581210279e+00
2.566351258239427580e+01
1.688662936851348206e+01
5.165374860960038284e+00
5.080596910403294864e+00
2.008417594156871377e+00
5.342764706660779694e+01
2.714734597144900974e+01
1.320903621892652602e+01
1.083698181039427233e+01
5.080595850163684979e+00
2.910012790403312621e+00
3.480336029523190544e-01
1.454919728027738834e+01
1.683619535838743531e+01
5.435355087111152450e+00
5.080590712781509311e+00
2.008417837916510962e+00
1.140930250037663907e+00
5.022589018641383518e+01
4.295239438310677116e+00
1.294320209958534029e+01
4.623939225306321177e+00
8.937873037894689121e-01
1.453570944392193809e+00
5.422513705355220992e+01
1.449535975793948772e+01
3.255935047862609455e+00
5.080592623529955887e+00
2.914306864176886780e+00
1.562344022490948170e+01
1.757432851528428941e+01
4.282610889393272835e+00
5.285077723785337689e+00
4.623937350842580507e+00
1.819635933349086798e+00
1.599646883453907265e+01
5.422717080600833128e+01
4.739704156124377121e+00
1.033486841844706561e+01
4.858570975442273898e+00
1.820035905422177080e+00
1.254404431257384545e+01
5.093915305276726002e+01
1.703941149664574795e+01
2.717955410025969964e+00
4.623933876185888359e+00
1.821333635331176870e+00
1.599646525453712975e+01
7.548076434541406421e-01
3.573688206092644482e+00
2.714609944638704420e+00
9.980409168165337519e+00
1.069215630376747272e+00
1.599646634892647512e+01
1.164563465577909795e+00
1.952890295876946070e+01
2.716606689237796690e+00
1.177960300634692992e+01
1.819804460934579593e+00
1.599646418365750300e+01
7.545337834425508428e-01
5.085954142773713471e+01
4.945732710783967256e+00
1.343511681360404530e+01
9.819720762619190690e-01
6.114385178706267965e+01
2.451296956541763095e+01
4.114037077608480253e+00
5.670811728619163716e+00
3.204208053555020808e+00
9.978175606026215005e-01
6.059589660735770877e+01
4.336424156569048449e+00
3.810791242552164171e+00
1.073153439521505881e+01
2.825668438054163900e+00
1.308586883637902964e+01
6.835040878207952630e+01
1.689591535319660309e+01
2.664188133811159709e+00
7.350272688154629641e+00
3.205385792098413233e+00
1.308543245905879182e+01
9.978504123338649556e-01
1.689590671778769959e+01
3.847035813345840438e+00
1.187003648496301800e+01
5.284345588959671325e-01
1.554378640780724830e+01
2.729359985955667423e+00
5.225457814822571123e+01
3.977490607271687129e+00
4.966157300725062562e+00
3.002016968354196180e+00
1.343289364170879985e+01
9.831902599145792010e-01
5.226518319772322485e+01
1.659078476279196579e+01
5.405713925133539988e+00
3.659298516616994679e+00
8.954553691416434757e-01
5.267463456671639932e+01
2.459054631898420595e+01
4.106398082526522941e+00
6.531777596877733849e+00
4.207413852168973456e+00
1.544962898767137638e+01
5.577627426336682248e+01
1.216863640329774121e+00
4.504921150333322188e+00
6.526474731148379504e+00
5.726416208824153919e+00
1.545895239081876582e+01
1.409369272245649451e+00
1.604083423075085335e+01
5.652642321958754934e+00
6.523402588811684666e+00
4.181664284167937673e+00
1.640329384959783354e+01
2.944171433975599772e-01
5.559365068375669949e+01
5.682807963846059351e+00
6.528813015927780405e+00
5.726410012369997027e+00
1.546692441009400909e+01
1.407750544412138538e+00
5.560943911832661257e+01
2.668025984093729264e+01
8.171181016165910194e+00
2.313137315674107963e+00
2.626423906641762063e+00
2.650371802215542516e+01
1.658855428818555211e+01
3.976806713753287426e+00
8.336768161844069880e+00
1.277425206307420513e+00
2.826185068718059856e+00
9.977631539363436275e-01
1.689594363311985248e+01
3.824807532097591167e+00
9.506497670182350035e+00
3.602906587161676999e+00
3.002114328033887336e+00
2.790029250290650076e+00
2.650000700302609502e+01
3.977222400596264862e+00
9.506247647392882527e+00
2.313561111122603986e+00
5.284370576321731905e-01
3.482016175542153036e+00
6.881322913966300803e+01
1.658983547289116345e+01
8.422477719156747256e+00
2.129552088340105342e+00
1.712836055486371301e+00
1.401446574863871497e+01
1.640150955838305080e+01
7.046766165251096226e+00
8.446833009571946604e+00
5.002455918286408121e+00
7.669868142408029499e-01
1.208204188899668985e+01
5.586060089376263704e+01
5.792055922316789562e+00
1.352050232730859847e+01
5.726423095179956846e+00
2.094710218895154075e+00
1.652964250062886720e+01
5.583391175113566618e+01
1.603612566546921059e+01
9.506283192253528469e+00
2.305154297247058448e+00
5.284388505833068628e-01
1.343257001514579407e+01
9.824697303870679743e-01
3.977015372040552776e+00
9.506324406469497390e+00
2.275579093683125276e+00
3.002460835693358643e+00
1.343171032406139886e+01
9.833246372084496478e-01
5.500722984929794279e+00
6.476952437728274781e+00
4.177869453594455607e+00
1.067405474624859130e+00
1.752939667950066394e+01
3.201356437810030098e-01
5.561673339679257566e+01
3.324905068745143577e+00
1.478003790104615867e+01
1.380998959372478296e+00
5.426911365496625450e+01
1.688636342525281719e+01
8.134514315156923914e+00
7.261069176474656217e+00
8.809597490173858958e+00
1.491249105325990065e+01
5.452145156677810434e+01
1.688635614399493434e+01
2.797995370022492878e+00
3.330163230914642281e+00
2.781759956956887603e+00
1.491284636078383130e+01
1.380736116253077572e+00
2.597294154168782754e+01
8.121903923156716942e+00
8.239104399658168987e+00
4.535760115646262136e+00
1.491228502628253239e+01
6.754621250471586347e-01
5.425982379052532423e+01
8.112435372769740027e+00
4.893237394557909958e+00
2.743893518448453417e+00
1.597129633044128205e+01
1.380548351311075894e+00
5.426656123992157177e+01
1.688633831432368382e+01
9.938015824652064012e+00
5.483764734317439604e+00
2.008420575419879839e+00
5.079920387884549626e+01
1.742548395684429963e+01
5.973194002270557412e+00
3.001008095689073230e+00
5.585149325239890494e+00
1.574437324720297404e+00
3.062916231342671658e-01
1.746149644944543766e+01
7.102789312965885671e+00
3.987027283063879768e+00
5.556661884880484514e+00
2.008416349004726431e+00
1.140913778410549639e+00
5.343529377540632908e+01
8.448459295061141461e+00
3.484562104077086886e+00
9.319839832106554312e+00
8.632367979371741162e-01
7.451612379920323770e-01
5.408284898712082622e+01
7.668541530357281033e+00
4.061315088158097275e+00
5.364672288305711412e+00
1.591039711085939778e+00
1.663180176456078740e+01
1.745401605028314052e+01
4.287588447122180568e+00
8.795557214530242973e+00
5.480458332007395406e+00
1.577153112283714131e+00
1.663180444349832143e+01
5.082230352536725349e+01
7.979682922065084227e+00
7.326465417714538297e+00
4.471940213045913382e+00
1.584561029638323459e+00
1.599646500831631180e+01
5.128616872306730556e+01
1.689675552181577345e+01
4.061550592882532840e+00
5.523715681364727459e+00
1.576931078542598508e+00
1.663180394449504007e+01
3.473886140801051292e-01
8.706419879945165974e+00
3.458435575469717804e+00
2.840224510602212149e+00
1.584565536510166295e+00
1.599646549845732579e+01
4.488033252812257401e-01
1.688971002156276313e+01
3.532041476189906604e+00
5.210386036680100474e+00
1.074288619163689562e+00
1.653565875936017804e+01
7.529058827618021477e-01
5.088844527714490340e+01
3.338384368838457572e+00
4.584946767759121578e+00
4.623947902991189629e+00
5.432507997379860853e+01
2.597295914161374597e+01
6.483248015985702217e+00
5.222736996367650875e+00
2.806307224999098793e+00
4.623953517453236017e+00
1.380821449840973436e+00
1.688639462183241946e+01
3.661688093187507320e+00
4.890488088816696610e+00
1.229816539821035626e+01
4.623941119417656509e+00
1.379634241705918640e+00
2.761160537299898010e+01
7.057250771744515205e+00
4.943484376275840475e+00
1.365351784325581974e+01
4.623961542454726903e+00
1.380621203730139301e+00
5.092287965454206500e+01
2.597296868207805076e+01
7.257535764741724904e+00
2.780038570846909973e+00
4.623934662526916206e+00
1.599646492656312091e+01
1.688638566521673567e+01
3.605570612302047451e+00
7.256172334882997177e+00
2.867910708646798756e+00
3.063149386541987429e+00
1.582769213634517236e+01
5.092136639007090793e+01
3.562624760486816200e+00
7.260477589159152423e+00
1.046505056392746624e+01
4.623939851956364144e+00
1.599647086242692673e+01
5.431832940008473543e+01
2.034021396250458746e+00
3.443926233855399754e+00
4.521055855064880724e+00
4.623947246490995866e+00
1.491077812886415366e+01
7.110199000114044710e-01
3.667063992789590721e+00
4.943112862157589937e+00
2.683853729286212353e+00
5.341076379932331086e+00
1.491271223880132801e+01
1.380387269773302172e+00
1.688637006266185381e+01
8.239383761990437094e+00
1.566612486270660121e+01
4.623942380414742814e+00
1.597276569646342637e+01
1.379219517453671884e+00
5.086072810769945818e+01
4.061930583818051055e+00
9.996250805896783831e+00
4.616282590107660511e+00
2.895147291190703243e+00
2.539826508594704180e+01
7.976259842703383285e+00
7.435398916562462546e+00
5.578035688480823318e+00
5.080597101086383738e+00
2.008418172628420262e+00
5.023690416879776421e+01
7.977524360775708701e+00
6.855381295602145819e+00
8.833474885311536795e+00
4.623940943467788500e+00
8.590987048104620216e-01
5.120205235598275095e+01
1.691891135136674151e+01
2.997147692692770260e+00
5.625463085191205970e+00
2.349693690189814443e+00
1.572652089592194935e+00
1.140924412983250757e+00
6.860186363020533307e+00
2.180853100494414942e+00
1.211175394151777596e+01
4.623934020751405249e+00
8.727031595143878162e-01
6.517079441639710424e-01
2.597294387100929214e+01
3.516477399954156979e+00
5.343428681135100611e+00
5.338862407873768312e+00
8.261525141580060572e-01
3.275709848680470881e-01
5.084954005148014744e+01
5.219272036589617692e+00
1.555625151065463996e+01
5.080592247915285853e+00
2.008420288118581976e+00
1.184658803783924164e+01
7.978081360231658259e+00
3.451288592919451670e+00
1.032021101032549915e+01
5.342760950550579757e+00
1.584563676661714382e+00
1.101504646414221433e+01
2.597295416268021029e+01
5.239654689103377727e+00
5.416615365298565798e+00
5.859663015453835833e+00
1.584561904573445590e+00
1.599646567819071663e+01
7.061629980327214184e+01
3.479862119564653966e+00
5.274784553722619229e+00
2.900671530996537850e+00
1.075380403918771544e+00
1.432973282018036798e+01
7.801649973769523294e-01
1.670969824334508802e+00
1.583144890300169827e+01
1.688457260082527611e+00
3.700888156332657530e+01
9.813107198685533383e-01
1.100660313840698734e+01
2.596017435212394808e+00
2.812322703549763769e+00
8.016692526894233506e-01
5.252403719526247983e+01
1.654817296810163540e+01
4.002877764069323163e+00
2.313288677100605373e+00
2.099729161317205328e+00
1.401631565651795341e+01
5.330530347654794809e+01
1.640167512062933142e+01
3.103813525695594766e+00
1.875564476363409616e+00
3.180916649408429553e+00
1.564224597122336036e+01
1.574433189185989512e+00
1.602619338636054636e+01
1.075132205442600508e+01
2.462651646260147764e+00
1.107892451763220265e+00
1.563057442393643015e+01
1.004596353261520303e+00
3.556400725011899056e+01
9.523397213390353500e+00
2.656200267263140180e+00
3.644704024377233953e+00
2.008922056982270377e+01
5.251150013560414109e+00
6.391527044840938032e+01
1.447114311506387629e+01
1.582270868295887700e+00
3.638093355695650288e+00
1.653208770603824984e+00
5.534319287227423700e+01
1.597642585357285405e+01
4.507668872838605623e+00
1.667821046568669141e+00
4.620011228618212229e+00
1.758986501793597768e+01
5.769413342525485433e+01
2.043568898751057361e+01
5.982270797815303354e+00
1.667902761874044515e+00
3.744729115397900543e+00
1.583785932290120790e+01
5.175313709731703682e+00
1.580587352235600207e+01
4.695715698028157803e+00
1.668012380403079753e+00
4.442351456755994299e+00
1.583770252225939679e+01
2.484676213604969722e-02
3.805655896248990899e+01
4.695950742123200072e+00
1.667834484807495743e+00
3.744715569787370857e+00
1.583784020053558983e+01
7.996103637549224485e-01
5.638363084827975058e+01
1.580587942866521978e+01
1.747629196295508391e+00
4.511828173187031332e+00
5.849064881696163232e-01
5.853463179395011906e+01
1.584889497275905512e+01
5.956339799355157894e+00
1.548925965213301836e+00
3.569160315778534098e+00
1.684278749102366080e+00
1.552708563768910643e+00
1.625517640801093577e+01
5.804677979953941858e+00
3.538491554129056027e+00
3.730106066630133110e+00
1.125514214721445638e+00
1.436961726251412053e+00
3.560262787969831066e+01
5.755379356556673542e+00
3.238862813593252898e+00
6.819381753592794304e+00
4.216727616850182159e+00
2.925818000488360937e+00
6.323446126140503765e+01
4.480406607020999132e+00
1.735830705125870344e+00
4.449310014503497612e+00
5.300270247508819255e-01
1.811396156552333991e+01
1.534153514497038628e+01
5.964181102631505915e+00
1.762147280572357033e+00
4.622388428547363759e+00
7.134714361703843322e-01
1.651669321803730384e+01
5.771156237392448674e+01
5.910656693754722468e+00
1.742213976022521704e+00
4.474231214547073954e+00
6.004575893381343121e-01
1.659200101744593425e+01
5.840017900416577135e+01
1.584918980273562283e+01
3.901514954508832123e+00
7.702710426696643964e+00
4.456027565587787898e+00
2.220415983099531942e+01
3.190116718352284497e+00
4.087156476155181295e+00
3.982182815513384710e+00
7.911932474420201977e+00
4.779893388388687381e-01
2.008940943600780216e+01
2.341323431838453040e+00
1.445610301577083590e+01
3.886922736468439776e+00
7.689098653017524931e+00
4.463189150109493575e+00
2.056528289973244839e+01
6.193224912447526265e+00
6.370331642544808659e+01
1.732974935125477955e+00
3.488441081875301553e+00
1.682184751110253229e+00
3.710567784905438771e+01
1.856991479629445863e+01
6.091967107829429295e+00
1.712508458687802770e+00
6.825255165646319178e+00
1.541654751925575972e+01
3.848440067894122762e+01
1.556480104940369280e+01
6.093380432353162846e+00
1.712483409412393298e+00
2.178112715557344981e+00
1.595679021794939878e+01
5.200554640208723711e+00
1.194360808883698688e+01
4.900372168976229403e+00
4.023564744509494417e+00
6.066559746023048483e+00
1.646067169703317745e+01
1.731536674129987796e+00
3.817338209564741902e+01
8.314919476653573227e+00
4.019235938488623816e+00
8.568915894736470307e+00
1.919805214994504183e+01
3.554788482642906033e-01
8.840621511197399229e+01
1.317091879784334729e+01
3.962853114104281094e+00
6.253577670936230959e+00
2.556976454731051618e+00
5.758288709278809137e+01
1.374080179072621455e+01
8.434778299147971836e+00
3.828593115523374113e+00
1.074842462557858092e+01
2.688845090559486284e+00
1.051828069007859590e+01
1.313714079831644277e+01
1.291515901441795755e+01
3.861549198649319781e+00
7.222247067621897720e+00
2.066114695702963022e+00
8.577978132766501673e-01
2.978876331397970390e+01
6.723122908105782614e+00
5.677902752495650240e+00
6.901686823927771997e+00
3.137353045339788427e+00
4.322625499773257829e+00
3.867166012458579161e+01
1.333752004073519970e+01
3.697781992679253449e+00
1.247583492605418165e+01
2.078560767075201543e+00
1.625816061179670058e+01
1.309060084316208439e+01
1.163392307936909020e+01
3.867738361554228899e+00
7.237401176480187992e+00
2.458539728903061050e+00
1.992233947534341354e+01
5.350997410755275752e+01
1.160903302890668876e+01
5.543316572054070690e+00
4.361838233401178933e+00
3.901197885422932554e+00
1.902568570601382092e+01
6.014026670699528410e+01
1.236404820013920869e+01
3.861812115771872556e+00
7.728090705414398798e+00
2.066208349621921680e+00
1.090780970475158007e+01
1.168458083603960196e+00
5.653457036528143576e+00
5.269081219115957282e+00
1.012058628845751862e+01
4.081143190724334069e+00
1.824565881972666048e+01
4.544017510792464520e+00
1.333807906681152211e+01
6.031374207486218886e+00
8.038493551249203506e+00
3.539945779599356968e+00
1.925348234564816963e+01
2.459842407607342629e+00
4.409505629026270412e+01
1.712096112242342372e+00
6.822527694994217740e+00
4.765818486573007995e+00
3.803899161744339352e+01
1.589386598474267487e+01
4.655004198782116909e+00
1.712060783749902670e+00
3.519785405326547600e+00
4.521609312053120000e+00
1.726949582515355797e+00
1.542746824839434794e+01
1.110785899813657984e+01
1.712041858601949018e+00
3.523234111078734188e+00
4.704467485907828816e+00
1.726985405119348727e+00
3.813499660584522388e+01
6.094817424968697495e+00
4.019902054534622238e+00
8.570066106089338831e+00
7.796401517310205698e+00
3.423028612933426973e-01
4.065610135558934957e+01
1.318277119262190666e+01
1.712098972344970882e+00
3.523737984656600819e+00
4.765169108220687733e+00
1.532547399126436538e+01
1.557323913872746779e+01
4.655002602647747345e+00
3.546482193363257540e+00
6.822760226347384105e+00
4.764455029852510570e+00
1.680821967131855033e+01
3.841246036339328640e+01
6.092886884428278194e+00
4.027050856819715641e+00
5.437394188616676338e+00
7.241614346726699125e+00
1.808506378248074498e+01
6.113550180868301709e+01
2.153059217701928318e+00
1.474928098631676399e+00
1.377572463410050752e+01
4.604538202253807277e+00
1.680437507590084678e+01
5.198794436478762826e+00
6.094644882408941200e+00
4.654831110048292864e+00
4.269239539733130862e+00
7.243043393136968433e+00
2.074452327128948426e+01
3.492652768122714857e-01
8.006796604553734653e+00
4.019237688655632468e+00
8.568998121135326329e+00
7.245589978188026414e+00
1.919903162431920052e+01
4.619029112756413147e-01
4.099817049764092047e+01
4.163394832906991638e+00
4.836740507805949996e+00
6.106745879146359357e+00
2.932209039378346649e+00
1.250869065730925911e+01
6.485680958259539608e+00
4.152761987876339767e+00
7.228742050413117681e+00
6.997454393472446021e+00
2.171004075451999693e+00
2.944233797413815168e+01
1.160595329920077745e+01
4.603251347066432686e+00
1.105842138354145199e+01
7.905852826821590185e+00
4.446167704537372423e+00
5.859111640818287725e+01
1.276137317102355517e+01
4.122867940671107512e+00
7.998844105567441964e+00
6.999054633079471621e+00
3.094657753515404064e+00
1.689133527390463074e+00
1.280505973212775928e+01
5.655117160183792180e+00
6.207113210663195879e+00
8.983338941522077903e+00
4.739947035454104451e+00
5.638974753621455172e+00
1.704179766314314293e+01
5.565720591789251159e+00
6.908276355240353439e+00
7.820920867767006790e+00
3.135339563393680695e+00
7.641422155730746013e+00
2.162425596332706235e+01
4.115246274805848259e+00
7.228670986696916323e+00
7.252272415787363258e+00
3.096739196245465120e+00
1.104497791483572122e+01
1.161867496772844000e+01
5.307142692131885831e+00
7.569972710256201331e+00
8.785282185264284394e+00
3.469415994006721959e+00
1.901983982980853938e+01
2.515473619434787977e+00
6.042537954677114520e+00
8.350945061793217050e+00
1.028157021381405123e+01
4.554883627279871838e+00
1.257037277141539811e+01
3.095018052462800995e+01
5.685796836658216336e+00
9.686960083074030337e+00
1.028045221342173576e+01
4.554643958489234201e+00
1.962787403277492615e+01
6.366093329372001230e-01
1.408026304480991753e+00
9.356040165200496972e+00
8.631187209738508948e-01
6.134415486742307166e+01
3.417243480547046186e+00
5.333478137232912530e+00
2.337645908868679179e+00
9.197839169794198355e+00
1.430196782521172416e+01
5.359972398658543824e+01
1.616048196062766351e+01
4.333340994617182140e+00
2.622499031588105822e+00
9.356008055951102520e+00
1.351461444465090267e+01
3.362468758382338052e+00
1.655885789268289088e+01
3.993766245641078516e+00
4.880673336457328482e+00
8.097697178018732345e+00
1.436887919910155631e+01
2.108535439745982121e+00
8.527717252089946953e+01
5.776996310454501682e+00
2.600145375020978644e+00
8.613443326833115421e+00
1.410021079942467814e+01
2.886006037236976240e+00
5.311126871876993505e+01
1.622355915813280092e+01
2.595962197952598860e+00
9.278271940022296604e+00
2.812184772293234047e+00
5.222415743931960463e+01
1.654772877164649358e+01
4.060132516595942320e+00
5.720690261802400478e+00
1.237647610176682633e+01
6.573194403856555290e+00
4.549652560146324909e+00
8.429257759181712828e+00
3.640412429052794607e+00
4.639465842987894106e+00
1.218895467782948749e+01
5.029540453500937147e+00
5.583854249317900198e+00
4.908091486416289939e+01
5.044103805006655783e+00
4.641264937525271250e+00
6.628821589373685264e+00
5.222431397404585063e+00
3.101555761000071243e+00
4.873550500381136175e+01
1.709991251254544409e+01
2.316663171995530845e+00
8.423996353816677995e+00
1.715210713329832437e+00
1.401313502456179272e+01
1.640130499632272176e+01
3.099358373033038294e+00
2.316691777415703424e+00
1.534339598928770521e+01
2.099518268664741338e+00
1.401149907467152822e+01
5.330029251798729462e+01
3.100411150920969305e+00
2.375824835412351010e+00
8.425168782911784504e+00
1.713473939944523572e+00
1.401392452042239789e+01
5.330079872051924639e+01
1.640132614544097223e+01
4.317333131739282237e+00
1.174573855598497119e+01
4.863695948648971701e+00
1.223962437681920612e+01
5.347377173341790524e+00
9.887919017049433990e+00
4.639291302331122857e+00
1.218860625586174251e+01
5.220517946268550702e+00
1.410400067832973470e+01
3.100113553849324965e+00
1.709750807070284750e+01
4.031361545782716327e+00
1.133872482378373547e+01
4.518896016812614214e+00
1.369592573365604693e+01
4.195801097772577037e+00
4.980143873873555549e+01
2.337447953513090759e+00
8.229378992857673936e+00
2.216017739521338736e+00
5.360735596267993941e+01
1.616049792013318864e+01
3.347218005279704922e+00
2.600343509181885171e+00
8.613030595056537564e+00
3.373761224095509714e+00
4.349276749930915398e-01
1.622356138346406951e+01
3.308210933440231205e+00
4.534320084178827592e+00
7.727498928470642348e+00
3.804517003049032287e+00
2.852455133113749319e-01
4.207169781190928148e+01
3.413624568647712465e+00
2.290791870211050796e+00
8.097075362587913716e+00
2.307005829919673623e+00
1.887506657878990426e-02
3.458744343182710423e+01
1.880071584025952802e+01
2.337560417811745506e+00
9.196995407863083116e+00
3.563097875352116972e+00
1.430151447340670323e+01
2.403392018850571521e+00
3.346744626749194040e+00
2.290775647265883119e+00
8.098561401842383489e+00
2.305705554893674680e+00
1.437022004997485247e+01
3.169407976903574919e+01
3.355142930531308743e+00
2.337401419892703114e+00
8.228983973731013535e+00
3.570536896227373358e+00
1.430219092153399707e+01
3.512065457607702257e+01
1.616033248467332584e+01
4.614296679809156032e+00
7.727346463508294683e+00
3.804270136519344536e+00
1.419290026219952416e+01
2.174105599985811654e+00
5.808798403157144463e+00
2.415798303601940145e+00
9.065197463491372787e+00
2.317595388103220522e+00
1.436940687306503150e+01
1.901308236032298732e-02
1.613903513545108126e+01
4.614275274942660765e+00
7.729412027737109447e+00
3.804312074800268118e+00
1.419296527078172154e+01
1.833313644597613923e+00
3.481929200033665239e+01
2.374966758146384915e+00
8.423005149983993078e+00
2.122702408795517304e+00
2.099783702121861495e+00
1.640143573272716893e+01
3.097335554891046616e+00
2.375771934476171854e+00
8.424257291415228721e+00
3.218438685840907976e+00
1.710150834084754656e+00
2.751647874117088577e+01
4.117374691198175896e+00
2.316293780728097662e+00
8.424502932050996762e+00
2.124295719423096251e+00
2.098327471754619200e+00
2.064662348010289961e+01
1.640144514585692193e+01
6.249531209244598706e+00
1.023761725685993618e+01
4.254037470897545248e+00
7.487643922852903700e+00
1.110604155079866828e+01
7.139368668649717975e+00
5.518692595558657210e+00
1.023741410648495176e+01
7.145805107958701718e+00
7.594613346521266628e+00
7.517167176037800935e+00
5.913828078598830640e-01
6.420190062514770979e+00
1.500592616635345422e+01
2.906378539821309115e+00
7.444956337438171090e+00
7.837506595398206599e+00
3.757330382332518326e+01
2.376500269641713903e+00
8.423987543205663897e+00
2.736542092696212070e+00
2.097476642847186046e+00
1.400974327662780716e+01
4.116427878889060921e+00
2.376150477653133475e+00
8.424314501411151568e+00
2.123427986844692583e+00
2.099291779973784688e+00
1.401208897874321657e+01
1.640140847676765645e+01
2.317035293032746690e+00
8.424962773488536172e+00
3.046843340547374268e+00
2.095645841848777113e+00
1.401060212262546401e+01
3.031376363351915515e+01
2.595966955219275452e+00
9.278279730795583546e+00
2.434262339196969105e+00
2.812191918013833725e+00
1.566764227994067049e+01
3.300752073111451690e+00
2.475106201947337325e+00
9.181610044327975118e+00
4.913870907088168316e+00
5.423186167107854061e+01
1.614073874565709232e+01
3.394336962061160978e+00
9.031394039505591387e-01
8.955982002236252626e+00
4.871889926924571235e+00
9.122766959318859836e-01
1.614534581223795229e+01
8.405203191309983168e+00
9.025600889522414905e-01
6.682438023188122855e+00
4.674583874924439719e+00
1.010715224911465704e+00
6.190521921504620906e+01
9.909033662522450214e+00
1.729593467997064371e+00
2.633970446171242319e+00
3.167718421415335772e+00
3.424868066051689919e+00
5.308832881509476920e+01
2.495182862027546022e+01
2.351945777075196364e+00
6.920769042585976472e+00
4.946939742633526649e+00
1.432822214591745080e+01
1.614054117287491863e+01
3.389525237557482029e+00
2.559885147823729667e+00
8.103026535485419402e+00
3.866892771975600329e+00
1.448654777075412703e+01
5.439606912313934828e+01
4.551245447247634246e+00
2.560040586486948655e+00
8.102866348596544199e+00
4.615590430443589298e+00
1.660987499899519193e+01
3.492699331283281339e+01
2.246081860854600265e+00
4.328844749269981307e+00
7.263131903437733961e+00
5.776464171286565197e+00
1.743519391681329367e+01
1.274606621300800935e+00
1.020718696440131268e+01
1.729712968335327394e+00
2.633997829199130170e+00
4.092477448057586287e+00
1.632522286067570505e+01
9.978258820673910900e-01
1.321704196252388819e+01
4.023600492642813720e+00
1.410744918688940608e+01
6.066566654642691958e+00
1.630998088179021366e+01
1.731294422367768870e+00
5.521080679073650543e+01
3.557381776539771945e+00
1.009645526637557467e+01
5.047409730661024163e+00
3.568022580765141782e+00
1.269980781398068537e+01
2.466868131530123165e+01
2.550595231946044539e+00
9.228086135884391084e+00
3.810272548658664160e+00
2.449173652845200166e+00
2.703145782463960245e+01
3.680566000654406089e+00
5.945620574382707524e+00
4.565537666605520961e+00
4.862318266645539566e+00
3.467339415160255900e+00
2.714752126648490105e+01
1.235764342898841761e+01
4.339103745016200442e+00
1.232101811620428045e+01
7.649546671502386097e+00
6.118038347910395025e+00
4.877930383142038195e+00
6.683694541262656053e+00
6.160787536658137498e+00
6.877078097993590156e+00
4.560336340950066791e+00
4.149199357199780280e+00
7.412872355727758489e+00
1.303336711351496113e+01
5.851958085907210894e+00
6.321382506059992856e+00
4.178623387310318904e+00
3.982073721216565332e+00
6.406785918007168235e+00
4.360659651145372351e+01
2.758932644281854252e+00
8.988763148282997051e+00
8.615561240312826774e-01
2.185826680116028431e+00
1.350002461163282419e+01
2.655189632304627345e+00
4.772183809009007405e+00
4.571320093568228771e+00
4.353794341415389901e+00
3.467917579486520907e+00
1.901809875201828604e+01
1.235692231680446618e+01
4.772241487238542135e+00
5.083136155513934717e+00
4.363874247753392943e+00
3.900560493676044072e+00
2.106357522734224119e+01
4.069413634083841913e+01
6.287876085936840553e+00
6.601375840984894161e+00
5.360072832195181824e+00
4.149149675504756551e+00
1.664820296572080949e+01
7.524742532536120798e+00
2.434080187665939476e+00
8.097612669052081102e+00
3.815554277619423562e+00
3.200141598177411506e+00
1.600646504928551650e+01
3.525775973643149097e+00
2.558617984430732406e+00
8.099496061915550271e+00
5.112962696728262202e+00
3.792703679585375465e+00
2.682020300394862389e+01
3.529701643084640406e+00
4.384506081768528851e+00
5.547222359566227112e+00
7.373853779536282183e+00
7.906658578468086951e+00
2.711308168414550224e+01
1.291530987258659557e+01
2.516773022611774824e+00
1.431802374238391451e+01
5.776692277436706213e+00
4.075446802231071253e+00
1.274401131489745875e+00
7.854929031265701411e+00
4.579200407455464195e+00
2.985453905175990297e+00
6.736179187538726687e+00
7.330089089492774157e+00
3.710249159321466816e+00
1.233790174830089903e+01
4.740663576958001890e+00
2.076031310647899808e+00
6.789023289263261596e+00
7.365581264395607342e+00
3.348019548898730768e+00
4.299641011540418845e+01
4.328927103826921474e+00
7.433469086413286853e+00
4.352948769937303730e+00
4.075285908654040057e+00
7.551200515556792503e+00
5.037197644912478012e+00
5.306392080227766428e+00
6.003072806475752365e+00
7.629131941541211326e+00
7.498610117808451214e+00
1.901936320616407627e+01
1.235697666121118665e+01
5.866381832328361412e+00
8.767606829844735827e+00
1.029700676670246295e+01
8.474675934457922111e+00
2.063514216437002347e+01
3.318132959443766339e+01
5.563557873014082666e+00
1.644521618513087802e+01
8.593764251239823793e+00
7.590915964212880063e+00
2.233747469190103985e+01
3.212219617392975124e-01
9.274211018576062671e+00
2.191169756436447003e+01
7.924974486017839048e+00
7.277906040355969886e+00
9.060996489984775693e+00
1.101723376555865386e+01
5.307655942365491875e+00
5.088642462187592308e+00
4.849187238987990867e+00
8.850930715545475280e+00
3.900641713072065198e+00
1.235587579555351567e+01
4.775539843736516410e+00
5.081724957082672134e+00
4.860350185279427748e+00
9.024499213513106355e+00
3.900486172867931867e+00
4.034673555749379403e+01
5.905452904109615986e+00
1.804530556854081524e+01
4.358702405752104880e+00
1.055960517654495057e+01
5.471812315271013638e+00
7.119494316408582435e+00
5.870100417903085344e+00
2.967774812794368611e+00
8.593519477853730493e+00
1.049325714708802870e+01
4.661695187100263205e+00
1.860742023348649710e+01
