M6,26.611886076784106,39.45614223272474,33.93197169049116
M7,45.700175291593816,54.28884811106171,0.01097659734447376
M8,10.767156085957202,4.996168923354512,84.23667499068829
M9,91.75920227750947,3.6900226638033655,4.550775058687162
M10,8.03791482894061,83.00410143955789,8.9579837315015
M5,48.68785425766792,30.775767708839965,20.536378033492113
M7,44.50767452570347,55.4790362876466,0.013289186649927842
M8,10.380433956971741,5.127184653419952,84.49238138960831
M9,91.35665024550062,3.8662826446907395,4.777067109808643
M10,5.107174065424636,85.18259105833172,9.710234876243646
M5,51.07543839815739,29.253627349337293,19.67093425250532
M6,26.216435806353694,39.73861005912087,34.044954134525426
M8,10.769465030641252,4.998080457262385,84.23245451209635
M9,86.90274033211988,7.20066926252909,5.896590405351034
M10,7.021648027003475,83.75818556827694,9.220166404719578
M5,49.742004063199765,30.064015846957624,20.19398008984261
M6,25.163864950118963,37.80149176977335,37.03464328010769
M7,45.69170790502285,54.294414943072184,0.01387715190496408
M9,86.90102005199809,7.201298634449148,5.897681313552764
M10,8.025943074354672,83.0134677148678,8.960589210777528
M5,51.0754408690936,29.253626607588338,19.670932523318065
M6,26.612080559689133,39.45637043218468,33.93154900812619
M7,44.44909478682757,55.55090521317243,0.0
M8,10.766971922523377,4.9960184600285436,84.23700961744808
M10,7.959543719371124,83.43387868417695,8.606577596451928
M5,49.1134409660796,30.446021649614366,20.440537384306033
M6,26.61190975366756,39.456176661832075,33.931913584500364
M7,45.689369754744234,54.296473465784985,0.014156779470781089
M8,10.767200873650578,4.996208428522583,84.23659069782684
M9,86.90358439753676,7.199897730680997,5.896517871782242
M4,22.5015877585307,19.849400238601365,57.649012002867934
M7,45.69895725336135,54.28978088734146,0.0112618592971927
M8,10.766123843564811,4.99531824834956,84.23855790808562
M9,89.65252166349465,5.211958308952291,5.1355200275530555
M10,5.512894875744296,85.09823486923118,9.388870255024528
M4,21.904990869284813,19.307811315788808,58.78719781492637
M6,26.611851729913944,39.45610693119384,33.93204133889221
M8,10.769159086750014,4.997827145252911,84.23301376799708
M9,86.88111201965533,7.215646220084481,5.903241760260186
M10,5.508350068882121,85.10132706271858,9.390322868399295
M4,21.39075831221702,19.662267017262256,58.94697467052073
M6,27.01176148666495,39.913088748172974,33.075149765162074
M7,44.44909291156652,55.550907088190236,2.432472001601127e-10
M9,91.75919000911598,3.6900202464942993,4.550789744389718
M10,5.513099578745604,85.0980970586969,9.388803362557496
M4,21.393363886589796,19.660679037486346,58.94595707592386
M6,23.93781517499692,39.02998705499618,37.032197770006896
M7,44.4490929527223,55.55090704732946,-5.17630383001233e-11
M8,10.766822201563675,4.995895896967204,84.23728190146913
M10,7.822359564121231,83.52719966407489,8.650440771803886
M4,21.90503519338303,19.30785388972922,58.787110916887755
M6,26.61195765276843,39.456232024395874,33.93181032283569
M7,45.693726185508595,54.29360636600028,0.012667448491122002
M8,8.191570169919718,5.203578332979871,86.60485149710041
M9,86.88092368672436,7.215656964953852,5.90341934832179
M4,21.90501003763068,19.30782818149091,58.78716178087841
M5,49.77457491714614,30.044220819208515,20.181204263645345
M8,13.359795901648255,6.40998675370993,80.23021734464182
M9,87.14103513962301,8.577495192690282,4.281469667686704
M10,5.515236943056366,85.09664177714124,9.388121279802391
M4,21.427058000366664,19.637362106587656,58.935579893045684
M5,49.110201442478576,30.447989711203654,20.44180884631777
M7,45.68766188169565,54.29747658721808,0.014861531086275193
M9,86.91616556557844,7.190595776754427,5.893238657667134
M10,5.343619802873937,85.0010444107053,9.655335786420764
M4,21.905092870710508,19.30790713799699,58.786999991292504
M5,49.77783344326966,30.0422429615061,20.179923595224242
M7,45.66299281394796,54.31684847579679,0.020158710255252288
M8,10.765971289903925,4.995192472723374,84.2388362373727
M10,5.521020584175816,85.09270758932196,9.386271826502224
M4,21.905079160861803,19.307891809049444,58.78702903008875
M5,49.919301810789825,30.083263593720723,19.99743459548945
M7,45.685198257249574,54.299612802037274,0.015188940713152022
M8,8.190714589348778,5.203962982531135,86.60532242812009
M9,86.92638256985751,7.183718777739319,5.889898652403172
M4,22.096303334356843,19.48148540586416,58.42221125977899
M5,49.76237187491423,30.051636887808964,20.185991237276806
M6,27.01176135081861,39.913087688839674,33.07515096034172
M9,86.90024420975946,7.202382204542902,5.897373585697634
M10,5.515570844920101,85.0964150259991,9.388014129080801
M4,21.905118167626707,19.307927364783342,58.78695446758995
M5,49.798779395887095,30.02951346091606,20.171707143196844
M6,27.011762879893745,39.91308646060301,33.07515065950324
M8,10.76879937077992,4.997528946807161,84.23367168241292
M10,7.340689540682553,83.85485839753336,8.80445206178409
M4,21.905109205983667,19.30791962421656,58.78697116979978
M5,51.07544049500755,29.253626136181076,19.670933368811376
M6,27.011762322759633,39.91308663502105,33.07515104221931
M8,10.769406474677886,4.998031165928396,84.23256235939373
M9,86.90242321125703,7.201229245279116,5.896347543463854
M4,21.481302855974036,20.39591030089293,58.122786843133035
M5,49.77080254239555,30.04651590042662,20.18268155717783
M6,26.61202566151302,39.456308641555054,33.93166569693193
M7,44.44909592685846,55.55090407314153,7.105427357601002e-15
M10,5.521365176027019,85.09247485416354,9.386159969809441
M4,21.9050608695076,19.307875152549475,58.787063977942935
M5,49.91341607808245,30.087942505330528,19.998641416587024
M6,26.61186037478728,39.456117899632076,33.93202172558064
M7,45.669929273877045,54.310519990196376,0.019550735926578966
M9,86.90096464400101,7.201695397526545,5.897339958472448
M4,22.501587468339146,19.849399570073064,57.649012961587786
M5,51.07543798524688,29.25362721133268,19.67093480342044
M6,26.82636595252013,39.701237487689966,33.4723965597899
M7,44.449092673562994,55.55090732767977,-1.242760561126488e-09
M8,8.193746767732478,5.203244413747085,86.60300881852044
M3,10.556487541374043,69.16466765201288,20.27884480661308
M7,45.67589482275673,54.30647079031203,0.017634386931241863
M8,10.556743196666101,4.899417021240146,84.54383978209376
M9,90.14353539255193,1.7068138252244756,8.149650782223599
M10,5.3216560969658175,84.8166765974102,9.861667305623982
M3,10.556339033146221,69.1647776712289,20.27888329562488
M6,26.39858709504347,39.153005542491634,34.4484073624649
M8,10.557150697970492,4.899754056511249,84.54309524551826
M9,86.74999767426971,7.213301255682461,6.036701070047831
M10,7.004433862381428,83.57951265882247,9.416053478796101
M3,10.555885470089942,69.1651054518733,20.27900907803675
M6,26.398586771909354,39.15300391038033,34.44840931771032
M7,45.67577456057651,54.30656032569236,0.017665113731133886
M9,94.8466681955924,1.3994554240294708,3.753876380378129
M10,7.955894868686214,82.88000531399726,9.164099817316526
M3,10.556295917822753,69.16480826089672,20.27889582128053
M6,25.96531997753729,39.45960620560549,34.57507381685722
M7,45.67509596797277,54.3070587769158,0.017845255111424763
M8,10.556716335019974,4.899396012823334,84.5438876521567
M10,7.946069479207261,82.88722989001181,9.166700630780923
M3,10.555221839834228,69.16558772566812,20.27919043449765
M6,28.094233128865522,37.953082747851816,33.95268412328266
M7,45.67564878258883,54.3066524156542,0.01769880175697125
M8,10.110247650474491,4.9352421936840205,84.95451015584149
M9,88.36707863500004,7.344138833491454,4.288782531508505
M3,11.305440342111813,68.5691830600568,20.12537659783139
M5,50.66793196030924,29.03651473789617,20.29555330179459
M8,10.418366631556662,4.838084337766627,84.7435490306767
M9,91.57952639909766,3.682048925182556,4.738424675719784
M10,7.315380605958056,83.56528705306143,9.11933234098052
M3,11.302132451366148,68.57129290865129,20.126574639982564
M5,49.93516046111522,29.47511825164525,20.589721287239534
M7,44.86672092331539,55.13327907668461,0.0
M9,91.13593754086881,3.5489426735452865,5.315119785585904
M10,5.500011184676053,84.77972468234525,9.720264132978699
M3,11.367539816725214,68.52954365721065,20.102916526064135
M5,49.99357030084444,29.44015771066983,20.56627198848573
M7,44.837660899447044,55.16233910055299,-3.552713678800501e-14
M8,10.416283590306342,4.836367848407491,84.74734856128617
M10,7.639723783467897,83.34830860640581,9.011967610126291
M3,12.118604895379114,69.8061082756518,18.075286828969084
M5,49.62320418227078,29.99587201039674,20.380923807332476
M7,45.63825109943173,54.33411883738485,0.027630063183423204
M8,8.01889590294022,5.103720495476155,86.87738360158363
M9,86.94537394850197,7.07300989474902,5.981616156749014
M3,12.523362238369184,67.79178037556402,19.684857386066795
M5,50.667931765598546,29.03651426477712,20.295553969624333
M6,23.568734015173895,40.83822758898227,35.59303839584383
M9,91.58120600771079,3.6825528488755297,4.736241143413681
M10,7.315606717863464,83.56513539487891,9.119257887257632
M3,12.549588635151027,68.00194794260725,19.44846342224173
M5,50.29293444156804,29.517392884983106,20.18967267344885
M6,26.39858605084434,39.15300676217162,34.448407186984035
M8,10.107250834965603,4.935759093880701,84.9569900711537
M10,7.005864728523844,83.57846159720634,9.415673674269811
M3,12.249928952438417,67.93765394075963,19.81241710680196
M5,49.138877762975234,30.341895574471806,20.51922666255296
M6,26.39858645582286,39.153006374254694,34.448407169922454
M8,10.55717354691851,4.899773698207554,84.54305275487394
M9,86.87952759091029,7.1202917589501205,6.000180650139594
M3,10.659146062443165,68.98171395115274,20.359139986404088
M5,49.99246196007751,29.44082214986046,20.566715890062028
M6,26.280618233399174,38.976450752441295,34.74293101415954
M7,44.83499327405243,55.165006725930354,1.7216450487467228e-11
M10,7.726881836068549,83.29000224234856,8.983115921582893
M3,10.556539690170803,69.16463637299881,20.278823936830378
M5,49.138277454352334,30.34232579549627,20.519396750151397
M6,26.398583223674187,39.153011226647585,34.44840554967822
M7,45.52120535325395,54.42008057476351,0.05871407198254275
M9,86.94854468709158,7.0707336561975325,5.980721656710884
M3,10.557028347676695,69.16427846662562,20.27869318569769
M5,49.598509621259446,30.013516817284472,20.387973561456082
M6,26.614016526011746,39.40021314082242,33.98577033316584
M7,44.486117773035836,55.180256611511695,0.33362561545246905
M8,8.018979827608261,5.1036517249564675,86.87736844743527
M3,10.556525794051442,69.16464146735366,20.2788327385949
M4,21.606140082422122,19.05073433221831,59.34312558535957
M8,8.018062876068495,5.103831983562688,86.87810514036882
M9,86.75006399618856,7.213253570986825,6.036682432824617
M10,4.659494728598413,85.30349367124488,10.037011600156703
M3,10.556119960748697,69.16493280415965,20.27894723509165
M4,22.152293138785176,19.626656262700276,58.22105059851454
M7,45.6758096268677,54.30653369976078,0.01765667337152621
M9,91.21912229557392,3.5526596664423336,5.2282180379837415
M10,5.322584727409655,84.81599333047632,9.86142194211402
M3,11.088583972816002,68.7791293676871,20.1322866594969
M4,21.2341234203482,20.101363518181426,58.66451306147037
M7,45.67515715276646,54.307013626234834,0.01782922099870632
M8,8.015643698456257,5.1038481404913565,86.88050816105239
M10,7.749743463483952,83.03156847569443,9.21868806082162
M3,13.108633848713788,67.62692535029126,19.264440800994947
M4,22.154675477240435,19.62615197625595,58.219172546503614
M7,45.67566983231525,54.306637728029926,0.017692439654823033
M8,8.018904680671778,5.103685437874331,86.87740988145389
M9,88.36703231463028,7.344144008934336,4.288823676435385
M3,12.551127206453318,67.99862152208793,19.450251271458754
M4,21.6061395796155,19.0507336814506,59.343126738933904
M6,26.398588164257415,39.153003064947015,34.44840877079557
M9,86.7500530341683,7.213261238735042,6.036685727096655
M10,5.321437587452662,84.81683754419329,9.861724868354045
M3,11.321942021305647,68.77640344516995,19.901654533524407
M4,21.083380362647855,19.4095003080849,59.50711932926724
M6,26.398586374305555,39.1530045799943,34.448409045700146
M8,8.022797506005164,5.103372780702849,86.87382971329198
M10,7.310241782105959,83.68059787324242,9.009160344651619
M3,10.555294329146442,69.1655358947457,20.27916977610785
M4,21.606141635096087,19.050735197500117,59.34312316740379
M6,25.96532363047998,39.459605718982814,34.5750706505372
M8,10.557032823155938,4.899655814897913,84.54331136194615
M9,88.97529510759438,7.393416715653955,3.631288176751668
M3,10.555660561728374,69.16526870925966,20.279070729011963
M4,21.606140200121388,19.05073459690886,59.34312520296975
M6,26.345117752415817,39.58564646618406,34.069235781400124
M7,45.67503204106304,54.307104987072506,0.01786297186445296
M10,5.322459434631871,84.81608708706271,9.861453478305421
M3,10.554595092811528,69.16604219018612,20.279362717002357
M4,22.9478912707323,19.79402635935057,57.25808236991713
M6,26.614081573785374,39.40028155467388,33.98563687154075
M7,45.675557011735656,54.30671992195019,0.017723066314154323
M9,86.75002636008367,7.213280957372222,6.036692682544112
M3,11.45574176168737,69.010658888753,19.533599349559637
M4,21.44899461639094,20.366465073110554,58.18454031049851
M6,26.59116277682135,39.426769457383685,33.982067765794966
M7,45.68299919333825,54.2995957305767,0.017405076085054816
M8,8.172746916960737,5.194061683485443,86.63319139955382
M3,11.307434924350968,68.56790976115252,20.124655314496508
M4,21.991371572075714,19.41020983632311,58.59841859160119
M5,49.53564282548633,29.71425728813027,20.750099886383403
M9,86.83539018355167,7.092221203912725,6.072388612535608
M10,5.493668127546013,84.78396929155313,9.72236258090085
M3,11.371373847601616,68.52709658906653,20.10152956333185
M4,22.69942285030695,18.515918198671077,58.78465895102198
M5,49.992696923471705,29.440680209578982,20.566622866949313
M8,10.41754638491286,4.837407518877753,84.74504609620938
M10,7.315244812204524,83.56537715313684,9.119378034658638
M3,12.256713306168535,67.93273688139975,19.810549812431717
M4,23.399991515103526,17.8196241426441,58.780384342252376
M5,49.62771190875779,29.992652987313686,20.379635103928525
M8,6.980458907365071,6.119304887491887,86.90023620514303
M9,86.9139046518862,7.095605719179018,5.9904896289347835
M3,12.249519577885168,69.66463940258566,18.08584101952917
M4,21.99137044704384,19.410209085038726,58.598420467917435
M5,48.7043988268796,30.211801134416902,21.0838000387035
M7,44.43524676796522,55.56475323389559,-1.8608048435453384e-09
M10,5.500442545357019,84.77943682595793,9.720120628685052
M3,10.55677776528978,69.16446247335764,20.278759761352575
M4,21.606139376926517,19.050737158766406,59.34312346430707
M5,49.602522938598455,30.010650376516452,20.386826684885094
M7,45.508538193180364,54.429380840288786,0.062080966530849935
M9,87.00646690941478,7.029143763694977,5.96438932689024
M3,10.55728748841978,69.16409027137446,20.278622240205763
M4,23.400754052288246,17.8191003850305,58.780145562681255
M5,49.63505668167454,29.987405744070443,20.377537574255015
M7,44.48463257577812,55.18134721288153,0.334020211340345
M8,8.018796074473578,5.103716334342289,86.87748759118412
M3,12.555787948453847,68.00075944823901,19.443452603307136
M4,21.606139406850403,19.05073601596705,59.34312457718255
M5,50.29340101281927,29.517060204709683,20.18953878247105
M6,25.753725018458855,39.60934321473692,34.63693176680423
M10,5.322469680111442,84.81608069650078,9.861449623387784
M3,10.556423644927396,69.16471681197065,20.27885954310196
M4,21.20715291549641,20.11475587204925,58.67809121245434
M5,49.1379923306832,30.342528428683494,20.51947924063331
M6,26.398588183720562,39.15300541059349,34.44840640568595
M9,86.91287537915547,7.096347827734846,5.9907767931096885
M3,16.344171913186404,64.97108867458982,18.684739412223777
M4,21.1972799496258,20.120514370097773,58.68220568027643
M5,50.30306363948645,29.510156975944618,20.18677938456893
M6,26.614214617616735,39.40043691901099,33.98534846337227
M8,10.556998344395359,4.89962859331852,84.54337306228612
M3,10.556391342233338,69.16473916574495,20.278869492021713
M4,21.606138603405984,19.050734942395653,59.34312645419837
M5,49.138128553752175,30.342430186800403,20.519441259447422
M6,26.398586756244434,39.15300509540715,34.448408148348406
M7,44.471035668223,55.19133250664062,0.337631825136377
M2,71.72641145405866,13.268740422588701,15.004848123352636
M7,44.50828213034785,55.47918217345384,0.012535696198305857
M8,10.40882934590977,5.113215247777398,84.47795540631283
M9,86.30210548394996,7.523889672489065,6.174004843560977
M10,4.568877752718953,85.75501378492112,9.676108462359934
M2,66.87848051964458,16.22482663040812,16.896692849947296
M6,25.576068663683653,40.04565033115337,34.378281005162975
M8,10.611464292818745,5.1246456838250145,84.26389002335625
M9,86.51097337886543,7.411769507781614,6.077257113352957
M10,15.679853722707161,77.4008514646782,6.919294812614638
M2,68.87505035570557,14.97503821076406,16.14991143353037
M6,25.236258553042454,40.206048956233566,34.55769249072397
M7,44.508164922219756,55.47910913125312,0.012725946527126553
M9,91.37459220484406,3.8537581572467134,4.771649637909223
M10,5.106715135536446,85.18470124180989,9.708583622653663
M2,65.68244040320221,19.88800190599272,14.429557690805073
M6,25.37983683328066,40.210673644660154,34.40948952205918
M7,43.8515906596165,55.82432320333827,0.32408613704523503
M8,12.553563828130699,6.753603615178216,80.69283255669107
M10,6.817687306586665,83.92114402610466,9.26116866730868
M2,70.88987413616483,12.923164059592848,16.186961804242316
M6,25.917891971859248,40.45012588211064,33.63198214603011
M7,43.75274370241216,56.24725629758783,7.105427357601002e-15
M8,9.05629939470842,3.9434449009487027,87.00025570434288
M9,86.30297227646363,7.523955411592318,6.173072311944047
M2,70.79712030274526,12.908919764415655,16.293959932839087
M5,48.614105859176036,30.73438634814065,20.651507792683315
M8,10.365019332174727,5.112261744397342,84.52271892342793
M9,86.25681497465023,7.521818599381136,6.221366425968638
M10,5.06846111869387,85.1428516238845,9.788687257421628
M2,65.96630732770923,16.643963173429373,17.389729498861396
M5,47.9703530697447,31.054664672749873,20.97498225750543
M7,43.95163718290012,56.02913486369715,0.019227953402726428
M9,86.02765664752488,7.665931775412404,6.306411577062717
M10,4.989991761466469,85.26602240777032,9.743985830763208
M2,67.86828077471917,15.509645531773037,16.622073693507794
M5,48.46074116600213,30.695909260002626,20.843349573995244
M7,44.497726866164456,55.48415641571606,0.018116718119486563
M8,11.230092278745978,7.415913291937756,81.35399442931626
M10,5.275831256151254,85.21537909408137,9.50878964976738
M2,67.88267172816462,15.501123911001361,16.616204360834015
M5,48.46163727207834,30.696202930803175,20.842159797118484
M7,44.497860023133185,55.484059730342175,0.01808024652464013
M8,12.200279246139877,6.741306051935447,81.05841470192468
M9,86.2567480139635,7.521865281481387,6.221386704555111
M2,66.02304433976714,16.339562506758533,17.637393153474328
M5,48.61401097840998,30.734452383517418,20.651536638072603
M6,25.16425089326071,40.10505419426551,34.73069491247377
M9,84.21571560158777,10.357917352926378,5.426367045485847
M10,5.08837870167523,85.12829996175,9.783321336574772
M2,66.47702426408155,16.410033923474963,17.112941812443488
M5,48.53768964872372,30.73834174966815,20.723968601608128
M6,25.916953481843326,40.45067439598572,33.632372122170956
M8,10.372397781742146,5.131075627134523,84.49652659112333
M10,5.080306313475054,85.20245630515922,9.717237381365734
M2,64.91085691455682,18.373668478694874,16.71547460674831
M5,49.82479578301103,29.956933167663426,20.218271049325548
M6,25.23647242336355,40.2061870926231,34.55734048401335
M8,11.301117932999121,7.460343862691232,81.23853820430965
M9,82.84924340871488,11.218328627248317,5.932427964036799
M2,66.47702348510536,16.410032872404138,17.1129436424905
M5,48.537522249990644,30.738442378120624,20.724035371888732
M6,25.235504873194525,40.20630855379159,34.558186573013884
M7,44.50784042520459,55.47948035521443,0.012679219580981282
M10,5.110795630511428,85.18290314532376,9.706301224164804
M2,66.47704275792044,16.410018453672784,17.112938788406773
M5,48.53745010912539,30.738483827196543,20.72406606367807
M6,25.235354719049404,40.206030346927975,34.558614934022614
M7,44.50669066129558,55.47889843981654,0.014410898887881274
M9,86.30217431769996,7.5239498486921255,6.17387583360791
M2,66.47697689724195,16.410059983434376,17.11296311932367
M5,48.68403105879363,30.774700469731265,20.541268471475107
M6,25.639806698329522,40.35093969637025,34.00925360530023
M7,44.508077532316655,55.479654220049355,0.01226824763399037
M8,10.368838935726988,5.132517482723592,84.49864358154943
M2,66.87895325399968,16.224559866633143,16.896486879367174
M4,21.337364695977957,19.42483278356742,59.23780252045462
M8,10.576130113068048,5.103360079839704,84.32050980709225
M9,88.76053878822222,7.600816636902279,3.6386445748755003
M10,4.653550782814375,85.69260095509469,9.653848262090932
M2,66.47727096004053,16.409906457999533,17.11282258195994
M4,20.99848677816787,19.92689106515624,59.074622156675886
M7,44.50834949886679,55.47913515182321,0.01251534931000009
M9,86.30237783330635,7.523868632762174,6.173753533931474
M10,5.101181768547091,85.1885288604235,9.710289371029404
M2,68.8960450350876,15.112808770413109,15.991146194499295
M4,21.904985180737082,19.307808439228772,58.78720638003414
M7,45.68619339357769,54.29944061033372,0.01436599608859268
M8,8.300573843449467,5.155424744887103,86.54400141166343
M10,5.506063641179925,85.10288213755655,9.39105422126353
M2,67.5811626225105,15.898515211403685,16.520322166085812
M4,21.388830646406912,19.663584734616084,58.947584618977004
M7,44.4490901838097,55.550909779277966,3.691233274594197e-08
M8,10.797388945562375,5.021163876200551,84.18144717823708
M9,91.75924440860842,3.6900384921711717,4.550717099220404
M2,66.55589583054149,17.764125749258337,15.679978420200175
M4,21.390255664488176,19.662589019362805,58.947155316149015
M6,26.17652007575321,39.766551427470326,34.05692849677646
M9,86.87586479499926,7.21920991108324,5.9049252939175005
M10,4.87184416156364,85.53431634346325,9.59383949497311
M2,68.58562204358577,15.298295572105475,16.116082384308754
M4,21.905003160513854,19.307825461683763,58.78717137780238
M6,26.171668043393744,39.77043110255222,34.05790085405404
M8,10.855600951612903,5.0692769871444465,84.07512206124265
M10,4.717759295065668,85.46585981351352,9.81638089142082
M2,67.58009442474612,15.899155449735028,16.520750125518852
M4,21.905000220671646,19.30782167891255,58.787178100415815
M6,26.179485931918084,39.7647291057074,34.05578496237452
M8,10.852688958959346,5.066874662426573,84.08043637861408
M9,84.88847136850951,9.955605907513265,5.155922723977222
M2,68.86623902374477,15.130612012435266,16.003148963819967
M4,21.388055083200534,19.66420858325358,58.94773633354589
M6,26.174809476262443,39.76773089800688,34.05745962573068
M7,45.68190749955228,54.302400518795615,0.015691981652103948
M10,5.514580200145077,85.09708789840252,9.388331901452403
M2,67.58158651307804,15.898262207245079,16.520151279676885
M4,21.90496400493022,19.307791654083175,58.787244340986604
M6,26.18279599105203,39.76191499619787,34.055289012750094
M7,45.68764340169723,54.29772559335019,0.014631004952583737
M9,86.87560089085866,7.219268606810945,5.905130502330391
M2,67.21893637083384,15.856783680231276,16.92427994893488
M4,21.905046666886097,19.30786394505333,58.78708938806058
M6,26.61213355657343,39.45643213283509,33.931434310591484
M7,44.44909381454551,55.55090618545419,2.984279490192421e-13
M8,8.665852346396706,4.741414327863789,86.5927333257395
M2,66.47709991874626,16.40998439242464,17.112915688829098
M4,20.54153373141312,19.826983359811855,59.63148290877502
M5,48.68957604344674,30.77642584067503,20.533998115878227
M9,86.30254245765846,7.523923881473293,6.173533660868245
M10,5.076416995753681,85.20300947730169,9.720573526944634
M2,66.87860778410784,16.224742334576465,16.896649881315692
M4,20.84333563679011,19.770071802891636,59.38659256031826
M5,48.98607807749922,30.487341594584567,20.52658032791621
M8,10.554586561676267,5.103252480418287,84.34216095790543
M10,4.653256153580869,85.69280250633666,9.653941340082469
M2,64.31394655545623,17.758658526156946,17.927394918386828
M4,21.336888770499225,19.425102784386016,59.23800844511476
M5,48.98560978763264,30.48762858996693,20.52676162240043
M8,10.561125662353625,5.105561556109077,84.3333127815373
M9,86.51077250633989,7.411910390860423,6.077317102799687
M2,68.49290357291859,16.699508576350162,14.807587850731245
M4,20.841657660575205,19.61568201328682,59.54266032613798
M5,48.53742383896474,30.738501055389346,20.724075105645912
M7,43.63577395091802,56.364226049081985,-7.105427357601002e-15
M10,5.26421654358401,85.28982168901562,9.445961767400362
M2,66.47710499508275,16.409983741675237,17.112911263242008
M4,20.542556172121657,19.827242777434307,59.63020105044403
M5,48.537349224069395,30.73854696498965,20.724103810940957
M7,44.50683831467865,55.47894238859329,0.014219296728057884
M9,86.30235160368503,7.5239427548372015,6.173705641477773
M2,65.60065587093574,18.539539187295322,15.859804941768939
M4,21.569350353378997,20.05193209294316,58.378717553677845
M5,48.537555216358435,30.7384232761207,20.724021507520867
M7,43.36579463970778,56.31813853288026,0.3160668274119587
M8,10.359391606336203,5.133759127828719,84.50684926583507
M2,66.87869861212968,16.224689318375255,16.896612069495063
M4,21.307084697245028,19.445929500566166,59.2469858021888
M5,48.98571472706776,30.487563454901576,20.526721818030666
M6,25.572740626747564,40.048019346805646,34.379240026446794
M10,5.161769253766226,85.13609955754929,9.70213118868449
M2,66.87885416449744,16.22459663238782,16.89654920311474
M4,21.881603528801243,19.992536971753186,58.12585949944558
M5,48.9851626191657,30.4878980140917,20.5269393667426
M6,25.574607941153698,40.04668360209231,34.37870845675399
M9,88.11712741752494,7.54671935489296,4.336153227582099
M2,67.57974918478558,15.899361804105636,16.52088901110878
M4,21.90513749402292,19.307946818250446,58.78691568772663
M5,50.411539306832225,29.657109453613216,19.93135123955456
M6,26.612143721027856,39.45644515829414,33.931411120678014
M8,11.372389337104742,5.496454350911399,83.13115631198386
M2,66.47706152298649,16.41001154015769,17.11292693685582
M4,20.67582680566536,20.53950424865992,58.78466894567471
M5,48.53748637479413,30.738466197416507,20.724047427789365
M6,19.810507739980153,44.101619697751254,36.08787256226859
M7,43.27640719847873,56.72359280152126,1.4210854715202004e-14
M2,67.80291839569084,15.91422366759574,16.28285793671342
M3,12.533488493803523,67.99703608786663,19.46947541832985
M8,11.159406410151533,5.396763158694632,83.44383043115384
M9,91.66050230622068,3.687293244559158,4.6522044492201635
M10,5.3336954965159995,84.80782288198165,9.85848162150235
M2,68.72955825739525,15.008846701663959,16.261595040940787
M3,10.282239222305554,69.36337687942536,20.35438389826909
M7,45.675437670497395,54.30680625083104,0.017756078671567366
M9,91.6605006556993,3.6872944027342394,4.652204941566466
M10,7.842239041087366,82.96356150218223,9.194199456730402
M2,68.69447169352983,15.027206374136988,16.278321932333178
M3,12.972287074141594,67.69223795855478,19.335474967303625
M7,45.67474582254389,54.30731260473722,0.01794157271888963
M8,10.566179889894903,4.907203208105882,84.52661690199922
M10,7.876669348865284,82.93824772345798,9.185082927676746
M2,67.3173432502029,15.84841964741049,16.834237102386616
M3,10.59826477278933,69.13439433634701,20.26734089086365
M7,47.24647582430041,52.75352417483225,8.673382012602815e-10
M8,10.56652736370155,4.907487476673201,84.52598515962525
M9,91.66050468049609,3.6872928987977183,4.6522024207061925
M2,68.18530326809854,15.965973425537221,15.848723306364242
M3,11.32791700192224,68.77175779315475,19.900325204923007
M6,25.964484951066613,39.460195359942695,34.575319688990696
M9,86.74972484028794,7.213497811848864,6.036777347863197
M10,5.36286888353526,84.78637675109898,9.85075436536576
M2,65.94711967431682,16.51093165439191,17.541948671291266
M3,11.135260608274947,68.74530686655984,20.11943252516521
M6,25.96423875945255,39.46037013219946,34.575391108348
M8,10.58178967964179,4.920085710004598,84.49812461035361
M10,5.332738576968253,84.80852917414518,9.858732248886568
M2,68.70435936188585,15.021554786224222,16.27408585188993
M3,10.588328575836876,69.14159741074357,20.27007401341956
M6,25.964982969037884,39.45984366394834,34.57517336701377
M8,10.582729659491998,4.9208627121187964,84.4964076283892
M9,86.7497175246013,7.213502129050661,6.036780346348045
M2,69.67542379535158,14.44650292793075,15.878073276717673
M3,12.87891332821555,67.77998323963257,19.341103432151883
M6,25.964369336610005,39.46027914072212,34.57535152266787
M7,45.67460192025736,54.307419845923164,0.01797823381947694
M10,7.8700573315356,82.9431125330955,9.186830135368893
M2,68.72752422292064,15.00643730253322,16.266038474546143
M3,10.568781132380636,69.15576225567688,20.275456611942488
M6,25.96513926063688,39.45973451174191,34.57512622762122
M7,45.67518635971342,54.3069907053376,0.01782293494898113
M9,86.74970665692636,7.213510615813956,6.036782727259681
M2,68.6966177298498,15.023636408593454,16.27974586155674
M3,13.417624118360088,68.69094825507234,17.891427626567562
M6,26.398592709924024,39.1529985131514,34.448408776924566
M7,45.67448686587523,54.307503994361845,0.018009139762924065
M8,10.565413294299892,4.906570373731676,84.52801633196843
M2,68.575964930163,14.950695821708882,16.47333924812812
M3,11.405019383845316,68.50562098222096,20.089359633933725
M5,49.98046818168177,29.44800121092521,20.57153060739302
M9,91.58120503457204,3.68255135541123,4.736243610016734
M10,7.007114165513065,83.46021620267221,9.532669631814727
M2,68.56806173927063,14.95534841356911,16.476589847160255
M3,11.402724414075948,68.50708565591005,20.090189930014006
M5,50.66793440698856,29.036512777173733,20.29555281583771
M8,9.087950720579448,3.459205868240584,87.45284341117997
M10,5.499876630856594,84.77981557662912,9.72030779251429
M2,67.43955400992567,15.770692843465074,16.789753146609254
M3,12.257889218382335,67.93188476223861,19.81022601937906
M5,49.71664221367499,29.929116352993287,20.354241433331726
M8,10.437967329003044,5.519085380578336,84.04294729041862
M9,86.76317758078591,7.2038375320448855,6.032984887169207
M2,68.97140638335357,14.94972888993476,16.07886472671167
M3,11.41700266148794,68.49797301094743,20.085024327564625
M5,49.999328442931194,29.43671192714751,20.563959629921296
M7,44.83086488655401,55.16913511344598,7.105427357601002e-15
M10,7.471013088180165,83.46117303031893,9.067813881500896
M2,68.71240088987605,15.011479415387683,16.276119694736266
M3,12.387883648045735,67.8376985894348,19.774417762519477
M5,49.67828398892795,29.956524617143845,20.365191393928203
M7,51.03096924465437,48.96903054644823,2.0889739715812539e-07
M9,86.7671593131195,7.200979503261333,6.03186118361916
M2,68.67625694398579,15.033257279444888,16.29048577656932
M3,11.148049114733631,68.73604380742495,20.115907077841428
M5,49.766049605850924,29.893819244518472,20.340131149630604
M7,44.484666012913685,55.18132320522737,0.33401078185894306
M8,10.56634678878441,4.90734410003281,84.52630911118277
M2,68.57279673364465,14.95256160577006,16.47464166058529
M3,11.395193632112683,68.51189283265614,20.092913535231176
M5,50.66794111814195,29.036511407531634,20.29554747432642
M6,26.652727534370392,39.40466128811374,33.94261117751586
M10,7.315054347308949,83.56550485359453,9.119440799096523
M2,67.57217709431119,15.691610802260184,16.736212103428628
M3,12.250577252984364,67.9371849551869,19.81223779182875
M5,50.298787509316284,29.513211483629146,20.18800100705457
M6,25.971018553285933,39.455575116447186,34.573406330266884
M9,86.75708667594674,7.2082113884680314,6.034701935585231
M2,67.46422931026729,15.755954100523944,16.77981658920877
M3,11.389736899012169,68.72986862839225,19.880394472595583
M5,50.311799256112465,29.503916040767272,20.184284703120262
M6,26.61423208683648,39.400454950458965,33.985312962704555
M8,10.582858588610138,4.920968864757109,84.49617254663275
M2,69.66390571537528,14.441153694096263,15.894940590528458
M3,13.480514779537039,68.63745578797955,17.88202943248342
M5,50.83827803638373,29.127779473984425,20.033942489631848
M6,26.44643458289421,39.54914705620101,34.00441836090478
M7,44.47187813855826,55.19071530836287,0.33740655307887124
M2,68.72155723535334,15.012871745180425,16.26557101946623
M3,12.544490444755503,67.99552835566354,19.459981199580966
M4,21.60614785057425,19.050727365520984,59.34312478390477
M9,86.74977581760403,7.213460757917314,6.036763424478654
M10,6.998844856378241,83.58361785718118,9.417537286440577
M2,69.67432093619976,14.4459923277081,15.879686736092138
M3,11.403302297186036,68.72335293657575,19.87334476623822
M4,21.22833421423413,20.105692402958635,58.66597338280722
M8,9.31982766949986,3.878651188527612,86.80152114197253
M10,5.327679158692626,84.81224884826943,9.860071993037934
M2,69.67446530432507,14.446060770302743,15.879473925372189
M3,10.598491368332269,69.13423396696194,20.26727466470578
M4,22.19847182024026,19.588479820013443,58.213048359746296
M8,10.438728605315408,5.520761090031688,84.04051030465291
M9,86.74976313241011,7.213469490092019,6.036767377497871
M2,67.32573697711844,15.849439357611487,16.824823665270074
M3,12.37131079388932,67.84970585676624,19.778983349344443
M4,21.0828115904599,19.409897916691353,59.50729049284875
M7,45.674645327625555,54.30738681340543,0.017967858969015538
M10,5.498571108337961,84.84188221827937,9.659546673382678
M2,68.18827301632399,15.966247792834485,15.845479190841525
M3,12.370402297667507,67.85035928377377,19.77923841855872
M4,21.60615102974902,19.050730116545292,59.34311885370569
M7,45.675239584527404,54.306947941699214,0.017812473773382465
M9,86.74976652858305,7.213468361116557,6.036765110300391
M2,67.32052218005681,15.84885026799574,16.830627551947448
M3,11.122694135076637,68.75441371974328,20.122892145180074
M4,21.606147865707236,19.05073226669783,59.34311986759493
M7,45.674521243002054,54.30747778088078,0.01800097611716467
M8,8.502396721782658,4.632299125161441,86.8653041530559
M2,68.0615198496068,15.003973779055118,16.934506371338088
M3,13.526568864168318,68.57048591317962,17.90294522265205
M4,22.144587535728785,19.62466017780176,58.23075228646945
M6,25.963738321520783,39.4607250152278,34.57553666325142
M10,7.002619112313399,83.58084600117304,9.41653488651356
M2,67.31050871557434,15.847564772657625,16.84192651176803
M3,12.250558328450426,67.93719469324655,19.812246978303023
M4,22.198622649304305,19.5886089806292,58.2127683700665
M6,26.795855258125478,39.60884908625761,33.59529565561692
M9,86.74975598792209,7.213475350462404,6.03676866161551
M2,67.31087931217125,15.847729826460585,16.84139086136816
M3,11.11697718596183,68.75855599658848,20.124466817449687
M4,22.145182277428813,19.624396361936917,58.23042136063427
M6,26.38828685349988,39.599475189350116,34.012237957150006
M8,6.9784573335635764,6.120701287596622,86.9008413788398
M2,67.31866230684889,15.848484705880047,16.83285298727106
M3,13.437798612170708,68.67295269619197,17.88924869163732
M4,21.6061477305535,19.050733816226796,59.3431184532197
M6,26.614782602886287,39.40107432144936,33.98414307566435
M7,44.49497839943966,55.173747013606736,0.33127458695360446
M2,69.491999833312,14.411345319804315,16.09665484688369
M3,11.42391326505603,68.49356036170036,20.08252637324361
M4,21.01807752840162,19.926123433502852,59.05579903809553
M5,49.997610254627034,29.437737888310707,20.56465185706226
M10,5.498758966065503,84.78056254989947,9.72067848403502
M2,66.6154158711734,17.018006956557972,16.36657717226863
M3,12.260966052552812,67.92965370341919,19.80938024402799
M4,21.22502633558124,20.105226095223944,58.66974756919481
M5,49.687969945310854,29.949599681619357,20.362430373069788
M9,86.78254907472564,7.1899270318702,6.0275238934041635
M2,67.477888169474,15.749086428211923,16.773025402314076
M3,11.404616798802191,68.72187449816214,19.873508703035668
M4,21.201566576368936,20.11839609089944,58.68003733273163
M5,50.302880816350864,29.51028665981129,20.186832523837847
M8,10.5771544573857,4.916262470242177,84.50658307237212
M2,68.70106555054771,15.019490820395877,16.279443629056413
M3,12.372758754646233,67.84865300589404,19.778588239459737
M4,22.194219612744586,19.58462249356174,58.22115789369367
M5,50.30088893788721,29.511707900034285,20.187403162078507
M7,44.46991631733867,55.19215505927726,0.33792862338406593
M2,68.69284628143663,15.02710755631802,16.28004616224535
M3,12.248306809089366,67.93883038002205,19.812862810888575
M4,21.185423149077177,20.12612681114981,58.68845003977301
M5,50.31152581970258,29.504111284742084,20.184362895555335
M6,25.725749475447305,39.62914071454658,34.64510981000612
M1,32.57624800896539,34.49472509591676,32.92902689511784
M7,43.888765930327445,56.11123406971237,-3.9811709484638413e-11
M8,12.651101858450877,6.780606492592743,80.56829164895639
M9,86.6211034536766,7.372991225936817,6.005905320386587
M10,5.409267030598712,85.22942534009935,9.361307629301933
M1,32.26496274935404,34.480244307534136,33.25479294311182
M6,25.671677110456905,40.11467160018204,34.21365128936106
M8,12.597989286173592,6.787074548548196,80.61493616527822
M9,86.56943159653157,7.401381722629496,6.029186680838932
M10,4.536755600457102,85.65109694567685,9.812147453866046
M1,32.36177631750071,34.43256727150531,33.205656410993974
M6,26.186685627117885,39.76304492181537,34.05026945106675
M7,45.09307349193827,54.88945639142375,0.017470116637980482
M9,86.62136163271455,7.372865861588419,6.005772505697028
M10,16.744831658490455,76.64014782924697,6.615020512262575
M1,32.812378771666666,34.37941508799501,32.808206140338335
M6,25.953817043052574,39.97186681195426,34.074316144993176
M7,45.3551256324489,54.626266775505115,0.01860759204598139
M8,10.687558538858868,5.033763046915875,84.27867841422525
M10,5.494973868623164,85.16242218361867,9.342603947758164
M1,33.23846763121525,34.16990245200114,32.5916299167836
M6,24.086721148203655,39.05612054588439,36.85715830591196
M7,45.82900533591946,54.15376896508868,0.017225698991857996
M8,8.25856045927564,5.226431635422738,86.51500790530162
M9,86.96424353462324,7.186844329554376,5.848912135822388
M1,32.36478802755487,34.49152668564436,33.14368528680076
M5,49.140121617890124,30.526630013074005,20.33324836903587
M8,11.489989754640805,7.452350277553058,81.05765996780615
M9,86.51114069786769,7.411650258028963,6.077209044103348
M10,4.6543532153954414,85.69206222284613,9.653584561758422
M1,31.115280238392042,34.892061860785454,33.9926579008225
M5,47.381072748996736,31.59777318167208,21.021154069331185
M7,43.775989003533525,56.20446645702381,0.019544539442662767
M9,85.94203935471722,7.713999396513551,6.343961248769225
M10,4.962038532395752,85.29690215704494,9.741059310559308
M1,33.23970252071994,33.996574473923175,32.763723005356894
M5,49.170830864710496,30.38381399732985,20.445355137959655
M7,43.88013240048283,56.119867599517484,-3.126388037344441e-13
M8,10.54011309280114,5.00810544930259,84.45178145789627
M10,5.469896196071153,85.13930177721436,9.390802026714496
M1,32.05181741061635,34.63293596907876,33.31524662030489
M5,48.631233974436526,30.68605869118363,20.682707334379845
M7,44.595956706622594,55.388231828387376,0.015811464990029833
M8,11.339605887372574,7.459238923734558,81.20115518889287
M9,86.34735668083228,7.500533907766057,6.152109411401666
M1,32.364141356264625,34.49191327543018,33.1439453683052
M5,48.98275778370176,30.489362501515746,20.527879714782497
M6,25.575108520343218,40.04634524267372,34.378546236983055
M9,86.51111338617855,7.411673108318962,6.077213505502487
M10,4.653812768827864,85.69242545885416,9.653761772317978
M1,32.36505575535318,34.491492031682334,33.14345221296448
M5,48.985215600088225,30.487916344517902,20.526868055393873
M6,25.57457940547547,40.04691910318199,34.37850149134253
M8,10.47233695518155,5.018684724449427,84.50897832036902
M10,5.275705008880434,85.27376204122113,9.450532949898431
M1,32.149806658443836,34.428504085289056,33.42168925626711
M5,49.14131379626837,30.5258761163152,20.33281008741643
M6,25.57641164883453,40.045564904746364,34.378023446419114
M8,11.490364920512652,7.452304245233411,81.05733083425395
M9,86.5115508027548,7.411433826851484,6.077015370393719
M1,32.323342041103636,34.567020903643254,33.1096370552531
M5,49.46815452246502,30.213796103180645,20.318049374354334
M6,25.612281114672413,40.1012922445134,34.286426640814184
M7,44.09939352796369,55.90060646936842,2.6678890208131634e-09
M10,5.540772345961017,85.0867266674344,9.372500986604578
M1,35.24309834790966,33.13115115519603,31.625750496894305
M5,51.81286595051386,28.89264501021833,19.29448903926781
M6,27.904263291948137,38.95213813822005,33.14359856983181
M7,47.617687822871375,52.35003807875857,0.032274098370052684
M9,87.89828335359027,6.73526052592226,5.3664561204874675
M1,35.266600752256224,33.16236734012293,31.57103190762085
M5,52.23552317899023,28.651244627138528,19.113232193871244
M6,28.881808649385952,39.01767235881402,32.10051899180002
M7,48.05998723186664,51.921919839246634,0.018092928886723314
M8,14.78695680879941,5.635104574439121,79.57793861676147
M1,33.24049999639314,34.168893347411846,32.590606656195014
M4,21.53864738956821,19.707237623920584,58.754114986511205
M8,11.932338571912126,7.467295293967399,80.60036613412048
M9,86.96514388692309,7.186375582065261,5.848480531011652
M10,5.3637920155584595,85.02205797085277,9.61415001358877
M1,32.365727473369816,34.43050045114035,33.20377207548984
M4,21.034139974498274,19.82076699924915,59.145093026252574
M7,45.096128596914625,54.886225856293805,0.017645546791570155
M9,86.62334004566453,7.37175264691006,6.004907307425406
M10,5.234009066518481,85.1345689576781,9.63142197580342
M1,32.81492807083187,34.377934006742734,32.8071379224254
M4,21.325829239583605,20.503190409274893,58.170980351141495
M7,44.530040085794155,55.46995991544085,-1.2350085398793453e-09
M8,7.219626866726526,6.8982682253362935,85.88210490793718
M10,12.174714772094092,77.44006222320262,10.385223004703292
M1,33.24059120125268,34.1688859220269,32.59052287672043
M4,22.603438384016265,19.917462995894397,57.47909862008933
M7,45.83108423446935,54.15164968415522,0.017266081375431952
M8,10.806703328061792,5.017813903713952,84.17548276822426
M9,86.96516547253067,7.186363591821196,5.848470935648133
M1,33.24057907833096,34.168835206315975,32.59058571535306
M4,21.538723449680873,19.70722285314709,58.75405369717204
M6,26.335120646544514,39.77400203756879,33.8908773158867
M9,86.96519188431547,7.186350596275732,5.848457519408795
M10,4.686756469847869,85.5248276347519,9.788415895400234
M1,33.24020388478483,34.169076462579156,32.59071965263601
M4,21.795500813383356,19.758076580684968,58.44642260593167
M6,26.334677465660036,39.77423798461768,33.89108454972229
M8,8.265274196852262,5.225921137830006,86.50880466531774
M10,5.363880305615185,85.02200082306211,9.614118871322702
M1,33.24045269191684,34.16878921889041,32.59075808919275
M4,21.977745959518778,19.7938942088958,58.228359831585415
M6,27.375584666966226,39.79427261714918,32.830142715884584
M8,11.932386095341306,7.467297417461377,80.60031648719732
M9,85.0398182149173,9.875266373163948,5.0849154119187485
M1,32.812145889369184,34.379533326527714,32.808320784103095
M4,21.216701645813398,19.7785243992416,59.004773954944994
M6,26.993372587968214,39.99357193333649,33.0130554786953
M7,44.52994208315974,55.47005791786467,-1.0244107784274092e-09
M10,5.478787749376913,85.1733874892752,9.34782476134788
M1,33.24060652880924,34.16885968266649,32.59053378852427
M4,21.53871158364897,19.70722386340825,58.75406455294279
M6,26.33510928614475,39.77400683881434,33.890883875040906
M7,45.83112855342218,54.15160453624706,0.017266910330754115
M9,86.96518685194374,7.1863524490118245,5.848460699044434
M1,33.24065607274381,34.16888138801301,32.590462539243184
M4,21.538699138171456,19.707223670744952,58.754077191083596
M6,28.484086054683342,38.24486857253169,33.27104537278496
M7,45.831104000806484,54.1516272976033,0.017268701590218427
M8,8.260522136000729,5.226237155457092,86.51324070854218
M1,32.36469151904947,34.491598325336284,33.143710155614244
M4,20.84198680630524,19.771084500955297,59.38692869273946
M5,48.98417376839403,30.488507446565325,20.527318785040645
M9,88.76072107027402,7.600705529901815,3.6385733998241685
M10,4.532714024326421,85.59872158872265,9.868564386950922
M1,32.33047144069197,34.56279544146806,33.10673311783996
M4,21.58813986056887,19.822298685234713,58.589561454196414
M5,49.52524986080126,30.30799027921312,20.16675985998562
M8,8.3893222214142,3.7601010086707256,87.85057676991507
M10,5.41882478855744,85.16928344102374,9.41189177041882
M1,33.6084682556096,33.920635503105196,32.470896241285196
M4,21.793258845285724,19.584211805518407,58.62252934919587
M5,50.310663330771916,29.74383736778795,19.945499301440133
M8,8.375012366398215,5.198433055055261,86.42655457854653
M9,87.19572475702601,7.038544309051383,5.765730933922604
M1,32.3222490944382,34.56768178833614,33.110069117225656
M4,21.23851097854564,20.44017107252223,58.32131794893213
M5,49.47417210946913,30.21014512246684,20.31568276806403
M7,44.14149973141776,55.531531836539344,0.3269684320428965
M10,5.510727190110344,85.10706323052229,9.38220957936737
M1,35.24757068040939,33.12904199959199,31.623387319998628
M4,22.65452421486217,20.253286216050384,57.09218956908745
M5,51.99298983081708,28.90754412631559,19.09946604286733
M7,46.202600349042925,53.41060867428256,0.38679097667451856
M9,87.79483034773033,6.730443153915262,5.474726498354412
M1,35.5925873460022,32.970770485760546,31.43664216823725
M4,22.93217142319861,20.197641549043247,56.87018702775814
M5,52.38368912186711,28.684638778277144,18.93167209985575
M7,48.04786658093089,51.93110718154413,0.021026237524985447
M8,9.557809745130346,4.685194463539431,85.75699579133023
M1,31.22295544697068,35.29865226491872,33.478392288110605
M4,21.32460058684462,20.503404719123857,58.17199469403152
M5,49.49199412529864,30.269665564060972,20.23834031064039
M6,25.678691056001576,40.16830064464694,34.15300829935148
M10,5.432907335743275,85.20371100857099,9.363381655685728
M1,33.60328654060258,33.92369321176953,32.473020247627886
M4,21.79097575406788,19.585765872534175,58.62325837339794
M5,50.29512289624441,29.75328613125548,19.951590972500114
M6,26.192761218934255,40.454317070905134,33.352921710160615
M9,87.18952571695274,7.042993430307609,5.767480852739647
M1,33.64795956742703,33.96510163197452,32.38693880059846
M4,21.67018979377313,20.50094816371508,57.82886204251179
M5,50.40026777140882,29.73600954747116,19.86372268112002
M6,20.941802050838252,43.663811044112165,35.394386905049586
M8,8.41751718617776,5.207970174436032,86.37451263938621
M1,35.28417162691576,33.15202540680164,31.563802966282594
M4,22.893629539213762,20.21759236372856,56.88877809705768
M5,52.23028781746694,28.65442623321478,19.11528594931828
M6,28.2259870109015,38.76944240396996,33.00457058512855
M7,46.624014879221,53.004858321029275,0.3711267997497245
M1,32.60982230379655,34.54272373231855,32.8474539638849
M3,10.984212479177856,69.34425046767234,19.671537053149805
M8,8.239980706219358,5.175766528138467,86.58425276564218
M9,86.64126374970834,7.37408952673684,5.984646723554817
M10,5.373939921066878,85.28838609943857,9.337673979494554
M1,32.29495888362872,34.7366841667554,32.968356949615874
M3,11.325192225336597,69.28604369063395,19.38876408402946
M7,49.726130993387656,50.27386900650245,1.098925395126571e-10
M9,91.63468739812092,3.76115012788687,4.604162473992213
M10,7.5204084255573065,83.82576417235276,8.65382740208993
M1,31.323489571780964,35.323313338509585,33.35319708970945
M3,11.397263747024507,69.22756860784361,19.37516764513188
M7,44.54628546918902,55.45371453281796,-2.0069848005732638e-09
M8,8.62919155674949,4.78641161942773,86.58439682382279
M10,7.731105579182543,83.67005050417349,8.598843916643972
M1,34.038291076360075,35.333304286280416,30.628404637359502
M3,10.677445593344581,70.41528433638517,18.907270070270243
M7,44.84026195388418,54.82384626015817,0.33589178595764935
M8,7.89407836209276,6.459033513399071,85.64688812450817
M9,87.430817971902,7.157281973756043,5.411900054341955
M1,31.16959148542023,35.4049367245192,33.42547179006057
M3,11.038271314370773,69.3079812873928,19.65374739823642
M6,26.68614207962989,40.23801440889374,33.07584351147637
M9,86.7205212305809,7.327049415819688,5.952429353599412
M10,5.310264200016205,85.11107439157507,9.57866140840872
M1,31.323449605595883,35.3233324222495,33.35321797215462
M3,11.39723583593118,69.22758687984815,19.37517728422067
M6,25.735724761375415,40.205066923590046,34.05920831503453
M8,10.755197781260415,5.0807721054465755,84.16403011329301
M10,5.53733219442475,85.16164118465467,9.301026620920581
M1,34.02339623863781,34.6509778754836,31.325625885878587
M3,10.998475872189674,70.20202940709022,18.799494720720105
M6,27.028311189298464,40.40078856925068,32.57090024145086
M8,11.628915583014965,5.224461497653359,83.14662291933168
M9,87.41938947862647,7.15715178775989,5.423458733613639
M1,31.32348674019343,35.32330734636268,33.35320591344389
M3,11.39726330049918,69.22756235248512,19.3751743470157
M6,26.437954343337555,40.11065753978916,33.45138811687329
M7,44.54628645253251,55.453713547464574,2.9132252166164108e-12
M10,7.7209157731434335,83.67697625104532,8.60210797581125
M1,34.02485451920598,34.649989476924034,31.325156003869992
M3,11.791723622701385,69.67345229683137,18.534824080467246
M6,27.032296415842968,40.40096498368162,32.56673860047542
M7,44.83065326089283,54.826639884954204,0.342706854152965
M9,87.42914134169405,7.1576386882002385,5.413219970105713
M1,34.02356048216136,34.650855747249196,31.325583770589446
M3,10.99898642247527,70.20165227123599,18.799361306288745
M6,27.34970752737192,40.49450295817095,32.15578951445713
M7,45.22865185660033,54.7713481433166,8.306955123771331e-11
M8,11.61889341573986,5.2245620979189304,83.1565444863412
M1,33.45523742193362,35.12926574850621,31.415496829560176
M3,11.111896551764426,70.36157209113175,18.52653135710382
M5,49.70329080699604,30.939590713157788,19.357118479846175
M9,86.88664340473684,7.442245106163982,5.671111489099173
M10,4.702641487376196,86.27009025242762,9.02726826019618
M1,33.705175212414076,34.89052804027684,31.404296747309083
M3,11.448777507693546,69.9858021973218,18.565420294984648
M5,49.825329616572695,30.328824524986995,19.84584585844031
M8,7.043375674522932,7.174107678583287,85.78251664689378
M10,7.376832543979468,84.31263672785684,8.310530728163684
M1,33.1783757283294,35.525213073369606,31.296411198300994
M3,12.294780666230091,69.65151942952124,18.05369990424866
M5,49.33203556265821,31.44974375848189,19.218220678859897
M8,7.640808716384429,7.459859826302251,84.89933145731332
M9,87.30686420945322,7.22641838318789,5.466717407358886
M1,33.99190326780762,34.71713401249455,31.290962719697824
M3,11.63239400572987,69.863729297697,18.50387669657313
M5,50.35834666628242,30.4427829477538,19.19887038596378
M7,44.41628049222696,55.230403772081885,0.3533157356911545
M10,7.987194049883236,83.88696780303286,8.125838147083897
M1,32.31930247719095,36.36901193715891,31.311685585650146
M3,10.369380367435436,71.53732104014503,18.09329859241953
M5,49.19163915131265,31.723276515834495,19.085084332852855
M7,41.409237305984696,58.23354934530801,0.3572133487072904
M9,86.41398405637958,7.782836719741833,5.803179223878591
M1,32.57886743745755,36.11705252366447,31.304080038877984
M3,10.057211815241642,71.68277634014187,18.260011844616486
M5,49.216300842723626,31.71814598140482,19.065553175871553
M7,44.06894028878349,55.913636674711725,0.017423036504787603
M8,7.559716933011458,7.590796835616514,84.84948623137203
M1,33.70571184631091,34.8901142403061,31.404173913382984
M3,11.448940288258552,69.9855488088602,18.565510902881243
M5,48.292667258402304,31.728656764835463,19.978675976762233
M6,21.5925263079266,44.38798533565444,34.019488356418954
M10,7.383113950011291,84.30815914456015,8.308726905428557
M1,33.34343982816819,35.70836355831989,30.948196613511925
M3,10.272932947675383,71.400083513108,18.326983539216613
M5,50.234892734435995,31.20697808846732,18.558129177096685
M6,26.559855056972307,41.57411898982864,31.86602595319905
M9,87.08421075022812,7.455934107978457,5.459855141793419
M1,33.55822776916691,35.760388511765726,30.68138371906737
M3,13.998304046486574,68.98390369761215,17.017792255901284
M5,50.23425442739803,31.207443900591564,18.55830167201041
M6,26.55714717583158,41.57609547912341,31.866757345045016
M8,9.008198636577717,5.641235482512591,85.3505658809097
M1,33.77488318811968,35.62246257428927,30.602654237591054
M3,14.099964212889166,68.92013747215232,16.97989831495852
M5,50.099133356271636,31.300218042719372,18.60064860100899
M6,26.690801489662736,41.46957841550781,31.839620094829456
M7,43.5800319387667,56.09432077120639,0.3256472900269074
M1,32.61375831189787,34.976802878406595,32.40943880969554
M3,11.583979658291927,69.07562941484906,19.340390926859016
M4,22.024424102747723,19.821718708390367,58.153857188861906
M9,88.10018920622379,8.004959258469617,3.8948515353065947
M10,5.38112780085777,85.04620196185785,9.572670237284385
M1,31.728979266910414,35.108071406682015,33.16294932640757
M3,10.80502512824346,69.58321556146586,19.61175931029068
M4,21.690506905266552,20.453314830301917,57.856178264431534
M8,8.280833687899722,5.237143790737064,86.4820225213632
M10,5.547635047829848,85.12996027473586,9.322404677434292
M1,34.025073646225934,34.64973746850676,31.32518888526731
M3,11.791905348071827,69.67315399851277,18.534940653415404
M4,22.18435448582189,21.07509313917165,56.740552375006466
M8,8.249185222834221,7.272780399159797,84.47803437800597
M9,87.41761406516616,7.1565044163454425,5.425881518488395
M1,32.90548393866596,34.38447618809412,32.71003987323993
M3,11.397245846153965,69.22757559235218,19.375178561493854
M4,21.379577440326646,20.539732833737656,58.0806897259357
M7,44.54624174233491,55.45375825766503,6.394884621840902e-14
M10,5.725461714010657,85.03372542135446,9.240812864634876
M1,33.52757791673639,35.192154950525435,31.280267132738174
M3,11.0328980703497,70.7768302832763,18.190271646374
M4,22.496363252874467,20.825880482196062,56.67775626492948
M7,43.06963999083172,56.556233408675695,0.3741266004925876
M9,86.95379830148916,7.530459085175352,5.51574261333549
M1,34.01845791345297,34.69400837886292,31.287533707684105
M3,11.595899035341466,69.84464022214614,18.5594607425124
M4,21.719262820795333,21.442383370205814,56.838353808998846
M7,44.47621054431585,55.17043510816603,0.35335434751812045
M8,9.13635557488244,5.065243514257557,85.79840091086
M1,31.728936088136845,35.10811881788893,33.16294509397422
M3,11.585059347834047,69.07489513150034,19.340045520665612
M4,21.690104942656312,20.453605172458758,57.85628988488492
M6,27.067311644216385,40.02575827596567,32.90693007981794
M10,5.547626416592828,85.12994156656075,9.32243201684642
M1,34.03912082591493,34.639125791627684,31.321753382457395
M3,11.004531409584281,70.19379500626644,18.801673584149285
M4,22.174274554485606,21.18880073405001,56.63692471146439
M6,26.85519428185007,40.564490481762235,32.58031523638769
M9,87.42151211282639,7.151574995173341,5.426912892000267
M1,34.023608536244645,34.65080651933531,31.32558494442005
M3,11.791506939969295,69.67374881275012,18.534744247280585
M4,22.189961583861265,21.074375561681734,56.735662854457004
M6,27.34878566778571,40.494561713808565,32.15665261840573
M8,8.863193302960925,5.456908111838822,85.67989858520025
M1,34.038798156003246,35.33370217233401,30.62749967166274
M3,11.79185328053434,69.67320185513074,18.534944864334918
M4,22.490398722942007,21.01800737615015,56.491593900907844
M6,27.696167591416224,40.593512363470026,31.710320045113747
M7,44.83772331466586,54.82507725526067,0.3371994300734684
M1,34.09309756020046,34.42316700090627,31.48373543889327
M3,12.441593344605367,69.08871182332324,18.469694832071397
M4,21.942292931923028,21.20744515393631,56.850261914140674
M5,48.29146583750554,31.729650130834415,19.978884031660044
M10,7.381075307028222,84.30983078768858,8.309093905283191
M1,33.181276731054865,35.52305904741261,31.295664221532526
M3,10.242354625387847,71.18558013231699,18.572065242295167
M4,22.542000535791573,21.01603806994797,56.44196139426046
M5,49.4004160291829,30.96924291091992,19.63034105989718
M9,87.10610827713232,7.45914018577495,5.434751537092729
M1,33.17960258635718,35.52424987953737,31.29614753410545
M3,11.009526432771263,70.61213382146343,18.378339745765302
M4,22.540718173848017,21.0172955976598,56.44198622849218
M5,49.40508718288952,30.964920398673915,19.62999241843657
M8,8.806586977418165,5.566403584142636,85.6270094384392
M1,32.793957897576256,36.17191608473071,31.034126017693026
M3,10.19477234266439,71.76176053866473,18.043467118670875
M4,21.666787092531404,21.274220708641472,57.05899219882712
M5,49.365968936004755,31.751741568623604,18.88228949537164
M7,42.579088013858005,57.03928009482289,0.3816318913191026
M1,34.405065408834346,35.074479772908944,30.52045481825671
M3,11.457766616881381,70.49587761690658,18.04635576621203
M4,22.913104821145748,21.713191602020963,55.373703576833286
M5,51.6676539701942,30.238917905797933,18.093428124007865
M6,21.395773066188244,45.446631644265494,33.157595289546265
M1,32.3632448265923,34.492434999166235,33.14432017424146
M2,66.87827847503299,16.22494288478667,16.896778640180344
M8,10.5177833079995,5.0207464695721775,84.46147022242833
M9,86.51086671974,7.411842359989019,6.077290920270987
M10,4.653207241073802,85.69283581349178,9.653956945434416
M1,32.009823928196916,34.651823030265604,33.33835304153749
M2,66.51835056790517,16.391004833181196,17.09064459891363
M7,44.55038038405785,55.43427230445581,0.01534731148633739
M9,91.38925698866247,3.847243062953775,4.763499948383759
M10,5.09794167039719,85.19053504533963,9.71152328426318
M1,32.024144250726344,34.64538294917881,33.33047280009484
M2,68.93152116325795,14.949060387356193,16.119418449385854
M7,44.56771929121441,55.419301950926496,0.01297875785909497
M8,10.31398730755712,5.008920617345208,84.67709207509768
M10,5.262703032494393,85.28966510267178,9.447631864833838
M1,32.07666217750078,34.57198910749418,33.35134871500504
M2,66.80799960105779,16.311256964611243,16.88074343433097
M7,44.776662052193956,55.205712011096196,0.017625936709848133
M8,11.481280002859249,7.497362207948838,81.02135778919191
M9,86.46889272391323,7.455980535086625,6.075126741000147
M1,32.2167680696168,34.503782968199964,33.279448962183245
M2,66.95019150783416,16.242689061428816,16.80711943073702
M6,25.629861312290483,40.136104061850176,34.23403462585934
M9,86.54408867992211,7.415109365100943,6.040801954976945
M10,5.0432209430255055,85.2788401819599,9.677938875014604
M1,32.21696286500832,34.50372689669566,33.27931023829601
M2,66.9504652926391,16.24261744818439,16.806917259176515
M6,25.629728276401455,40.13626441639244,34.234007307206106
M8,11.548620125761735,7.492378946770394,80.95900092746788
M10,4.64802654602793,85.74747573409198,9.604497719880086
M1,32.216821602796536,34.503766156640786,33.279412240562685
M2,66.95009772400867,16.242691236992197,16.80721103899913
M6,25.63018987601833,40.13588373823735,34.23392638574432
M8,10.581059914549531,5.043522633575658,84.37541745187481
M9,86.54417709534589,7.415055762167871,6.040767142486242
M1,32.29049451895125,34.6351320437017,33.07437343734705
M2,66.80805502831153,16.31129806720664,16.880646904481832
M6,25.50743600851934,40.19884181509886,34.293722176381806
M7,44.776602359357206,55.20577127565341,0.017626364989382637
M10,4.499720834874266,85.6821598986633,9.818119266462432
M1,32.290263633994186,34.63492842363094,33.074807942374875
M2,68.20171696821498,15.47551902130504,16.32276401047998
M6,25.507579725509025,40.198758451079094,34.293661823411874
M7,44.77679147485008,55.20558260118031,0.017625923969610824
M9,86.46895407577233,7.45594689023105,6.0750990339966195
M1,30.89390007163338,35.460740597450155,33.64535933091646
M2,65.64730184942114,19.927809150139897,14.424889000438963
M6,25.67046124950523,40.115554769792055,34.21398398070272
M7,43.806844606433856,55.86477558779653,0.32837980576961456
M8,9.27022553455238,3.9712892549461043,86.75848521050152
M1,31.095974363702723,35.060508411552725,33.84351722474455
M2,67.15748200016847,15.93669090342066,16.905827096410867
M5,46.98460480182226,31.15351112367491,21.861884074502832
M9,85.93301623060277,7.787727578575998,6.279256190821227
M10,4.4139199638598505,85.86972007192131,9.716359964218839
M1,32.36221364212207,34.49304070823447,33.14474564964346
M2,66.87788438048624,16.22517461170349,16.896941007810273
M5,48.983483348188884,30.48891670770101,20.527599944110108
M8,10.251249742175073,5.035564375299887,84.71318588252504
M10,4.532872119939028,85.59860303977082,9.86852484029015
M1,32.05202534925919,34.63284676938632,33.315127881354485
M2,66.56159747982795,16.371080847118023,17.067321673054025
M5,48.63147822140286,30.685924301367137,20.682597477230004
M8,10.401458651947593,5.009604814030784,84.58893653402163
M9,86.34696002984039,7.500430586651601,6.15260938350801
M1,30.46917186947137,35.3326417141782,34.19818641635043
M2,67.433111595291,17.57848099598287,14.988407408726136
M5,46.78978227264426,31.7092280628617,21.50098966449404
M7,42.60696944953287,57.1577510892399,0.2352794612272291
M10,5.345456080070846,85.2714482776933,9.383095642235858
M1,30.462888208725264,35.33626986623784,34.2008419250369
M2,64.90768636110651,17.123220839756087,17.9690927991374
M5,46.776604130459155,31.71716770310545,21.506228166435395
M7,41.61616579086315,58.009776960347516,0.37405724878933455
M9,83.36619628113164,10.926958331083053,5.706845387785311
M1,31.01556885703954,35.09623462870289,33.88819651425757
M2,65.48299519981096,16.866686812998896,17.650317987190146
M5,47.44147332479469,31.34919632376568,21.20933035143963
M7,43.460928047038415,56.526204596834546,0.012867356127038931
M8,7.4824384174342775,5.209819302980129,87.3077422795856
M1,32.36147732348993,34.493474470879775,33.14504820563029
M2,66.87793053058411,16.2251450476403,16.89692442177559
M5,48.98315367352737,30.489116357035552,20.52772996943708
M6,25.57167459083543,40.04877420494109,34.37955120422348
M10,4.652324349643823,85.69342990183559,9.654245748520594
M1,32.14703704123708,34.43027789667443,33.4226850620885
M2,66.87811962651047,16.225036857890625,16.896843515598906
M5,48.98248674243245,30.489523388741425,20.527989868826126
M6,25.57356970794812,40.0474279986374,34.37900229341447
M9,86.51054065167439,7.4120782172226,6.07738113110301
M1,32.146630888825605,34.43056334982281,33.42280576135159
M2,66.51654543951581,16.1755047733304,17.30794978715379
M5,49.14129057820087,30.525775744284676,20.33293367751445
M6,25.572353550708296,40.04829360502739,34.37935284426431
M8,10.382924122307726,5.036358452641636,84.58071742505064
M1,31.553272352017157,34.52791227334359,33.91881537463925
M2,65.64709061823493,16.790797682908757,17.562111698856317
M5,47.61751102914467,31.251281088347557,21.13120788250777
M6,24.939031074629277,40.67791941141972,34.38304951395101
M7,42.08335902899622,57.80658128548229,0.1100596855214917
M1,32.216926069609215,34.50367820327555,33.27939572711524
M2,66.95044856921837,16.24256789673015,16.806983534051483
M4,20.920619895709947,19.847398745388286,59.23198135890176
M9,86.54413839746198,7.415077059785584,6.040784542752438
M10,4.529604792037824,85.6573397858,9.813055422162165
M1,32.26454831803298,34.48046402066367,33.25498766130335
M2,66.64004812668801,16.16973725675545,17.190214616556535
M4,20.95688368994302,19.83923771160458,59.20387859845239
M8,8.13271257116157,5.2029980367614606,86.66428939207698
M10,4.53681357733136,85.65106433930386,9.812122083364784
M1,32.430236701526354,34.56595006972124,33.003813228752406
M2,66.95033829068227,16.24257636258271,16.807085346735022
M4,21.961951193910828,20.067662249799273,57.970386556289895
M8,10.519239270013546,5.040988844740518,84.43977188524593
M9,86.54421691365108,7.415030321962776,6.04075276438614
M1,30.897196731204748,35.45839916981212,33.64440409898314
M2,66.99992931392703,16.218911279194018,16.781159406878956
M4,20.957194322350148,19.839197151014385,59.20360852663546
M7,44.16140316362707,55.83859683637579,-2.8634872251132037e-12
M10,5.364738700461544,85.26356283043135,9.371698469107102
M1,32.29028983929406,34.63493993734072,33.07477022336522
M2,66.80811784532678,16.311203298472638,16.880678856200586
M4,20.900500281560586,20.610702417218377,58.48879730122104
M7,44.77678737959591,55.20558671686262,0.017625903541471644
M9,86.46895258865261,7.4559481754755055,6.075099235871882
M1,31.028179633956523,35.39428461961867,33.57753574642481
M2,67.13648660990522,16.153151791599694,16.710361598495087
M4,21.06077276137758,19.81547279348345,59.12375444513897
M7,43.943710316574354,55.72546666118265,0.33082302224299553
M8,8.527640796973479,4.766046169561183,86.70631303346534
M1,30.89519032578284,35.45972648352341,33.645083190693754
M2,66.99854569558694,16.219484129018884,16.781970175394175
M4,21.06612471270239,20.56500807232901,58.3688672149686
M6,25.67116939256416,40.11497562602766,34.213854981408176
M10,4.536796788599828,85.65107865987599,9.812124551524178
M1,32.42999162301464,34.56603206921262,33.00397630777274
M2,66.95039765469627,16.242526183930252,16.807076161373473
M4,20.920897039928263,19.8472718779104,59.231831082161335
M6,25.629803284403454,40.13618138913895,34.2340153264576
M9,83.34882298490344,10.387153265722729,6.264023749373836
M1,32.264851931647776,34.48031056350373,33.2548375048485
M2,66.64035545926461,16.169588544709,17.190055996026388
M4,21.068891887700765,20.563587326156462,58.36752078614276
M6,25.671538003599096,40.11476098090492,34.213701015495985
M8,8.4569137019389,4.794753920668529,86.74833237739257
M1,31.028092948024504,35.394322457431734,33.57758459454376
M2,67.13645359965008,16.153133661775918,16.710412738574
M4,21.17232406317162,20.53933806545537,58.28833787137302
M6,25.50576849315852,40.25709169707704,34.23713980976445
M7,45.129678556227425,54.85072923749093,0.019592206281643598
M1,32.14705543719498,34.430253470486164,33.42269109231886
M2,66.51726672607828,16.174979189367416,17.307754084554308
M4,20.840840790227066,19.77180791068087,59.38735129909207
M5,49.141342121561664,30.525735132527934,20.332922745910402
M10,4.530920625765081,85.60003754859164,9.86904182564328
M1,32.14731462028085,34.43007669487858,33.42260868484057
M2,66.5174291816627,16.174870492025228,17.307700326312066
M4,20.44740720867827,20.769813003647748,58.78277978767398
M5,49.140606574248864,30.526270284524447,20.33312314122669
M9,86.51063621158129,7.412007470625472,6.077356317793242
M1,32.361684317212145,34.49335717169482,33.144958511093044
M2,66.51687630658323,16.17526835205688,17.307855341359893
M4,21.304856271416377,19.871615101384947,58.82352862719867
M5,48.98526415549664,30.487837441522693,20.52689840298067
M8,6.379987915328034,6.780405556299473,86.8396065283725
M1,31.872575757332985,36.03052620897333,32.09689803369369
M2,66.34794748137672,16.21312526517525,17.43892725344803
M4,19.148426082159194,20.075804762251515,60.775769155589295
M5,46.4438450050708,31.900419060706767,21.655735934222434
M7,41.238992225704685,58.35816946056298,0.4028383137323317
M1,32.1464951784466,34.43066035279155,33.42284446876185
M2,66.87815589522974,16.225012939426875,16.896831165343386
M4,20.47838374696043,20.75302242758057,58.76859382545899
M5,48.98476691184833,30.48813767926992,20.52709540888175
M6,25.570954350223676,40.049294285270435,34.37975136450589
M1,32.435224980198946,34.57283638590068,32.99193863390038
M2,66.95798518751818,16.243524392980685,16.79849041950114
M3,10.91299423508316,69.34308306496438,19.743922699952464
M9,88.77770304502548,7.603854187765203,3.618442767209322
M10,4.658502349893944,85.74100357321983,9.600494076886221
M1,32.221588621659976,34.51108058027572,33.26733079806431
M2,66.95711949320528,16.24413349816573,16.798747008628986
M3,11.170476411993532,69.34351955257253,19.486004035433936
M8,8.550684902713826,4.731815412248298,86.71749968503788
M10,4.546873172022572,85.64951299310498,9.80361383487245
M1,32.47529589270527,34.614343019510834,32.91036108778389
M2,66.99812838561874,16.253655974712867,16.74821563966839
M3,11.043205666199972,69.48615496426741,19.47063936953262
M8,10.616974179916772,5.141029638621463,84.24199618146177
M9,86.56710845889224,7.416058717486081,6.016832823621684
M1,31.943764079050293,34.71247792802984,33.34375799291986
M2,67.53096015568953,16.536310355071834,15.932729489238639
M3,10.777095101138508,69.50991669128274,19.712988207578746
M7,44.45601378519519,55.50599411558216,0.03799209922264879
M10,7.106845131072972,84.15134077631559,8.741814092611435
M1,32.834170595553644,34.376898531259606,32.78893087318675
M2,66.68329895316157,16.406903048873158,16.909797997965274
M3,10.77425753286044,69.51191318487737,19.713829282262182
M7,44.49901121629031,55.47436283731125,0.026625946398439737
M9,86.14199722411828,9.242442011608015,4.615560764273701
M1,30.690265165105167,35.653638441612,33.65609639328284
M2,66.66029154992505,16.420792963550472,16.91891548652448
M3,11.011574763068685,69.53276649786598,19.455658739065342
M7,43.716858742671356,56.28314125732944,-7.958078640513122e-13
M8,8.458810166071832,4.707450117396748,86.83373971653143
M1,32.25883863344276,34.55350353670326,33.187657829853975
M2,66.99787197431802,16.253815736035456,16.748312289646528
M3,11.17704996829921,69.39947838446922,19.423471647231565
M6,25.66325087638191,40.19564049780993,34.14110862580816
M10,4.666991275131586,85.77406714779295,9.558941577075473
M1,32.473682646246175,34.615298441539224,32.9110189122146
M2,66.63832051889311,16.20502706771931,17.15665241338758
M3,11.060459095578349,69.47497375461117,19.464567149810478
M6,25.667526173153636,40.192566495577566,34.1399073312688
M9,86.56690226427274,7.416209725642182,6.016888010085077
M1,31.170670186251446,35.40432967345537,33.425000140293186
M2,64.70670181937341,17.651982476704354,17.64131570392224
M3,11.325219930605293,69.28597151475536,19.38880855463934
M6,26.26189963798937,40.19358842639886,33.544511935611766
M8,8.599507764746564,4.761299950467562,86.63919228478588
M1,31.323357807968243,35.32335934242511,33.35328284960664
M2,67.6952609345438,18.242241230171125,14.062497835285079
M3,11.397196852035812,69.22759574984663,19.375207398117553
M6,26.433791887513863,40.111251282071976,33.45495683041416
M7,44.546163807427135,55.45383619257287,-7.105427357601002e-15
M1,30.490728097860966,35.03369450931476,34.47557739282427
M2,66.54748885655327,16.144165608946796,17.30834553449993
M3,10.824996414697985,68.8402856251639,20.33471796013812
M5,48.84249143284974,30.338872784761094,20.818635782389165
M10,5.590091758280566,84.56454468878759,9.845363552931843
M1,32.71359836524944,35.9207342330174,31.365667401733162
M2,68.26731132160546,16.404520877596877,15.328167800797662
M3,10.694422424289307,71.28194677323026,18.023630802480426
M5,47.43837955176705,32.59643104079007,19.965189407442878
M9,84.3863393866026,9.775773563826194,5.837887049571206
M1,33.34296705137332,35.70872599825582,30.948306950370856
M2,68.11800729714926,16.520819206147554,15.361173496703184
M3,10.27603138718007,71.39775408878965,18.326214524030277
M5,50.09513850546581,31.170373936012147,18.73448755852204
M8,7.800859595563254,7.570321663369804,84.62881874106694
M1,32.05794331532898,36.41612390193254,31.525932782738494
M2,67.45101613528794,16.70446548818961,15.844518376522448
M3,9.658267387478919,71.90159057847669,18.4401420340444
M5,47.24451645867709,33.147855158294576,19.607628383028334
M7,41.1826999506174,58.45916859014373,0.35813145923886935
M1,33.55638132393005,35.76183940388789,30.681779272182055
M2,67.77671583038746,16.47930671415292,15.743977455459621
M3,11.05729248668187,70.81128582520803,18.131421688110095
M5,50.23235509343624,31.208873409187795,18.558771497375965
M6,26.551861363970385,41.580003411787665,31.868135224241946
M1,32.25969395722675,34.552886337426344,33.18741970534691
M2,66.9990941454686,16.25307926223884,16.747826592292558
M3,10.170245736962434,70.05143267368292,19.778321589354647
M4,21.07541412855282,20.627434897646488,58.29715097380069
M10,4.663424739455249,85.77648018146361,9.560095079081137
M1,33.388924845839824,35.580219165635384,31.03085598852479
M2,67.94687054984006,16.480704170102715,15.572425280057228
M3,10.244388903591597,71.18400300707548,18.571608089332926
M4,22.54102687640626,21.016898471718697,56.44207465187504
M9,84.85037935024162,10.29161972508546,4.858000924672915
M1,33.17635213499095,35.5267004894154,31.296947375593653
M2,68.42784761215329,16.545245308124194,15.02690707972252
M3,11.032614432634814,70.5949387151909,18.372446852174278
M4,22.53988820649477,21.01823161965511,56.44188017385012
M8,9.151529093562306,5.218589036382839,85.62988187005486
M1,33.251050325796726,35.62921293997217,31.119736734231104
M2,68.92655976864276,15.82931344902349,15.24412678233375
M3,11.023518325027377,70.7827302181981,18.19375145677452
M4,22.174007982814015,21.12527736893644,56.700714648249544
M7,43.00768786081717,56.617101752310155,0.3752103868726735
M1,32.80522417567932,36.269742396152125,30.92503342816856
M2,68.96772744436853,16.0805848471769,14.951687708454564
M3,11.531233839409813,70.4374451712273,18.031320989362897
M4,22.731862508852547,21.735105465020585,55.533032026126875
M6,27.033647110416343,41.35542476568309,31.61092812390057
M1,33.56464361392153,35.75719321227517,30.6781631738033
M2,68.11904184790069,16.52026236540647,15.36069578669284
M3,10.356345838798456,71.43976537023552,18.20388879096602
M4,22.267411727876052,21.109335526344175,56.62325274577977
M5,50.09343523472028,31.171477146375306,18.735087618904412
