M4,21.904984679948196,19.307807419785128,58.78720790026667
M5,49.921544972070265,30.08267681406705,19.995778213862685
M6,26.61175822179392,39.45600297876979,33.93223879943629
M7,47.40794002138496,52.592059978622466,-7.425171588693047e-12
M8,12.872648227324632,6.736562085674357,80.39078968700102
M9,86.90224942209385,7.200392803382693,5.897357774523462
M10,5.517507309102449,85.09509764187105,9.387395049026495
M3,10.65262101734851,68.98587765567657,20.361501326974917
M5,48.705524279088344,30.211126868009085,21.08334885290257
M6,26.25871793292921,38.951254863134295,34.79002720393649
M7,45.61066911165817,54.38933088835611,-1.4281908988778014e-11
M8,13.347910423334584,4.601353522859438,82.05073605380598
M9,91.562093401257,3.6768174850475654,4.761089113695433
M10,7.667295370313566,83.3298639360445,9.002840693641929
M3,12.276683875044437,69.87281103832382,17.850505086631742
M4,22.196743117451597,19.586909689249683,58.216347193298716
M6,25.966018149144585,39.45911246636773,34.574869384487684
M7,45.67602043567963,54.30637878080331,0.017600783517060847
M8,12.634846198596586,6.614375226895122,80.75077857450829
M9,91.66050145527159,3.687295206724156,4.6522033380042584
M10,11.032420188632383,80.61816801482779,8.349411796539826
M3,10.65124123827355,68.9867596738385,20.361999087887938
M4,21.40956593538759,18.88199904149971,59.7084350231127
M5,50.66793237585042,29.03651428159425,20.29555334255533
M7,44.43523944709335,55.56476055289688,9.769962616701378e-12
M8,12.464465929370471,6.524752593377939,81.01078147725158
M9,88.80484359400516,7.4724523572858494,3.7227040487089873
M10,5.495150089673303,84.78297745222434,9.721872458102354
M3,10.650792042371629,68.98704569825229,20.362162259376078
M4,21.99137300248258,19.41020900701056,58.59841799050686
M5,50.67384123141068,29.040785841755103,20.28537292683422
M6,26.652720468698202,39.40466259883755,33.94261693246425
M8,11.39972939318589,7.246799219720615,81.35347138709349
M9,88.29178783022435,2.6955032705500845,9.012708899225565
M10,7.315828558777771,83.5649870659813,9.119184375240934
M3,12.92243498380104,67.53705171900465,19.54051329719431
M4,21.991371923385984,19.410209809954257,58.59841826665976
M5,49.2371247106087,29.892936715589805,20.869938573801498
M6,24.784352346826658,37.25458254351213,37.961065109661206
M7,44.4352392013006,55.56476079870429,-4.888534022029489e-12
M9,90.00968238663445,3.210982998980681,6.779334614384867
M10,5.495390238970407,84.78281701647666,9.721792744552943
M3,10.556505460846532,69.16465562031408,20.278838918839384
M4,21.206316184598663,20.115911099687,58.67777271571434
M5,50.309109452550956,29.505835711458953,20.18505483599009
M6,28.094088563577653,37.95318206523699,33.952729371185356
M7,44.842619747309406,55.15738025268353,7.062794793455396e-12
M8,13.193221920600063,5.633670010133566,81.17310806926636
M10,5.321747387681739,84.81661022073145,9.861642391586813
M3,10.555468036524568,69.16540865652688,20.27912330694855
M4,24.509133047303973,18.353234303515887,57.137632649180134
M5,49.56009730974626,30.040959935721794,20.398942754531944
M6,26.39858734478198,39.153005472409475,34.44840718280854
M7,51.03096619347842,48.96903380652361,-2.0321522242738865e-12
M8,12.634845196635057,6.614375582895543,80.7507792204694
M9,88.3106548765656,7.392526506642408,4.296818616791999
M2,66.38734535363575,16.39204565935176,17.22060898701249
M5,48.61415824883886,30.734347604402586,20.65149414675855
M6,25.16418932865101,40.10509603242722,34.730714638921775
M7,44.49802184237318,55.48392905290614,0.01804910472068144
M8,12.226217138291023,6.72327841237627,81.0505044493327
M9,84.20128363692497,10.367473153444307,5.431243209630724
M10,5.088849615180896,85.12795225242441,9.783198132394702
M2,69.93113219781212,14.494279551982313,15.574588250205569
M4,22.501586982170238,19.84939936379926,57.6490136540305
M6,27.011760165243075,39.913086629247665,33.07515320550926
M7,45.694465167479805,54.292840861519835,0.012693971000359738
M8,11.830275310063074,7.435958247256183,80.73376644268075
M9,91.75943415095688,3.6900968779859804,4.550468971057142
M10,4.8335950519208355,85.56033522692725,9.606069721151911
M2,66.47702278604636,16.410032637202544,17.112944576751094
M4,20.847705622928856,19.61006841997723,59.54222595709391
M5,48.537437812614364,30.73849361448259,20.724068572903047
M7,44.50709392369864,55.478893479442355,0.014012596859004134
M8,12.298280703896838,6.765554661511431,80.93616463459173
M9,83.10119798718716,5.727825966642522,11.170976046170315
M10,4.4550577537117135,85.66345778996516,9.881484456323122
M2,66.86419075609058,17.08214902138821,16.05366022252121
M4,22.50158764849788,19.849400256674393,57.64901209482773
M5,50.47575682435295,29.61808115089367,19.90616202475338
M6,27.011760395844718,39.91308790598916,33.075151698166124
M8,12.872624268112004,6.7365431678562135,80.39083256403178
M9,91.7586547161573,3.689853328285891,4.551491955556814
M10,5.413044358323566,85.16615987179773,9.420795769878708
M2,66.47708383781338,16.409996033286212,17.112920128900406
M4,20.61882382786858,19.843913500768238,59.53726267136318
M5,48.53740537832265,30.738511920256904,20.724082701420443
M6,24.155042152630507,38.19332346671602,37.651634380653476
M7,44.506961435578326,55.47886189506404,0.01417666935763151
M9,86.30137516426936,7.523865986398735,6.174758849331906
M10,4.568274779413643,85.75541712596984,9.676308094616516
M2,64.99040482101587,17.446638764761072,17.562956414223056
M4,21.859549085394246,19.75965457799916,58.38079633660659
M5,49.90525557865118,29.964800520451263,20.12994390089756
M6,27.011760156935512,39.91308869924218,33.07515114382231
M7,44.49888780282039,55.17840146153623,0.32271073564337627
M8,13.511994138499588,5.712724841810476,80.77528101968994
M10,5.612983001232453,85.03014911320226,9.356867885565293
M2,67.58251418143288,15.897709857094862,16.519775961472256
M4,21.904997890588195,19.307818257269666,58.78718385214214
M5,51.07544128907338,29.253625931584818,19.6709327793418
M6,26.821505855158797,39.69568086582342,33.48281327901779
M7,45.669935867562806,54.31043077230052,0.01963336013667316
M8,11.838329025752113,7.430572338342305,80.73109863590558
M9,86.88207450788016,7.214981592798533,5.902943899321305
M2,69.13537316830569,14.992684395960742,15.871942435733567
M3,12.227269190024929,67.95407007944091,19.818660730534162
M6,25.965641532893937,39.45937763610579,34.57498083100027
M7,54.50175028282085,45.49824971756758,-3.8843239735797397e-10
M8,12.634845790120094,6.614374810800215,80.75077939907969
M9,91.66050134844312,3.6872950636254562,4.6522035879314245
M10,8.017584803516293,82.83465134534491,9.147763851138805
M2,68.97353987948497,14.947893045378517,16.078567075136508
M3,11.392214595154606,68.51379527999013,20.093990124855267
M5,50.6738564434967,29.04080052011418,20.28534303638912
M7,44.839965650793076,55.16003434920693,-7.105427357601002e-15
M8,12.4672891709826,6.527080383640787,81.00563044537661
M9,86.64123060453697,7.2252039643912065,6.133565431071822
M10,11.167153068168247,77.07544933998412,11.757397591847635
M2,66.44179565965449,16.987784624044952,16.57041971630056
M3,16.293886084875947,64.78243211363764,18.92368180148641
M5,50.66793202973424,29.036514048682314,20.295553921583448
M6,26.250332440430544,38.94160527849384,34.80806228107562
M8,11.401578005054066,7.245701369594387,81.35272062535155
M9,91.5851734331636,3.683743319085867,4.731083247750529
M10,7.0099532334307915,83.45992944057082,9.53011732599839
M2,69.49199989181189,14.41134615803568,16.096653950152433
M3,11.313695631645858,68.56391173950908,20.122392628845063
M5,50.667933275801964,29.036513570607408,20.295553153590628
M6,26.652721402762985,39.40466214332202,33.942616453915
M7,44.86380793563928,55.13619206436072,0.0
M9,86.71513677829617,7.177249713512913,6.107613508190917
M10,7.401719106432879,83.50752749593052,9.090753397636604
M2,68.57639655891151,14.95043931260108,16.473164128487408
M3,11.384962414374098,68.51842208427985,20.09661550134605
M5,50.6679329656045,29.036512645777226,20.295554388618275
M6,26.65272033648843,39.40466168052587,33.9426179829857
M7,44.43524141351804,55.564758592669406,-6.187448775563098e-09
M8,12.466404713901117,6.5263504881711,81.00724479792778
M10,13.36262065663348,76.97321040872473,9.664168934641793
M2,70.82867300888894,14.9830683462232,14.188258644887858
M3,10.58907326520409,69.14106012054309,20.26986661425282
M5,50.83828347853712,29.12777600223801,20.033940519224867
M6,26.39858778577377,39.15300604087442,34.448406173351806
M7,45.33509877153107,54.55675493185216,0.10814629661676634
M8,12.63484571551229,6.614375821401509,80.7507784630862
M9,86.6543978265933,8.80158885475643,4.544013318650274
M2,68.18944536823028,15.966559339473449,15.84399529229627
M3,12.387344545377937,67.8380843344174,19.774571120204655
M4,21.606138778764862,19.050733535521616,59.343127685713526
M7,45.67569283025133,54.306619823280506,0.017687346468164833
M8,12.634844711455212,6.614374812161376,80.75078047638341
M9,91.6605006501143,3.6872953194113367,4.652204030474362
M10,5.331329630181605,84.80956472197302,9.859105647845382
M2,65.94496795640296,16.512465837654155,17.542566205942883
M3,10.57068084203612,69.15438535948012,20.274933798483758
M4,22.19879303669537,19.58877170808391,58.21243525522071
M6,26.798419544576394,39.61180728124338,33.58977317418023
M8,12.634845631039418,6.614375452133145,80.75077891682744
M9,86.74974229733635,7.213484591532957,6.036773111130689
M10,7.291580755693866,83.67620914351899,9.03221010078714
M2,66.9390150801623,17.240475757151774,15.82050916268592
M3,11.84799968155665,70.31548655047179,17.836513767971567
M4,21.082887667034353,19.409840409060212,59.507271923905435
M6,26.799765491835412,39.613354482064466,33.58688002610012
M7,45.67556053405301,54.306717339270335,0.017722126676652294
M9,86.7497329982905,7.2134913152118365,6.036775686497666
M10,5.360840805794611,84.78786992957234,9.851289264633053
M2,69.17220271182696,14.212377101894582,16.615420186278463
M3,10.568868357808343,69.15569814149002,20.275433500701638
M4,22.197468016203935,19.587567520565308,58.21496446323075
M6,26.36895133074353,39.59300713673977,34.0380415325167
M7,45.67489452777847,54.30720568241916,0.017899789802370947
M8,12.634845885702582,6.614375068714908,80.7507790455825
M10,7.698992395622746,83.40956932674749,8.89143827762976
M2,68.18716512315467,15.966141104637167,15.846693772208162
M3,10.279332776125893,69.36548753109275,20.35517969278135
M4,22.197399970467863,19.587505784860234,58.215094244671896
M6,25.965578980676273,39.45942346190203,34.5749975574217
M7,45.67545407465004,54.30679499496782,0.01775093038214237
M8,12.634845947443406,6.614375348675048,80.75077870388154
M9,86.74971075819929,7.213507320174708,6.036781921626007
M2,67.2671418478319,15.721310635524288,17.011547516643816
M3,12.524695678695318,67.79092884127223,19.684375480032443
M4,21.991372465548395,19.41020864556507,58.598418888886535
M5,50.07626616007122,29.390659337782584,20.533074502146196
M8,12.313849415987802,6.400593134628972,81.28555744938322
M9,86.68945292242356,7.195069639602306,6.115477437974138
M10,7.0054063698019355,83.45930732924644,9.535286300951626
M2,68.97215933280324,14.94922931902102,16.078611348175734
M3,11.506413691204346,68.44090173034536,20.052684578450297
M4,21.991371062378196,19.41020974043014,58.59841919719167
M5,50.667936358209445,29.03651278396128,20.295550857829273
M7,44.81943670445239,55.18056329554761,0.0
M9,86.76424167777792,7.141344800684584,6.094413521537499
M10,5.499258468129532,84.78022882761195,9.720512704258525
M2,66.74630490323044,17.21755928230402,16.036135814465542
M3,11.42258626378059,68.49440879953706,20.083004936682357
M4,21.99137155224445,19.41021003845067,58.598418409304884
M5,48.71963149888962,30.202684198749733,21.077684302360648
M7,44.81863580540714,55.18136419459154,1.3216094885137863e-12
M8,10.4178123983433,4.83762750288907,84.74456009876764
M10,6.966954189232627,83.79837809306838,9.234667717698997
M2,68.72119842700374,15.006245083766158,16.272556489230098
M3,10.599768080985212,69.13331011583799,20.2669218031768
M4,23.37922959343295,17.83387393193878,58.786896474628264
M5,51.132072078643766,29.340853891027827,19.527074030328407
M7,45.061454562071056,54.757719049763594,0.18082638816535024
M8,10.10060262535106,4.941359375813619,84.95803799883532
M9,91.66050097939757,3.687295436048561,4.65220358455387
M2,68.57917221039645,14.948806284919893,16.472021504683656
M3,10.655967547532649,68.98374150135476,20.36029095111259
M4,21.39959089321625,18.87294067948058,59.72746842730318
M5,47.024328317274424,31.21741934339038,21.758252339335197
M6,26.249239543005704,38.94034259197524,34.81041786501906
M9,86.73981428240216,7.159992111646887,6.100193605950948
M10,7.3147811534619125,83.56568721286665,9.119531633671443
M2,68.02207496047998,15.917432708854363,16.060492330665653
M3,11.397618542893476,68.51034390172367,20.09203755538286
M4,21.624594662753303,19.0772190405624,59.29818629668429
M5,50.04644307208109,29.408510986665224,20.545045941253687
M6,26.251728569521532,38.94321114164604,34.80506028883243
M8,10.300574616545042,5.4520799299735465,84.2473454534814
M10,5.492011294214374,84.78507737896017,9.722911326825454
M2,66.04009549290664,16.59346036268085,17.366444144412505
M3,10.593456268465472,69.13788262887728,20.268661102657248
M4,22.198759273155463,19.588739546271242,58.2125011805733
M5,51.13048477098355,29.339700497348133,19.529814731668317
M6,26.398588840629245,39.15300315150411,34.44840800786665
M8,11.552815711288313,7.338826338646336,81.10835795006534
M9,86.77796513138647,7.193219325393396,6.028815543220138
M2,69.49199844620347,14.411346617804313,16.09665493599222
M3,11.413356161759737,68.50030047736632,20.08634336087394
M4,21.99137077493523,19.41020964967203,58.59841957539274
M5,50.667931433552155,29.03651457787237,20.295553988575474
M6,26.652719205577363,39.40466397477411,33.94261681964852
M7,44.435238121133416,55.564761876571666,2.294918033385329e-09
M10,7.224353619328507,83.62618176692206,9.14946461374943
M2,68.73135555752734,14.997862399583095,16.270782042889568
M3,12.759220121629788,69.25823395835229,17.982545920017913
M4,21.606141091894116,19.050737543306266,59.343121364799615
M5,50.83828412612335,29.127777238012275,20.033938635864377
M6,26.398588495653893,39.15300824104529,34.44840326330081
M7,44.31882419540027,55.30311826674714,0.378057537852591
M9,84.88958431940314,9.87611100131011,5.234304679286749
M2,68.08325928939179,14.988479324475424,16.928261386132785
M3,10.59218299561102,69.13880591532013,20.26901108906884
M4,21.606137503975372,19.050735432855163,59.34312706316946
M5,50.838280626854726,29.12777696009789,20.033942413047384
M6,26.398585415001836,39.153006125857935,34.44840845914023
M7,44.465264207775846,55.19557136643403,0.3391644257901234
M8,11.547658078553479,7.342278122495808,81.1100637989507
M1,34.67009212098038,33.28773334507358,32.042174533946046
M5,51.26416928685725,28.792970395426536,19.94286031771621
M6,28.03592641198161,38.83146798638503,33.132605601633365
M7,47.66631622183307,52.313808802153886,0.019874976013042556
M8,12.924720196111542,7.288222476584082,79.78705732730438
M9,88.39554027807029,6.29638433653382,5.308075385395894
M10,5.315736996804333,85.19633352752108,9.48792947567459
M1,33.240735984964076,34.16887516647904,32.590388848556884
M4,21.538723449654437,19.7072217297506,58.75405482059496
M6,26.335128697182995,39.77399498147382,33.890876321343185
M7,45.83115216954144,54.151580435619046,0.01726739483951434
M8,11.932381634911506,7.467296378887982,80.60032198620051
M9,89.14161088597645,7.360641876606616,3.4977472374169363
M10,4.810289868674545,85.61274671248583,9.576963418839625
M1,35.17758769360698,33.20187627590185,31.620536030491166
M4,22.861238361234392,20.208885456264813,56.92987618250079
M5,52.11143241801138,28.72227853388999,19.166289048098626
M7,46.411460604051896,53.49491960741083,0.09361978853727493
M8,12.873869156660765,7.397493581193049,79.7286372621462
M9,87.90946102626901,6.6702104327015235,5.420328541029463
M10,5.218059530520397,85.25999011407924,9.521950355400364
M1,33.61992378612311,33.91387519796828,32.46620101590861
M4,22.22681566623,19.710483575044005,58.062700758725995
M5,50.318618363885996,29.739003102851502,19.942378533262502
M6,26.64034702852462,39.54419907109588,33.8154539003795
M8,12.145663331954697,7.383416920779254,80.47091974726605
M9,87.20988958086794,7.028078249610737,5.7620321695213255
M10,5.612329639485577,85.01875076269529,9.36891959781913
M1,35.24250880292611,33.131368385438705,31.626122811635184
M4,22.95546627922661,19.309854454489635,57.73467926628375
M5,51.813039037573766,28.892491277666096,19.294469684760138
M6,28.03582596190665,38.831613428399564,33.13256060969378
M7,46.19822050648917,53.411515099432044,0.390264394078784
M9,87.89538007461833,6.737698817280528,5.366921108101142
M10,5.136896837439584,85.14268656653837,9.720416596022048
M1,35.27974450769443,33.154638064038934,31.565617428266634
M4,23.125705818805415,19.33139019843457,57.542903982760016
M5,52.23436348073733,28.65194633602036,19.113690183242312
M6,28.226150632205815,38.76934437325278,33.004504994541406
M7,48.06079460848858,51.92130695737064,0.017898434140782626
M8,14.794837777881018,5.636525555946853,79.56863666617214
M10,5.2611908423984355,85.22796659545621,9.510842562145356
M1,33.32766564916321,34.2892531886406,32.38308116219619
M4,23.53708366339508,19.43724347311787,57.025672863487046
M5,52.11134534408965,28.72232716591912,19.166327489991232
M6,28.03736204946833,38.88144768427735,33.081190266254325
M7,47.95581552310636,52.027619371124054,0.016565105769586808
M8,12.873819022259358,7.397504500302191,79.72867647743846
M9,85.96603777957331,9.262617214972982,4.771345005453705
M1,33.27729499613984,34.190956658130744,32.531748345729426
M3,10.485176112602714,69.79160149480327,19.72322239259401
M6,27.06742569228125,40.02569699213009,32.906877315588666
M7,47.57504282498301,52.42495717494356,7.343459174080635e-11
M8,13.939846518224874,4.772789417082722,81.28736406469241
M9,87.51948055353212,7.227567544808132,5.252951901659749
M10,8.10791538793439,83.37943670256666,8.512647909498952
M1,33.723725559913575,34.87665830059212,31.399616139494306
M3,11.45154787909303,69.97917899015847,18.5692731307485
M5,49.84597648059937,30.31317166799089,19.84085185140974
M7,45.535624026098496,54.25416432705508,0.21021164684642457
M8,12.028877619202953,5.780640617583351,82.1904817632137
M9,87.28665379959575,7.256701018413054,5.456645181991192
M10,7.404105392542652,84.29037849245148,8.305516115005872
M1,33.75436943207475,34.85347300224974,31.392157565675504
M3,11.466399820877648,69.96125805313068,18.572342125991668
M5,50.41364348810391,30.40091483104396,19.185441680852133
M6,26.791076990738745,40.600607494242304,32.60831551501895
M8,12.030423802273596,5.78491302397183,82.18466317375459
M9,87.30202399856171,7.246458602325077,5.451517399113214
M10,7.084687585853845,84.2284939777575,8.686818436388663
M1,34.04573679230677,34.67759666591447,31.27666654177876
M3,10.704859795864271,70.64873226644286,18.64640793769287
M5,48.34638774856408,31.68785084213893,19.965761409296995
M6,26.790315699058375,40.60131811516881,32.60836618577282
M7,44.75966730942151,54.92400406145551,0.3163286291229781
M9,88.33712588885416,7.991266993018488,3.6716071181273513
M10,8.013031517689956,83.860363455672,8.126605026638046
M1,33.70518058698466,34.89049947481361,31.404319938201738
M3,11.447653742666654,69.98651709154618,18.565829165787164
M5,51.002929086468896,30.0414084225122,18.955662491018906
M6,27.06639537651227,40.731511094928734,32.20209352855899
M7,45.6688751208468,54.33112488314803,-3.9948275798451505e-09
M8,14.829193320386482,5.371434876176235,79.79937180343728
M10,6.334573926122348,84.14029728885804,9.525128785019618
M1,32.70694036397016,36.16368580698882,31.129373829041015
M3,12.230472039050218,69.93189351091067,17.83763445003912
M5,51.32968225186103,30.388714672476656,18.281603075662314
M6,26.92126931083779,41.30041991506454,31.778310774097676
M7,44.802155911236525,55.16568845143425,0.03215563732922533
M8,13.583695659630088,7.450957272920115,78.9653470674498
M9,87.38792454846048,7.225038208910041,5.387037242629484
M1,33.2773387236734,34.190933961134164,32.53172731519243
M3,10.485174611899392,69.79159972011115,19.723225667989453
M4,21.60125206336029,19.738214029680737,58.660533906958975
M7,45.854862218788526,54.145137789928,-8.716526167518168e-09
M8,13.878783010569212,4.777841868258436,81.34337512117236
M9,89.79203403992639,5.141152008789388,5.06681395128422
M10,5.547945356710097,85.12971513980285,9.322339503487044
M1,33.27730793674114,34.190949468518546,32.531742594740315
M3,10.485161026531141,69.79160989503217,19.723229078436688
M4,21.586096435944096,19.735241096283595,58.678662467772305
M6,26.7226336731404,39.915846057015486,33.36152026984412
M8,11.964373735772336,7.482013617220144,80.55361264700751
M9,91.16924437142109,3.628719313952559,5.202036314626355
M10,5.380971543303587,85.04678243645935,9.57224602023706
M1,33.277350369225175,34.19092931302274,32.53172031775208
M3,10.802043921215837,69.58511978328282,19.61283629550134
M4,21.60061244087368,19.738084858223726,58.661302700902596
M6,27.06747141374857,40.02567327448153,32.90685531176991
M7,45.85487428733658,54.145125730479094,-1.7815672492815793e-08
M9,87.51997063242077,7.227590148038624,5.25243921954061
M10,4.814239214071645,85.63135944707429,9.554401338854063
M1,33.27732262429572,34.19094377084296,32.531733604861316
M3,10.803047543010862,69.58446755195612,19.612484905033014
M4,21.930465693297517,19.803018980513517,58.266515326188966
M6,27.067446129568665,40.02568682850038,32.90686704193095
M7,45.85483845896703,54.14516152859428,1.2438690077942738e-08
M8,11.969362099652162,7.482631924623132,80.5480059757247
M10,8.104725057059927,83.38161636847053,8.513658574469545
M1,34.039337954077396,34.63895969694153,31.321702348981077
M3,11.003962683324913,70.1941101355962,18.80192718107888
M4,22.500631366833744,21.01223275741879,56.48713587574747
M6,27.364338307928982,40.4820335085359,32.15362818353511
M7,45.956060384314725,53.860521506969,0.18341810871627473
M8,12.611178678284695,7.789442157854887,79.59937916386042
M9,87.43654549377406,7.152675786407646,5.410778719818292
M1,33.282538037418995,35.47689472733384,31.24056723524717
M3,11.168265997010597,70.53735224736728,18.294381755622126
M4,22.425257449668432,20.903950403320817,56.670792147010744
M5,49.99539648315832,31.0566954460322,18.947908070809476
M8,6.863738165946779,7.312224630753655,85.82403720329955
M9,87.06259816971436,7.45466883074395,5.482732999541687
M10,5.229631827841478,85.81681013523604,8.953558036922487
M1,33.9090469570218,35.11380608914614,30.97714695383206
M3,11.134743731569099,70.58354379746012,18.281712470970774
M4,21.648742331957493,21.76655899590993,56.584698672132575
M5,50.454731619267164,29.841538831860785,19.70372954887205
M7,43.38143924311485,56.24334125656988,0.37521950031527496
M9,87.12375023041155,7.388087180916002,5.488162588672453
M10,7.770991738534899,84.25504137894117,7.973966882523925
M1,34.1417767069518,34.626618563408584,31.231604729639614
M3,11.632113195367497,69.86411916493257,18.50376763969993
M4,21.94166840322658,21.20763390247464,56.85069769429879
M5,50.523028304645415,30.340387063759824,19.13658463159476
M7,44.415831543329844,55.231117988711105,0.3530504679590507
M8,9.085161615496109,5.072704267154675,85.84213411734922
M10,7.900246019420301,83.947747188748,8.152006791831695
M1,32.789826002070086,36.174278270564336,31.035895727365578
M3,10.901989251149073,71.11628834084189,17.981722408009034
M4,22.714617223757756,21.494554005028718,55.790828771213526
M5,49.36643346596716,31.751400943952465,18.882165590080373
M7,44.07014747592774,55.91271905418881,0.017133469883447106
M8,7.037414254733877,7.523419473034915,85.4391662722312
M9,86.78688096302248,7.696784907651376,5.5163341293261405
M1,34.49163255024339,34.34853696432966,31.159830485426944
M3,11.61990568821074,69.7517323803355,18.628361931453767
M4,22.281587579695543,21.128474583768938,56.589937836535526
M5,46.96470318400796,32.48101017924746,20.55428663674458
M6,25.322018087416215,42.01173920610823,32.66624270647556
M9,85.35678974384321,9.829794417256723,4.8134158389000685
M10,8.160351811648637,83.68326534178544,8.156382846565918
M1,34.120705529823596,34.63200103429614,31.247293435880266
M3,11.652655202516307,69.83735074408253,18.509994053401158
M4,21.7198938969987,21.441981502700628,56.838124600300674
M5,49.999616408582696,30.178143562712886,19.822240028704417
M6,26.604320898906796,40.77576213736647,32.61991696372674
M8,10.484995303350507,6.031459279019793,83.4835454176297
M10,13.757113605925435,77.60631379254517,8.636572601529394
M1,34.029164726066924,35.20589898291198,30.764936291021094
M3,10.269022310193616,71.40302632944658,18.327951360359805
M4,22.746533417262775,21.20793617406688,56.04553040867034
M5,50.23811823950684,31.204601898543686,18.557279861949475
M6,26.55976260469754,41.57420367211287,31.866033723189588
M8,11.731153778276793,5.7053168807898755,82.56352934093333
M9,87.41416680051839,7.210380594851943,5.37545260462967
M1,34.03249157644143,34.69266911720168,31.27483930635689
M3,11.447142017669377,69.98712904134001,18.56572894099061
M4,21.9421200970819,21.20747462711204,56.85040527580607
M5,48.29292101767694,31.728731836754655,19.978347145568407
M6,23.491783980944724,41.29923138109953,35.20898463795575
M7,44.41556339497625,55.230977626812276,0.35345897821147076
M10,8.019253475465451,83.86469256479987,8.116053959734685
M1,33.9136148708276,35.25146012789194,30.83492500128046
M3,11.115680064073235,70.93911011635342,17.94520981957335
M4,22.86951990844191,20.96623709377497,56.16424299778313
M5,51.18102463600436,30.480926881335133,18.338048482660508
M6,26.823096812455766,41.3520330298698,31.82487015767444
M7,41.8912472141808,57.61851447728683,0.49023830853236916
M9,87.32824672423841,7.257794106070759,5.41395916969083
M1,34.50487012622281,35.00162842787725,30.493501445899938
M3,11.735137176348271,70.46371130852543,17.801151515126293
M4,22.91434494002271,21.712550559224034,55.37310450075325
M5,51.66913337177512,30.237738468244928,18.093128159979955
M6,25.37962479145004,42.97148501265487,31.648890195895092
M7,44.55462439100786,55.15148503367316,0.2938905753189758
M8,13.161496243113817,7.980755998574237,78.85774775831194
M1,32.29060613523572,34.635040366772074,33.074353497992206
M2,64.2510923154746,17.843493432545873,17.905414251979533
M6,25.507571418433336,40.198766658477304,34.29366192308935
M7,44.77677888304592,55.20559561998315,0.017625496970929078
M8,12.500791259650233,6.793970312366455,80.70523842798332
M9,91.4936308176083,3.8175933538644675,4.688775828527227
M10,5.294961275151847,85.31778540560667,9.38725331924148
M1,30.805403653759587,35.027550615483946,34.16704573075647
M2,65.48248657466293,16.866918625506788,17.650594799830284
M5,47.51816595320243,31.37022984912734,21.111604197670232
M7,43.45730767544573,56.52534723336604,0.01734509118822558
M8,10.85232151088468,7.474886521812678,81.67279196730264
M9,85.77409952536911,7.802840821439359,6.423059653191531
M10,4.384478982686535,85.89015980579968,9.725361211513786
M1,32.362113188414604,34.49310354309736,33.14478326848803
M2,66.51694617026067,16.175219369574762,17.30783446016457
M5,49.140077498849436,30.526652196510316,20.333270304640248
M6,25.57442000856363,40.04681946124445,34.37876053019191
M8,11.489554739972478,7.452629482544253,81.05781577748327
M9,86.51053272502452,7.412083001659762,6.07738427331572
M10,4.530483820863131,85.60035956996163,9.86915660917525
M1,31.01520486546464,35.09639270766224,33.88840242687312
M2,65.48261343190447,16.866857343440586,17.650529224654946
M5,47.440946434964566,31.34949292190251,21.209560643132924
M6,25.07891201841281,40.84374399584201,34.07734398574518
M7,43.45652054219204,56.52485618002866,0.01862327777930517
M9,85.77440696248794,7.802833416151032,6.422759621361023
M10,4.276598797365576,85.7945616513518,9.928839551282621
M1,31.111680748359582,34.89587739109309,33.99244186054732
M2,67.28091583628265,15.833488308421856,16.8855958552955
M5,47.7875560088399,31.156515300802184,21.055928690357916
M6,24.668903229321344,40.46941833372503,34.861678436953625
M7,42.57691362869133,57.07620077017503,0.34688560113364275
M8,10.99888714637233,7.464068853777242,81.53704399985043
M10,7.420590408009686,83.87715338269605,8.702256209294262
M1,31.32003935218305,34.959257548118565,33.72070309969839
M2,65.79811045854946,16.72149533468756,17.48039420676298
M5,47.7848005617275,31.15813095146374,21.05706848680876
M6,22.427330352389394,39.61779092780433,37.95487871980628
M7,43.77169726563488,56.20689666241404,0.021406071951084016
M8,10.999013828196329,7.463775764964538,81.53721040683914
M9,83.94972333628024,9.57012019764118,6.4801564660785775
M1,32.07675993473421,34.57194196270866,33.35129810255713
M2,66.80799756953252,16.31119534039825,16.880807090069233
M4,20.813613776069232,19.87160339724902,59.31478282668175
M7,44.776772044796544,55.205602362092336,0.017625593111119997
M8,12.497231804929559,6.796423367779692,80.70634482729075
M9,86.46894524174537,7.455951979006464,6.075102779248162
M10,5.283309003719081,85.32546353585379,9.391227460427132
M1,32.478478822331745,34.542365704431326,32.979155473236936
M2,66.99851572852819,16.21930169467763,16.78218257679418
M4,20.957089197859233,19.839190447469342,59.203720354671425
M6,25.671556210027678,40.11474597244164,34.21369781753069
M8,11.570317301809279,7.491455163174582,80.93822753501614
M9,86.56937654341729,7.401413941558325,6.029209515024383
M10,4.653249674508303,85.74055179520147,9.606198530290229
M1,32.47873727233299,34.54270615434284,32.97855657332417
M2,68.37795909094314,15.392715003813665,16.2293259052432
M4,20.957475793833513,19.838969104534332,59.20355510163216
M6,25.671045857552183,40.11513345004046,34.21382069240735
M7,44.986766708982316,54.995559372585774,0.01767391843191035
M9,86.56977274822985,7.40114036016467,6.029086891605478
M10,4.658091538123045,85.73991202417649,9.601996437700464
M1,31.028191654367593,35.39427748450104,33.57753086113137
M2,65.68152881135009,19.87678421155294,14.441686977096968
M4,21.06149136346227,19.814976421334276,59.123532215203454
M6,26.490052043968465,40.28200089528709,33.22794706074445
M7,44.3087988842009,55.69120111939717,-3.598067621624068e-09
M8,11.637386711646418,7.485140275936821,80.87747301241677
M10,5.3676395337460105,85.25626283659511,9.376097629658872
M1,32.26488711146091,34.48032195599799,33.254790932541106
M2,66.64044591376368,16.169563965035355,17.18999012120096
M4,20.958013474316598,19.838610515842323,59.20337600984108
M6,25.671539208222057,40.114788273215886,34.213672518562056
M7,44.98665494465486,54.9956269021767,0.017718153168438278
M8,11.571514826036925,7.490688677587691,80.9377964963754
M9,86.56986972914103,7.40107482711179,6.029055443747177
M1,32.147784942502724,34.429738800085524,33.42247625741175
M2,66.51727067702625,16.174982031019752,17.307747291954
M4,20.84154879469676,19.771322022768416,59.38712918253482
M5,48.98450932220133,30.48829493050498,20.527195747293685
M8,11.4891616084559,7.452894850616688,81.05794354092741
M9,86.51063020102875,7.412010821322315,6.077358977648939
M10,4.64878839708065,85.69581055279345,9.655401050125903
M1,29.17756025103831,35.90156154906917,34.92087819989251
M2,63.47866172342283,17.779205501397108,18.74213277518006
M4,18.263888385159134,20.974224389033164,60.7618872258077
M5,45.28470173821436,32.53901251370674,22.176285748078904
M7,41.40825332591947,58.5684653180573,0.023281356023233002
M9,84.73941508394662,8.381987871291784,6.878597044761591
M10,4.043558664116516,86.13195366101168,9.824487674871804
M1,30.170494592096823,35.44256401859625,34.386941389306934
M2,62.896388779002066,19.32232059460801,17.781290626389925
M4,19.448214579093502,20.24701138972918,60.30477403117732
M5,46.31838877693009,31.967631874412703,21.713979348657205
M7,41.0995496823992,58.496568759894764,0.4038815577060362
M8,11.73943691191921,6.472748137772505,81.78781495030829
M10,5.060628357259719,85.46642844908497,9.472943193655311
M1,31.953184275078286,36.218788749321526,31.82802697560019
M2,63.97247446011634,17.55264499849562,18.474880541388043
M4,18.57665685452035,20.92203627887737,60.50130686660228
M5,46.42929318086082,31.874611822642382,21.6960949964968
M7,40.68257403237273,58.93076918094596,0.3866567866813142
M8,10.334384665005016,7.390782079865614,82.27483325512937
M9,82.79904293247483,11.285726261259253,5.915230806265914
M1,32.1474005947277,34.430008376744986,33.422591028527314
M2,66.51735765600993,16.174915068626255,17.30772727536381
M4,20.43536186205386,20.776334326010435,58.7883038119357
M5,48.98394922576817,30.488633567464152,20.527417206767677
M6,20.02805074230582,44.01240625296182,35.95954300473236
M9,86.51057566864291,7.412048614785451,6.077375716571634
M10,4.528640391500656,85.60171447119833,9.869645137301006
M1,32.146940154470066,34.430331898072524,33.42272794745742
M2,66.87776037566215,16.225244522411955,16.896995101925896
M4,20.95673506337464,20.493768347747938,58.549496588877425
M5,48.98583145119903,30.487488928913525,20.526679619887442
M6,25.571837821175922,40.04865383837488,34.3795083404492
M8,11.489054289944018,7.452957129441144,81.05798858061483
M10,4.529147608981053,85.60134131919013,9.869511071828825
M1,32.36223038458583,34.49302867575888,33.14474093965529
M2,66.87824424532914,16.22495691997113,16.896798834699727
M4,20.841860367371883,19.77109455159764,59.38704508103048
M5,48.98513302566106,30.487914558008566,20.526952416330378
M6,20.028041997988804,44.01241122860429,35.9595467734069
M8,11.489137702242012,7.452903763568205,81.0579585341898
M9,84.65555200452387,10.109036068224295,5.235411927251835
M1,30.58962369028381,35.499628242619465,33.91074806709672
M2,66.56159212069166,16.37108317205405,17.067324707254294
M4,20.605646706616774,19.816023201478103,59.57833009190513
M5,48.63147159940061,30.685927616932968,20.68260078366642
M6,25.989426394722294,40.416459645968516,33.59411395930918
M7,43.36614081485948,56.63385918514053,-7.105427357601002e-15
M10,4.58380534827688,85.74386663282722,9.672328018895897
M1,29.98004930018283,35.75539623143399,34.26455446838318
M2,67.28102766674367,15.833436593476565,16.88553573977977
M4,20.03985144929346,19.91646166502247,60.04368688568407
M5,47.112833927280924,31.565868660512834,21.321297412206242
M6,25.057293671630095,40.626106891851904,34.316599436518004
M7,42.8810665327144,57.1189334672856,0.0
M9,85.94873605773799,7.711664349662705,6.339599592599306
M1,32.052038734171845,34.632840218500526,33.31512104732763
M2,66.56161086406136,16.37107444982361,17.067314686115026
M4,20.60633061410772,19.816165734867575,59.577503651024706
M5,48.63149302724475,30.685915529139084,20.682591443616165
M6,24.917223338407133,41.05743119578443,34.02534546580844
M7,43.42061411512624,56.25209741976015,0.327288465113611
M8,11.339692583987057,7.459240804657812,81.20106661135513
M1,32.657331872838796,34.19968329894517,33.142984828216036
M2,66.27658942201046,16.384368720708917,17.339041857280623
M3,10.823929992431417,69.47564694130475,19.700423066263838
M7,44.565816832886476,55.425286224710966,0.008896942402557784
M8,12.446491688350493,6.82349843202455,80.73000987962496
M9,88.60742987334216,7.729845387068112,3.6627247395897324
M10,7.748760700712139,83.34005092923897,8.91118837004889
M1,32.222218480866836,34.51065193784434,33.26712958128882
M2,66.95565971938956,16.244573157662533,16.79976712294791
M3,10.904045436155561,69.34961194836504,19.746342615479406
M6,25.637739359696088,40.141716856489964,34.22054378381395
M8,11.5570744848075,7.493496027273088,80.94942948791942
M9,86.54811292738655,7.414578013006206,6.03730905960724
M10,4.5407707006320335,85.6540150733563,9.805214226011657
M1,31.953266717232903,34.70541749187212,33.341315790894974
M2,67.52945752190837,16.54314721329053,15.927395264801099
M3,10.81257532169225,69.48391671581835,19.703507962489397
M6,26.179854439276006,40.52494709388581,33.295198466838194
M7,44.538557570491655,55.4454230109478,0.016019418560546228
M9,86.3868008930523,7.515315088260475,6.097884018687229
M10,7.662835724045912,83.77720748512162,8.559956790832459
M1,31.170793004134666,35.404317800892485,33.42488919497285
M2,67.27922071844162,18.502409964581435,14.218369316976943
M3,11.32530136455755,69.28596614201697,19.38873249342548
M6,26.375515575951873,40.17856795514049,33.44591646890763
M7,44.36906937338829,55.630930641535464,-1.4923756452844827e-08
M8,11.811109543894744,7.428532160351344,80.76035829575392
M10,7.77340841193331,83.65410247812426,8.572489109942438
M1,31.170677464591126,35.404355879744465,33.42496665566441
M2,67.79421018951811,18.114404917793568,14.091384892688321
M3,11.325232904212795,69.28599622841783,19.388770867369374
M6,26.32351200432026,40.18546584005877,33.49102215562097
M7,44.36896390862662,55.631036091378185,-4.803268893738277e-12
M8,12.606888059946472,6.884803784253861,80.50830815579967
M9,86.73175290099645,7.32511816090218,5.943128938101365
M1,32.01181600441065,33.92592406379451,34.06225993179484
M2,66.74321047159775,16.143169443011676,17.113620085390576
M3,11.073242771080922,68.48130151151256,20.445455717406517
M5,48.595132047053546,30.180305961014657,21.224561991931797
M8,10.995626557649993,7.128437969174402,81.8759354731756
M9,86.21710957428611,7.38796989526758,6.394920530446307
M10,4.515676054269674,85.1247365508617,10.359587394868626
M1,30.608292507238843,35.39007716409803,34.001630328663126
M2,65.29202165793052,17.331283031829926,17.376695310239555
M3,11.6960255945529,68.60349230527777,19.700482100169324
M5,46.05826854845986,31.7534454940531,22.188285957487043
M7,42.418529747044886,57.34256504749774,0.23890520545737104
M9,85.49320468741404,8.040823634829636,6.465971677756329
M10,4.6020811949374965,85.08855089867484,10.309367906387664
M1,30.99422063772208,35.151626343927596,33.854153018350324
M2,65.42236179165036,17.030234345692996,17.547403862656644
M3,11.709935872763124,68.96645644426349,19.32360768297339
M5,46.909427331239904,31.945733166011227,21.14483950274887
M7,41.3631335045241,58.63686649547591,-7.105427357601002e-15
M8,11.066238459395027,7.365620772126519,81.56814076847846
M10,5.360330644286187,85.47318609969932,9.166483256014487
M1,32.05734438319676,36.415642702041204,31.527012914762047
M2,66.78859184211444,16.707203071527783,16.504205086357775
M3,9.657962296937225,71.90181933165292,18.440218371409856
M5,48.95815894975351,31.868820922960765,19.173020127285724
M7,42.386193692393554,57.560583179379485,0.053223128226960625
M8,10.541808748371084,5.558435319008236,83.89975593262068
M9,86.12714067120302,7.977676601831273,5.895182726965705
M1,31.95629677887702,34.226319809348,33.81738341177498
M2,66.31258474938868,16.12513738968439,17.562277860926933
M3,10.015881890743762,69.61324741623584,20.370870693020407
M5,48.96099314678982,30.417363442060072,20.62164341115011
M6,25.40822607530733,39.81001495172584,34.781758972966834
M9,86.41719893338632,7.403792355842637,6.179008710771046
M10,4.527529986143807,85.44623871929033,10.02623129456586
M1,31.956029965800155,34.22793933313726,33.81603070106259
M2,66.66370383645715,16.175768752135966,17.16052741140689
M3,10.851235880388764,69.0097151439222,20.139048975689036
M5,48.96603272913223,30.41475130936499,20.61921596150278
M6,25.170008725697922,39.98112666897204,34.848864605330036
M8,11.32704489380057,7.346443216463257,81.32651188973617
M10,4.527327909795381,85.44703318091908,10.025638909285547
M1,33.338181758636416,35.71223525498985,30.94958298637374
M2,68.11130046817472,16.524466691425687,15.364232840399595
M3,10.350940035248682,71.4430734923446,18.20598647240672
M5,50.089469170579264,31.173705610235412,18.736825219185324
M6,26.55774806366994,41.57567936053784,31.866572575792212
M8,7.910525817657179,7.584618500563591,84.50485568177923
M9,87.07950641265171,7.459442632779126,5.4610509545691635
M1,31.037082465111755,35.113672986836086,33.84924454805216
M2,65.47570877950298,16.99485821101473,17.52943300948229
M3,10.024007987807922,70.17581656578372,19.80017544640836
M5,46.82992340068547,32.136483718461534,21.033592880852993
M6,19.2650992375351,44.65317912035004,36.081721642114864
M7,41.421840356425825,58.57815964357555,-1.3784529073745944e-12
M10,6.487709998049924,84.3912615507465,9.121028451203571
M1,31.95005008368058,36.29885997536293,31.75108994095649
M2,67.63835682843187,16.586872954322757,15.774770217245376
M3,10.550100007292873,71.42738157488425,18.02251841782288
M5,47.38399367823966,33.04375170001271,19.572254621747625
M6,25.114076183990594,42.31779703471282,32.56812678129659
M7,39.73557131740021,59.7545585380305,0.509870144569291
M9,83.3905406568379,11.33600671707562,5.273452626086481
M1,32.59347555126411,36.35136299002174,31.055161458714153
M2,68.60320707441707,16.21208301310887,15.184709912474059
M3,11.256524761476285,70.83568145405617,17.907793784467543
M5,50.12718010184024,31.279421326781144,18.593398571378618
M6,26.582070346026416,41.549356534659715,31.868573119313872
M7,43.598986084039076,56.07996862472779,0.3210452912331334
M8,9.236284982210238,5.301787996280842,85.46192702150893
M1,32.261215312056706,34.551781460246126,33.18700322769717
M2,66.63900475168948,16.20452832956881,17.156466918741707
M3,10.901326786836952,69.40660787069649,19.692065342466563
M4,20.97331154807151,19.89570852179947,59.13097993012902
M8,11.589874557299732,7.516064628782105,80.89406081391816
M9,86.56706959241453,7.416086017334256,6.016844390251218
M10,4.539093405867918,85.6866929885565,9.774213605575582
M1,33.57965277807717,33.537102854149154,32.883244367773685
M2,69.03968425224495,14.990380782448344,15.969934965306702
M3,11.108674574043917,69.47004270013049,19.42128272582559
M4,23.47627812503105,18.013999187849766,58.50972268711918
M7,44.50518596100099,55.46987638025015,0.024937658748861224
M9,90.33304303691803,7.837758776795545,1.829198186286427
M10,5.818431389243759,84.75983229096785,9.421736319788394
M1,31.170861120859666,35.40428414259376,33.42485473654657
M2,67.36686324360194,16.055759102984155,16.577377653413905
M3,11.32533391906404,69.2859436398488,19.388722441087168
M4,21.261053776158008,20.5728845269713,58.16606169687069
M7,44.3691320352117,55.63086796022229,4.566011568840622e-09
M8,11.797833424161318,7.437090932238521,80.76507564360016
M10,13.122118401219566,77.47100609556854,9.406875503211893
M1,33.652539482211516,35.38293084386157,30.964529673926904
M2,69.238393267744,15.629436157687362,15.132170574568637
M3,11.002058532185071,70.80226826754328,18.195673200271642
M4,22.246045777962966,20.628262483043464,57.125691738993574
M7,44.3584675197559,55.59892720192168,0.04260527832241934
M8,7.544302010708735,7.449141813287508,85.00655617600376
M9,87.35716236381154,7.160710853721201,5.482126782467259
M1,32.47466679963589,34.614714655852346,32.91061854451177
M2,66.99817156052822,16.25363346272083,16.74819497675095
M3,10.073795712843966,70.01053744849317,19.915666838662872
M4,22.01179819308218,20.118503776779367,57.869698030138466
M6,25.66619150162045,40.193526380193845,34.14028211818571
M9,86.56694688799608,7.416182047065636,6.016871064938282
M10,4.536636960785024,85.68850497961319,9.774858059601797
M1,32.656580216988445,34.5219595935458,32.82146018946575
M2,67.2342107853471,16.135350241073535,16.630438973579363
M3,11.325284290231334,69.28598143953795,19.388734270230714
M4,21.260992468662998,20.572901546258894,58.166105985078104
M6,25.589207728428505,40.28260546667133,34.12818680490017
M8,11.73598117283107,7.479701400393436,80.78431742677549
M10,4.728865617875578,85.54347569621304,9.72765868591138
M1,33.553683277905535,35.7633965939687,30.682920128125765
M2,67.77432751356582,16.48112445524338,15.7445480311908
M3,10.26922281382219,71.40287297765826,18.327904208519556
M4,22.25947467192394,21.115046390574175,56.62547893750188
M6,26.559087724709027,41.57474087311774,31.86617140217323
M8,12.586422073836957,8.15948467597958,79.25409325018346
M9,87.07977032046055,7.459267600655202,5.460962078884244
M1,31.32343723471159,35.32333619689835,33.353226568390056
M2,67.50261984539554,15.989966158901968,16.50741399570249
M3,11.397247579713211,69.22757676631633,19.37517565397046
M4,21.379584981173544,20.539733498116327,58.08068152071014
M6,27.04149414977904,40.02954948315288,32.92895636706808
M7,44.54624370244159,55.45375630093879,-3.380385749096604e-09
M10,6.1018005839760905,84.77784704201768,9.120352374006231
M1,33.80373623768373,35.57153763989236,30.624726122423915
M2,70.02428857580357,15.281058506106202,14.694652918090231
M3,12.047595709631935,70.07835710697799,17.874047183390076
M4,22.648939140560252,21.025412582360858,56.32564827707888
M6,26.57823539378879,41.49040902788085,31.93135557833036
M7,43.00361790571468,56.639476930908884,0.35690516337643885
M9,87.35184975583762,7.216306428804186,5.431843815358194
M1,34.352518628598325,35.34064290501475,30.306838466386935
M2,68.9566287264307,16.08736405003172,14.956007223537586
M3,11.835405121505515,70.3896575108463,17.774937367648178
M4,22.532225343722843,21.956974997534914,55.51079965874224
M6,27.03384059176176,41.35531845522948,31.61084095300876
M7,44.730082664884485,54.9765733147831,0.29334402033241247
M8,13.162013026912028,8.02803441649433,78.80995255659363
M1,30.170772161176625,32.15314081470635,37.676087024117024
M2,61.87983559586034,17.08652809913769,21.033636305001966
M3,9.62275570314716,66.9169181517248,23.460326145128036
M4,18.09557427885999,18.405075107894536,63.49935061324548
M5,46.87344258630529,29.17417335056935,23.95238406312536
M9,84.62573120630582,9.470359431328983,5.9039093623652015
M10,4.432917001387618,83.78702571010297,11.780057288509411
M1,30.1717402621685,32.15260866047804,37.675651077353464
M2,61.879781282784926,17.086553925698446,21.033664791516628
M3,10.687930619967924,66.40555798982507,22.906511390207
M4,18.569169063704983,18.16158931622776,63.26924162006726
M5,47.04474193291764,29.220520736971327,23.734737330111034
M8,6.7581568431768115,5.896537232481966,87.34530592434123
M10,4.439426237768678,83.7825706557417,11.778003106489635
M1,33.344345341617476,35.70773938980295,30.947915268579578
M2,68.11198884276659,16.524077904491648,15.36393325274176
M3,10.349705037384705,71.44379507356716,18.206499889048132
M4,22.743789331931794,21.208926939315464,56.047283728752745
M5,50.23586742912179,31.206282379026575,18.557850191851635
M8,7.136035370030398,7.4890249182853506,85.37493971168425
M9,87.07862339424346,7.460106069904243,5.461270535852292
M1,25.458164074626534,34.99873317259613,39.54310275277733
M2,56.221352793102945,20.191567929501595,23.58707927739546
M3,7.748236186993723,69.12245084553462,23.129312967471662
M4,15.824572897947204,18.93932823435602,65.23609886769677
M5,41.40089691061604,33.00841947438303,25.590683615000927
M7,35.55239240450592,63.563000281171284,0.8846073143227926
M10,3.5123375515583426,85.07317041090639,11.414492037535268
M1,32.02761293201762,36.28381049153575,31.68857657644663
M2,67.65599298723903,16.599077162164804,15.744929850596165
M3,9.738715849833863,71.83749193232038,18.423792217845758
M4,20.336774456265516,22.592118130599935,57.07110741313455
M5,47.478570689479994,33.00046132574323,19.520967984776775
M7,41.27602663272822,58.334014838176856,0.3899585290949261
M9,86.08931140815655,8.024827994655519,5.885860597187934
M1,32.02658032180564,36.284599304393915,31.688820373800446
M2,66.2756649986785,17.463573034046696,16.26076196727481
M3,9.858108356096203,71.87712493003332,18.264766713870472
M4,21.215500506408137,21.644726171451712,57.13977332214016
M5,48.041300094705335,32.58078948511135,19.377910420183312
M7,41.4649588050064,58.192663437526434,0.3423777574671689
M8,8.630736658773726,5.231502983728093,86.13776035749818
M1,34.047196336424456,37.08180161167389,28.871002051901648
M2,69.139196708467,18.20332842165336,12.657474869879643
M3,11.967133054326466,71.5046720483776,16.528194897295933
M4,23.81984684690696,23.02823905843484,53.15191409465821
M5,50.15159094635803,32.18854845758808,17.659860596053896
M6,22.426166330543293,46.5366174262505,31.037216243206203
M10,4.572822760633261,86.8271879265202,8.599989312846546
M1,33.342936037610514,35.70876985857137,30.948294103818114
M2,67.77520081363731,16.48044086070065,15.744358325662038
M3,10.26617841864048,71.40515639859132,18.328665182768205
M4,21.79611434140458,22.181053759508785,56.02283189908664
M5,46.11218625037734,34.260195246453264,19.627618503169394
M6,20.837704224019227,45.77217276012781,33.39012301585296
M9,87.07804363903573,7.4605381475237795,5.461418213440494
M1,33.020820537763676,36.35182161001043,30.627357852225884
M2,65.12289299389315,20.21072840422564,14.666378601881213
M3,11.890032471748563,70.50310389976954,17.60686362848189
M4,23.232839969058393,21.789313759841843,54.977846271099764
M5,51.87991807129636,30.170325880997705,17.949756047705936
M6,27.18156046365628,41.46773583253867,31.350703703805046
M8,11.992988616829244,5.741035653393198,82.26597572977755
M1,30.939520683420398,37.34937654036214,31.711102776217466
M2,66.80266552488901,17.13537992983201,16.061954545278983
M3,8.105731392116306,73.24051995149485,18.653748656388842
M4,19.83828487636962,22.902736072079378,57.25897905155101
M5,41.84001553295096,37.255566388876126,20.904418078172917
M6,22.53171547388899,44.816842202503764,32.65144232360724
M7,38.979925231569034,60.50651162195781,0.5135631464731532
