2.526950988337224313e+00
4.484739466466247215e+00
4.091779332996178020e+00
6.011315800619989602e+00
3.821948479020818468e+00
3.449660049003523454e+01
2.436336136549118070e+00
8.132642515785995840e+00
4.236761348398256466e+00
9.663971344323728729e+00
4.766603476581906307e+00
3.535034855469572079e+01
2.569485914670808224e+00
2.526548510980845208e+00
4.091249499511154575e+00
6.041268265314225339e+00
3.821859583026441243e+00
3.446354116236727094e+01
2.772644114207802435e+00
2.206772236748240967e+00
6.315252303004701417e+00
9.139299967867431818e+00
3.126887825521175390e+00
3.537751284749590752e+01
2.772313347419100182e+00
2.612050481739785823e+00
6.313523665299496379e+00
4.505741415631073998e+00
2.078560902186776804e+00
3.620689905199536440e+01
2.210701571982428337e+00
2.025832313000468954e+00
5.869560385959136539e+00
3.697038706141763331e+00
8.987079663121457784e+00
3.542316747190782422e+01
2.773741874380247996e+00
2.511873893708921113e+00
6.308308673044158432e+00
2.234555233003950203e+00
9.139836255126471798e+00
3.707634944821768475e+00
4.252881160763439361e+00
5.935127161823346320e+00
3.635212740855853664e+00
9.129552923529805852e+00
6.110489923431458692e+00
3.389382152235213397e+01
2.577235256673398478e+00
1.843570426983584865e+00
3.376633347365673554e+00
5.879350193043713979e+00
4.170013883422949874e+00
3.317117387557402708e+01
2.842576338499897215e+00
2.051275289347638253e+00
5.874909068548212154e+00
3.668434574106578250e+00
3.938784569859601792e+00
3.535099620883389804e+01
2.940888809168011875e+00
1.469573293673093417e+00
4.054326916614019005e+00
4.137127759808710614e+00
4.010683209738185262e+00
3.538508707313047097e+01
1.839669253465200827e+00
1.306348281908569220e+00
4.074553649562552948e+00
1.290452482385186839e+00
6.511418546260376417e+00
3.400312178495051540e+01
3.010280466458605364e+00
2.526762489796524846e+00
4.484455527259274987e+00
4.350664426272231822e+00
5.992942784359620134e+00
3.821982033947577406e+00
1.129803958868969005e+00
2.369620335453210824e+00
2.709883498888146391e+00
8.903588510128313871e+00
5.533366290063855608e+00
3.744673995240379138e+00
3.332101028413016475e-01
2.405258280874404075e+00
5.782337230936509087e+00
6.482020111471999080e+00
3.384179742244308731e+00
3.434885623644020569e+01
1.817330084396558076e+00
2.526102343411211759e+00
3.898699269048098159e+00
3.730409917720479029e+00
4.684093048717822505e+00
3.535715988436761137e+01
1.481840131572113917e+00
1.852319151013354315e+00
5.368713960568165078e+00
3.919552415119511579e-01
3.616170008628718069e+00
3.152639405258638661e+01
2.989513380405917076e-01
2.612729976296794376e+00
5.940165246449141456e+00
3.637988020934221023e+00
6.001280436346509539e+00
1.702010094479264213e+00
1.520297869360377474e+00
3.403173908881562681e-01
5.456299909068330400e+00
8.663587355490451003e+00
3.339730514490057089e+00
4.508826492614693926e+00
1.364206944519046560e+00
2.016913099000662957e+00
8.722655826788496825e-01
3.431630680617980378e+00
3.665883337544336484e+00
4.000866070059449164e+00
1.822855650101197655e+00
6.765843029135893971e-01
6.102165615372143748e-01
1.114233455413170759e+00
5.947848402697617054e+00
5.343582712549142855e+00
1.644931490519773165e+00
3.234977759075016390e+00
2.202319580500253782e+00
3.867212747336765233e+00
1.590806992162037803e+00
1.740550777480023070e+00
2.607981694146616736e+00
8.436498033286868869e-01
2.865027205468047899e+00
3.920096924512574077e+00
3.161077318023975291e+00
3.552360311241634605e+01
2.273525464471758184e+00
7.313611359284392099e-01
5.137546415628690966e-01
5.632287802473618932e+00
8.355772561309551705e+00
4.065753711321161035e+00
2.615259383368170543e+00
2.299433043315200820e+00
2.849514659757668600e+00
5.731757797390059750e+00
4.164358138162090661e+00
3.734670210813602065e+00
1.378723077419776954e+00
9.018262353397391573e-01
1.744646522581878800e+00
5.749108408121819558e+00
4.142506039150883335e-01
4.161383149146170801e+00
1.632714436518322598e+00
2.209468581604228543e+00
1.275589383586179792e+00
5.863567483905097077e+00
1.726552083480157762e+00
1.700984913141604382e+00
2.668350868192307601e+00
8.994801468891857610e-01
1.457498669539082359e+00
3.973996574425644468e+00
1.256261358045937415e+00
4.178038836044996707e+00
9.543296580809274010e-01
8.294330272494931933e+00
4.091355326782974089e+00
6.013520035159074517e+00
4.820321412820438134e+00
3.407953880828608817e+01
1.334408451087999881e+00
1.425897238514735932e+00
3.870464412472387039e+00
6.000662770720083472e+00
4.200223561767271185e+00
3.345199305565564174e+01
6.334895941147268283e-01
2.526585221363703226e+00
4.484467706115862207e+00
9.194795887536370671e+00
3.990255860197351012e+00
3.409128110974838677e+01
9.440562833236683105e-01
2.531107804201828682e+00
4.228612429271901618e+00
4.414374997176413906e+00
3.822627940664511836e+00
3.419966075206902900e+01
8.621654137004171048e-01
2.526751703062819043e+00
4.225298940891394572e+00
4.091470208817128196e+00
9.194896056616995494e+00
3.403162347146945876e+01
6.213815415583981983e-01
2.539084321145006928e+00
4.414081161150438248e+00
4.422875515531093704e+00
3.607796949342930493e+00
3.823939306690417705e+00
2.624764616477442303e+00
1.262757863469159192e+00
2.587995432496271064e+00
5.984323269264721468e+00
4.072314905691815312e+00
3.974151665151223867e+00
1.086567417960516480e+00
2.670724935755136809e+00
4.075600625357925111e+00
6.051903931590257635e+00
3.360349618808167182e+00
3.531222673034599069e+01
9.497696405593364366e-01
2.550953445224271032e+00
6.253325873656309319e+00
4.090454379387542083e+00
4.820287859338274750e+00
3.403686624843634689e+01
1.235356467702463990e+00
2.614013205970641796e+00
5.942381247510817310e+00
3.641750940041523332e+00
6.654163074201392192e+00
4.224225482962101097e+00
5.944247595634047920e-01
2.449134104833916581e+00
4.224788075647592400e+00
4.408999386647887597e+00
4.478021796571399094e+00
4.820281435237101952e+00
9.096402944731897255e-01
1.027276158381833282e+00
1.351286115415452516e+00
6.031817147846996185e+00
3.742548179931878050e+00
4.259036617414321491e+00
1.306768698456361788e+00
7.868035444389036570e-01
1.231066780705087238e+00
1.442730360583273752e+00
4.112108424656668149e+00
3.507869697800138198e+01
8.487881778181526338e-01
3.236185317645540405e+00
2.204576589919985619e+00
3.008634711733861877e+00
6.033104956489682813e+00
3.507793145394026624e+01
1.007023180940748830e+00
2.965307055680681092e+00
2.030096699708948904e+00
3.667077247485598601e+00
9.718954779173694547e+00
4.231937574313838546e+00
9.082322924976841128e-01
2.557757525924499564e+00
1.704288612531508873e+00
4.403995630725543897e+00
6.115990769585530451e+00
3.539622855810223712e+01
1.303209453980912258e+00
7.286417103104897430e-01
4.310244408451126219e+00
3.243074182486990420e+00
8.350607197713667773e+00
4.268412972352783719e+00
8.688362181030910847e-01
2.779745324327734579e+00
2.526555184153389977e+00
4.403683392452325762e+00
6.046024566690396007e+00
1.767017996277346681e+00
7.601623703612977456e-01
6.549949835185474578e-01
1.303699168519794283e+00
3.992757072615648273e+00
1.177820613994195353e+00
3.529418356896783138e+01
3.007475324519182092e+00
2.564567969302801398e+00
2.529218064319744830e+00
4.486486666944204948e+00
4.061506783049007474e+00
1.767768666583258153e+00
6.145359253061167815e-01
2.449705050801650685e+00
1.704713731415092637e+00
4.225818495818628229e+00
1.528109140937256027e+00
4.821839395140148810e+00
1.376185898876592262e+00
1.875606608120949703e+00
3.516948055098225723e-01
5.981370752171014438e+00
8.212657326827148552e-01
3.153369614362404150e+01
9.222976362893765545e-01
1.561761806377007789e+00
2.031703196783590126e+00
4.762971281806968271e+00
4.155038680786166339e+00
3.136294144723406774e+01
9.524863401581361577e-01
2.427131750048145964e+00
2.067486338459371353e+00
3.008182875021342628e+00
4.158893646641477204e+00
3.149911655394395282e+01
9.420133246662393267e-01
2.428701344790709982e+00
3.844529540184753902e+00
3.802941345669002549e-01
6.570852357401901322e+00
3.130616673373575409e+01
5.923977117608032472e-01
2.320905733345437483e+00
1.941878861283869329e+00
4.764235148614517357e-01
2.058290452917757207e+01
5.545953678816495369e+00
6.999260709741198516e-01
2.410520141800135629e+00
8.807760530908599617e-02
6.563147941045429867e+00
3.526997846989488039e-01
3.825041609392872743e+00
3.296902812618931478e-01
2.419126598392371097e+00
3.341048300938709303e-01
6.692030803652831983e-01
4.199598306233315981e+00
3.697035177351591262e+00
1.496687540699719987e+00
2.420438143574993983e+00
1.148732027454120841e+00
6.747251684606965227e-01
3.046596129243649642e+00
4.648167927961680768e+00
1.036930722771681301e+00
1.261807684414493425e+00
8.069178731176028796e-01
3.124026583294413850e+00
2.968162454352778479e+00
3.507458841661142745e+00
7.166055646641164012e-01
1.668137130256602818e+00
5.952256856883290231e-02
3.807697645066552727e+00
4.023424250891559417e+00
4.502062549947861925e+00
1.274678911441569085e+00
2.466995671140145063e+00
1.540262026000798867e+00
3.974885800125038227e+00
3.581514160480223641e+00
3.833031660232042892e+00
7.154199637649085730e-01
2.435223745125169703e+00
1.532265793095713091e+00
2.087853809863775556e+00
3.540765435911077841e+00
4.015229114931024412e+00
1.282709666885194055e+00
2.444918292589621345e+00
2.556073919329786004e-01
2.596200160362533094e+00
2.993628355619828429e+00
3.899447310214470885e+00
5.897917715638621994e-01
3.105779831226592069e+00
7.618993924581852761e-01
2.360220222264179935e+00
3.449215770425207328e+00
4.194304188653142695e+00
6.455736336710131695e-01
1.612663527296424704e+00
1.555980412820910486e+00
4.012221748945820288e+00
3.945824868778657901e-01
3.563958285687705452e+00
1.351506554758162393e+00
2.551618231404536363e+00
3.011632083111899671e+00
3.393137954177511961e+00
9.547742698651072724e-01
4.475186552677029361e+00
7.961173625800211928e-01
1.464380215496200011e+00
3.112456050617275594e+00
3.418119206511628927e-01
5.596791108971685524e+00
3.801107960261191909e+00
1.321903558780277876e+00
1.301239681392567293e+00
1.288120952886061987e+00
3.589746005319180422e-01
4.738308712964957259e+00
4.480654938911539098e+00
1.222231122346587595e+00
1.368424751622311364e+00
2.923523500585238910e+00
3.546140986563036113e-01
5.555480827571575908e+00
5.604262410177263121e+00
1.318182764993546696e+00
1.495435470837425784e+00
2.311585125782483485e-01
5.354651018513390426e+00
1.327561617543873806e+00
3.872405905244544755e+00
1.318291484795111046e+00
2.251312277777496984e+00
2.278986991396649842e-01
4.471780829209037300e+00
5.942561087635696460e+00
3.786423438424225463e+00
6.958534979682973187e-01
1.582694740191292526e+00
4.646523928730085795e-01
4.012698179030099510e+00
3.514779522940473466e+00
4.007418348970443134e+00
1.303462411108874619e+00
1.594603855908643952e+00
4.483805041319731122e-01
4.039969400853919979e+00
3.007814628490938613e+00
3.869590048922779690e+00
1.637877385012397324e+00
1.589507387264639915e+00
1.542327019254695841e+00
3.357774422996536945e+00
7.097264769760774916e-01
4.811476491199404570e+00
1.390185911125428220e+00
1.057406126709944827e+00
1.216928337651644654e+00
3.790896033566790724e+00
2.859588899428378905e+00
6.443799786549959663e+00
3.300345135829201748e+00
2.343560396960269632e+00
3.269570812361116907e+00
2.376729434105158134e+00
5.581366119246983892e+00
4.473764207548680538e+00
3.542286751769812558e-01
1.112655784888185950e+00
3.662653111679195495e-01
1.205670177049341873e+00
3.434797448879807202e+00
3.722905467085531939e+00
1.343683165334861540e+00
1.315329910738197938e+00
3.120313860123174354e+00
2.826591809320435633e+00
5.439299518826627100e+00
3.514583890098606389e+00
2.097379099909145506e+00
3.788016420898534076e+00
2.940509548244603533e+00
3.641089051934860432e+00
1.687428164195158731e+00
3.642135795137665610e+00
1.130890088676683947e+00
1.338889786171328256e+00
1.070653530833492795e+00
2.865896729472917404e+00
3.240680663387962568e-01
3.436916052591451720e+00
9.708191050834406033e-01
1.286685413653621213e+00
6.485088003715672178e-01
1.048376252309644485e+00
1.374470730760080528e+00
1.673818545308004779e+00
1.345168047604886397e+00
2.619213168813760095e+00
1.094706323476245302e+00
4.515789036279805657e+00
2.451475556549028934e+00
4.523358432729790657e+00
7.912441038585882325e-01
1.477528044634604854e+00
7.362415516253500991e-01
9.446106382781565003e-01
1.694449879113041790e+00
4.026752880909968191e+00
1.305523421708329579e+00
2.539725091216362696e+00
7.304769420320754714e-01
6.144710422694241281e+00
1.703073491499824454e+00
1.330768509233706931e+00
1.478705190168302819e+00
7.600218751432539221e-01
1.061512045380066382e+00
2.434134241291042999e-01
2.906384691645195861e+00
1.206849953386623042e+00
1.119074476215864422e+00
1.614387221494316238e+00
2.140435159836779011e+00
5.974658437266064936e+00
4.404510120453228872e+00
3.152543504800358320e+01
1.686031793016702807e+00
1.036939838831600014e+00
1.378825906380853894e+00
6.750924282040109858e+00
3.974030535209462922e+00
3.177107023937994157e+01
1.331571609067874418e+00
1.642965163248793770e-01
3.908191279812617491e+00
6.316307078925771812e+00
4.024475080700992358e+00
4.151754682721208844e+00
1.326172681773940099e+00
1.504695164364472815e+00
2.251796269020643226e+00
3.006706887454124288e+00
6.026345783526313227e+00
3.260107810789018146e+01
1.151519104174478114e+00
1.617955660059588185e-01
5.043643162097008137e+00
7.859176803032852376e-01
8.590135272074110873e+00
3.525901016722465808e+00
9.921938280999924586e-01
1.430387135894927608e+00
1.992392366008394644e+00
3.012895426310725266e+00
1.339260986092103201e+00
2.458605246018043200e+00
1.484280097070955096e+00
1.388593254701297353e+00
6.883480274235674878e-01
7.046167557345111021e+00
3.913430905219229317e+00
3.593087024011691000e+00
1.260943473014978222e+00
1.852726237556620248e+00
5.371934531680455649e+00
8.686274785800417675e+00
8.812215280512774029e-01
3.150815748945119665e+01
1.711905011185879344e+00
2.347178220256013415e+00
4.502295011137939618e+00
4.258708479635600952e+00
4.210765247175861425e+00
3.349423921693605166e+01
8.905794777053088751e-01
1.890457158392036208e+00
6.041988539777435996e+00
2.316178775379948096e+00
5.976133796345322935e+00
3.437364053195741231e+00
1.654430517303272952e+00
1.500717835876749007e+00
2.807989194615989614e+00
2.632436955972773607e+00
7.551505029232809640e+00
4.630041907026007486e+00
2.156883478959040534e+00
1.097293597117487307e+00
7.446116831161665450e-01
5.952120254027694735e+00
3.852924722819205616e+00
7.009170601596729000e+00
1.804525526373479183e+00
1.091884695595466637e+00
2.591219859612579057e+00
1.051345665961126885e+00
3.855993084917263669e+00
3.595584957460793873e+00
5.770798693993910433e-01
7.851779647657129990e-01
1.009840537786151460e+00
1.368531760910007167e+00
6.614787549928024646e+00
3.529896651529830454e+00
6.520703336881155110e-01
1.099636314127402814e+00
2.606524988759952866e+00
1.021788880140310996e+00
6.967752788565186428e+00
5.508109280691509291e+00
1.038960486953911300e+00
5.686978065357118917e-01
2.742191542598684695e+00
4.048948504060746245e+00
3.294951487438685600e+00
4.022609112569257128e+00
7.756082570182721847e-01
5.028232509142315232e-01
2.742776903635556263e+00
4.048860314654423753e+00
8.424788575707092164e+00
2.790584989403821492e+00
7.124287665844709627e-01
4.395784269235652464e-01
2.998861613853378572e-01
4.052438573570292135e+00
3.314582503901080113e+00
2.435144148750754578e+00
1.192319136059599716e+00
7.407121227688525655e-01
2.792890840512545769e-01
3.717198292870383280e+00
9.359659750964558489e-01
5.501567372816531076e+00
7.009073930398912466e-01
3.179727417024338365e+00
2.096832676993756195e+00
6.548198971120247514e+00
2.011925558579690687e+00
2.329116378274786570e+00
1.038837624592465092e+00
2.141302143471637720e+00
4.616364957332687591e-01
3.233305216778524116e+00
1.615801763804682878e+00
6.184485021804099425e+00
2.183251436460051931e+00
2.401038013351904699e+00
4.777787271036023076e-01
5.221933635188643841e+00
5.586112094194736422e+00
3.718957009088464272e+00
1.099260721851288425e+00
2.358200479992945464e+00
3.675127385659301638e+00
5.961996004945405936e+00
1.307155611329865907e+00
3.120859920207050209e+01
3.565025608495650200e+00
2.953300631568544499e-01
8.766712006703194504e-01
2.145208743285105246e+00
6.132737073686546303e+00
5.031858715266870341e+00
7.771297255428896156e-01
2.037093332118190769e+00
3.219380255777176902e+00
2.338558934369876052e+00
6.454612962295104062e+00
3.446770828479684301e+00
2.245276463655609067e+00
1.370722115196883806e+00
5.532324342718708543e+00
2.759969734477758951e+00
4.334248739271196804e+00
5.287855316690316165e+00
1.924008522335924454e+00
2.718330737451442491e+00
2.296197585477931735e+00
2.379457904492845000e+00
5.520629899448553424e+00
3.544965991510595327e+00
1.836372084527281290e+00
3.110694066197435159e+00
2.449535244008060886e+00
1.443919234143099972e+00
5.491369715032322851e+00
4.161514068020608192e+00
1.582067933880129118e+00
3.200179278484598822e+00
1.537618080947728005e+00
6.949348230045112595e-01
6.545956286752748099e+00
3.336218693710074401e+00
2.192955850790854644e+00
1.267653853122225671e+00
1.218765619030745428e+00
1.637181174648039361e+00
2.892626185920750714e+00
2.049003070579514585e+00
1.053990439294494763e+00
1.473801923759186394e+00
2.761348431941972881e-01
1.932110550281056049e+00
3.553799152705273912e+00
3.934615236452657872e+00
1.160100426199427659e+00
2.104329455329359888e+00
1.939342240611807711e-01
4.563438027540151154e+00
6.308506335292367595e+00
3.944129054965266779e+00
3.333333333333357018e-01
1.474602152602720651e+00
1.348675665944957247e+00
1.934338431875197273e+00
2.054750767916920395e+01
1.371245435424495396e+00
9.260254133379272057e-01
2.211282845788709039e+00
7.086094463707416358e-01
3.246800469866188532e+00
1.651982987563864524e+00
3.509433634486249787e+00
1.473297351731919891e+00
2.269638161452218750e+00
7.502355354481338168e-01
1.046154769144692409e+00
1.418738625036742862e+00
6.533258384901046156e-01
1.263361417168721745e+00
1.226392809618127133e+00
6.954760136348525634e-01
2.322271919211996050e+00
1.750095105868534118e+00
6.114976153434931838e+00
2.268914353864879274e+00
2.823486317945965940e+00
2.554934845720168823e+00
4.052420505413105722e+00
5.586434874858093202e+00
4.392464281213782407e+00
2.299394179276175176e+00
2.935015124513796980e+00
2.121706746196327487e+00
1.324567337649199317e+00
5.568395065888050333e+00
3.830113465602239753e+00
2.291487789298301436e+00
1.839777419659840874e+00
2.646361901724394894e+00
7.009080654652800613e-01
2.655094410938412253e+00
3.729123362205372327e+00
1.836811907474446004e+00
1.820164815810821013e+00
2.554339487714499146e+00
1.153774037657773421e+00
2.603280053105939018e+00
1.865641950331185794e-01
2.433820259069278791e+00
1.989203554339914248e+00
2.157674237225364777e+00
2.270488522396097775e+00
3.952393125553461228e+00
3.701619500423227294e+00
1.324521148118255498e+00
8.856776663647956127e-01
3.769776934259994050e-02
4.561830222602889506e+00
4.158889589225259975e+00
3.446673090711129372e+00
1.414541199163004137e+00
1.639403350832327577e+00
3.415174035890828463e+00
5.811716676513078994e+00
3.074987872111660803e+00
1.031586498769513582e+00
5.565151114000906896e-01
7.954502470273130399e-01
3.481830617829875796e-01
5.838145372531432287e+00
2.154077647117389915e+00
3.455569140521126403e+00
2.139706989379121183e+00
3.336713995784720055e+00
2.614668598651152198e+00
5.329391705783231181e+00
2.009355376692283812e+00
5.968738334778080024e+00
7.726270932286803950e-01
1.959354394337870842e+00
1.889569438224230735e+00
4.560519384755867378e+00
1.865936320363061895e+00
5.703442295737372270e+00
2.398938529135087094e+00
2.027421709731349164e+00
2.605865102970597036e+00
2.203330507721886988e+00
1.243391083882798398e+00
3.551717473927455071e+00
2.236356677415699323e+00
1.666162739702275575e+00
3.508162689093533348e+00
3.140866253387353257e+00
2.924838819534122170e+00
3.463796408573111218e+00
1.125842575222160802e+00
2.176138435740064825e+00
1.528370206333959258e+00
1.028120982687452001e+00
2.148134102356470621e+01
3.383817479012198870e+00
2.311681561982780408e+00
3.113690732995272104e+00
1.679613797960410437e+00
3.666550994754762538e+00
1.935426406331615112e+00
3.294163428623070100e+00
1.241636493943178321e+00
1.954866013308219408e+00
6.773351899615628335e-01
2.591615982219186431e+00
1.443731587391397397e+00
5.490533440454922420e+00
1.510049066101458948e+00
2.057725559651542913e+00
1.745971445681681500e+00
3.695383789546378583e+00
1.745437050726261985e+00
2.319965131794993418e+00
9.075045129772334462e-01
7.795908960047768232e-01
4.673445925218125296e+00
3.488897486965640837e-01
1.550076518837826711e+00
3.333433399216989557e+00
5.005829444287736019e-01
1.263046578629155148e+00
2.872411060356823587e+00
9.807116300219812510e-01
2.487997135962467521e+00
1.070121488126879683e+00
1.028575936583326467e+00
2.187860780269100136e+00
9.521705669598171662e-01
7.020413004526346867e-01
3.223831862337435350e+00
5.927165249302094985e+00
1.213362747188675428e+00
1.220798792517880926e+00
7.681162683234923350e-01
4.305499277411954040e+00
5.184320569942982182e+00
2.094338238105606820e+00
2.080869949590509638e+00
1.868613945340835469e+00
1.161864189443652551e+00
9.958807547719040087e+00
4.003653083844882055e+00
6.082996183076518015e+00
2.308894722734121441e+00
1.387142925686736250e+00
4.717109788897270839e+00
4.181371331676176695e+00
4.130695874245215116e+00
4.233122085583500116e+00
3.333333333333309834e-01
1.906028487039080233e+00
2.279364322491925776e+00
2.749698561879351022e+00
5.003790689519594714e+00
6.922935417574810124e+00
1.326954455941833144e+00
8.644083200202127282e-01
1.945709824347794381e+00
2.846130720822349414e+00
8.947895842421489832e+00
3.116714938882017805e+01
3.570558826224981885e+00
2.002124866516039159e+00
6.083035427599337019e+00
2.142402067687896761e+00
5.263772735841617312e+00
3.347619181825767787e-01
1.986133693153159241e+00
8.914261761941114637e-01
2.866331973134386146e+00
5.958474755238664322e+00
3.916848941959123920e+00
4.300424556638063223e+00
1.608161321156120094e+00
8.922802369085047758e-01
7.293373417244500834e-01
2.563553131993368428e+00
3.896998049020499622e+00
3.551678493983455809e+00
1.781001214994451631e+00
5.234304992790536071e-01
9.483449029016052245e-01
1.321477538344656866e+00
2.943745822733558892e+00
3.542507851452739942e+00
1.711370454182990386e+00
8.574205465323814224e-01
5.380514369219445703e-01
2.546707584883625142e+00
7.582007783939407553e+00
3.919965216232439875e+00
1.476667449249293496e+00
9.961100830268208028e-01
5.896743034142796352e-02
2.050603236665504259e+00
3.993471950229654510e+00
4.963386900243631494e+00
1.474736094172634182e+00
8.658298887711831648e-01
2.479564716580095196e-01
1.976396853617129468e+00
4.877183028153736721e+00
3.784848814465656464e+00
2.154370038402580345e+00
9.252589424710701005e-01
8.123534406045370693e-01
3.618021496492693334e+00
2.934644668526328104e+00
3.945856896083377308e+00
1.487430609855294961e+00
2.254668427528561947e-01
5.204030914038119127e-01
1.440714279300050693e+00
1.211668353533198683e+00
3.475312123057221925e+00
3.505348112489883761e+00
2.159291044164276752e+00
1.831442732311581834e+00
9.439325556654504235e-01
3.588003600534155790e+00
5.764674502627816999e+00
1.330354893620857126e+00
3.125081218067198852e-01
5.330429895832532461e-01
2.243797591030975980e+00
1.218732686837896040e+00
1.316775389150856901e+00
2.171982027354369738e+00
1.406893474116643006e+00
2.320274956433284075e+00
5.933438498115350512e+00
1.826091144058927140e+00
6.025765622660352427e+00
2.084396082484673229e+00
1.766658026456061181e+00
2.783228830665651632e+00
3.264944682744271631e+00
3.991962456360317102e+00
6.054844528068684895e+00
1.602546934053992400e+00
1.042056854796375776e+00
1.376622268806970029e+00
3.535748616663123012e-01
2.944270561371960415e+00
4.382455506242326493e+00
1.786607916392083384e+00
1.835749662139098293e+00
1.914594723926500874e+00
2.047118288683047016e+00
2.541089444697247401e+00
1.790154284373765281e-01
1.851827767396673208e+00
1.464899210824768261e+00
1.488781816057294094e+00
3.779737663035511730e-01
4.009591439412165670e+00
3.698745321262074892e+00
3.032677534091860139e+00
1.331630238600913119e+00
1.202082322445253482e+00
2.008860354902991308e+00
3.397893054675769520e+00
3.657711668016037532e+00
1.429386574601811732e+00
1.432634214451534715e+00
3.438642066248076556e+00
2.812354164575245452e+00
1.907997620814515072e+00
3.529364003233884883e+00
1.498733802831180073e+00
1.325206683501003679e+00
1.206233856216494926e+00
6.203068798321851318e-01
2.533366785029973922e+00
9.274040485924034627e+00
2.143982958907029168e+00
2.890064883134037643e+00
2.475457786996874798e+00
1.363340234966014863e+00
3.514822794387711724e+00
5.264563896424998113e+00
1.423199802973527994e+00
1.323751387620617948e+00
1.450934910932738520e+00
5.832502286807155656e+00
3.642555619447591653e-01
7.210796143991029972e+00
1.618680305198083147e+00
1.069163556094480327e+00
1.337258754699093943e+00
2.899585095241135946e+00
3.948769537832227172e+00
4.387210552710704370e+00
2.955137142018581020e+00
8.126951542451100741e-01
3.905050806358115523e+00
3.876561837380450015e+00
5.962788879456617508e+00
3.541600032557909561e+00
1.555119005797370280e+00
1.143680369338625269e+00
1.295534211902694466e+00
3.914579189594012409e-01
4.385682293964992873e+00
3.435919233620078561e+00
2.214602347087891498e+00
3.552229873982533093e-01
1.016568145017753722e+00
4.290982488514312188e+00
1.569161100300216161e+00
3.615583764030334546e+00
1.669698380048219688e+00
1.074334430014952657e+00
1.343288070236736020e+00
9.571414551839533269e-01
2.524844767573147575e+00
4.062419154002062105e-01
6.963908775146308017e-01
8.122881105702409732e-01
1.103110152476322270e+00
8.312656099543124233e-01
9.992683884084575530e-01
4.462496608389311170e+00
3.275125604805381840e+00
1.340625321031995609e+00
1.487128414012895972e+00
5.052704174454518693e-01
2.870908928723829856e+00
2.368570847937471857e+00
1.454386054634539960e+00
1.400015794469245067e+00
1.397598301150865696e+00
4.385061456193544704e-01
2.788885443449903079e+00
3.493120711639676301e+00
1.451196521744587242e+00
1.403843350527798295e+00
1.400200912932075825e+00
4.427031705644282056e-01
4.619250278394293474e+00
3.354287221055838319e+00
1.706582379489811840e+00
8.615137755324914215e-01
1.156714930850699430e+00
8.044853985208177960e-01
2.710539545741308842e+00
7.818450734631596788e-01
3.559218082681281370e+00
2.482980418222174190e+00
5.437742645200644098e+00
3.069645359790861949e+00
5.587325780254122520e+00
1.416736943366853119e+01
3.613547007487194040e+00
2.687479469352155093e+00
2.301494975028097745e+00
6.297928933489297387e-01
6.716667617421888670e-01
1.414500978117277441e+01
2.284561507932968194e+00
1.592042528096357046e+00
1.798122960887422295e+00
3.889844235136479256e-01
6.591928098563944793e+00
3.582979618375826902e+00
3.612514247764254893e+00
2.687467882686652043e+00
1.179641250127919649e+00
6.366330139789179166e-01
3.295350682906720952e+00
8.179089012103398781e-01
2.393679395365202023e+00
1.418215763921618189e+00
7.822373859628726223e-01
2.592375863896138721e+00
5.568780895611619819e+00
4.977903791305097414e+00
3.614352671024183561e+00
1.756974570564485250e+00
2.369199510151987820e+00
1.530910768582791404e+00
5.544250617899629141e+00
3.682147373206969387e+00
3.842846928438670151e+00
3.940145389825706612e+00
4.455556742782983970e-01
2.804349744516695608e+00
4.685849694061573700e+00
5.716752506464023220e+00
2.019088941901875156e+00
3.379407848657299152e+00
1.268923901250264663e+00
2.466680761176033965e+00
1.142663633010703395e+00
1.179769394034355878e+00
4.055641852381536516e+00
3.943122742720381435e+00
1.607752938874104087e+00
2.282482965876455605e+00
3.809050476070728219e+00
2.309994729943885827e-01
3.704111202370095501e+00
2.501160374088167604e+00
5.690474921102929962e+00
1.389865200468666018e+00
2.251131869673713481e+00
3.258526390619449042e+00
3.682149834093792151e+00
1.786824704210857817e+00
2.367786179236674560e+00
1.196647369446533160e+00
9.116972538877673449e-01
3.761610419358354829e+00
2.385978145086208091e+00
7.958502561616237481e-01
2.055884031089164399e+00
3.686467355266420665e+00
3.657299449110127387e+00
4.066681340781837406e+00
1.818881142804405160e+00
1.931686429190840215e+00
9.462868901230022667e-01
3.144476403659391739e+00
3.108436251279747875e+00
3.728224034947871246e-01
2.402635106861536141e+00
4.760873831866779149e+00
2.223188666825178128e+00
1.587855409656886652e+00
2.103574126290396862e+00
3.251379434953207692e+00
1.727780137249145698e+00
9.348095388371705505e-01
2.027874207127172479e+00
3.674458899618954888e+00
1.800752335780022806e+00
5.458263446933479202e+00
1.629909340705380627e+00
3.297638129663295725e+00
1.789698787295301186e+00
1.587269804340204926e+00
2.707817107974278770e+00
2.652609550336070487e+00
6.090260833754356895e+00
2.802146885089607853e+00
2.245837417625502486e+00
1.309518175400611995e+00
2.786003861624756439e+00
5.094129183273357953e+00
4.989480918557106293e+00
2.506438186758456421e+00
2.313243445857846137e+00
7.670144198969429672e-01
3.632618763826977126e+00
2.748458578201644631e+00
6.089632774839515150e+00
2.603919433098861536e+00
5.652845994062222879e+00
7.647960057077890506e-01
2.785946076798033744e+00
5.601609231731836225e+00
4.365029211152399391e+00
3.025023419107609524e+00
3.672482349041965577e+00
3.200648735154653313e+00
3.550281266708443351e+00
3.319942795196022534e+00
3.564859087334094401e+00
1.811058396328573794e+00
2.471797636625325367e+00
2.693968845970422965e+00
5.578469381371665925e+00
1.406123593085942503e+01
2.407668587863005083e+00
1.485883679482408182e+00
1.834247635248714259e+00
2.436379190762786973e+00
4.228210297753691727e+00
3.586013088968739826e+00
2.602116798023923483e+00
1.950851255161154540e+00
1.851483766294119704e+00
2.606693647585197393e+00
3.262940719219025620e+00
3.970403636621715915e+00
2.634167972095033061e+00
2.772853467127359917e+00
2.116931227435601581e+00
4.137248283293099682e+00
1.593230860979398811e+00
3.351490947900469308e+00
3.553227396891093459e+00
2.656301653896340209e+00
2.201524071101649493e+00
2.116875520931973398e+00
6.065263141783958645e-01
5.625106872952584602e+00
2.081297103072879739e+00
1.627186038400258328e+00
1.841017336921095593e+00
2.874302348036952282e+00
7.121657766677221835e-01
4.083744849934684673e+00
3.212822688561099316e+00
1.457943589208987589e+00
2.098750352321179236e+00
1.934314964158258876e+00
3.741951999852119570e+00
3.626050002407890549e+00
3.703636547388095668e+00
2.480222345988513322e+00
1.189776516977286702e+00
1.545922669415648043e+00
1.660691945253128354e+00
4.104242673793133456e+00
3.255784522338752485e+00
1.394037945838671133e+00
1.806896675569561905e+00
2.501486772414970972e+00
3.856059134733667459e+00
4.191270098838582037e+00
3.038765245757195199e+00
1.911086247435643370e+00
2.063999666964614566e+00
2.553760799645770074e+00
7.385675968756236776e-01
3.319712839065308008e-01
2.861805646738746933e+00
2.559655208261339965e+00
2.314447849390592449e+00
3.453155614785508476e+00
1.984600451547677835e+00
3.406299397631774806e+00
1.851679341734322692e+00
2.154546201014551965e+00
2.134558177812624802e+00
1.968330760892560649e+00
3.393324954923755854e+00
3.694067127041627430e+00
2.873103514418154703e+00
1.526085105454733082e+00
1.483373002425661058e+00
4.536838541661289526e+00
1.819066074098823149e+00
2.608984242348696636e+00
3.149398857852387490e+00
3.093972990009881130e+00
2.022873737802941108e+00
3.170627841336115083e+00
4.800774749352275883e+00
3.462605344591921153e+00
6.411012380674577571e+00
2.507857797198516092e+00
4.425243302946388901e+00
6.147731780565847792e+00
3.209391822410002870e+00
4.206327006097744459e+00
