4.137405648976101524e+00
1.600700758629213638e+01
1.097084386487282792e+01
1.318101440561932236e+01
1.828469898632150503e+01
1.762333660503001909e+01
1.286870167846780362e+02
2.060845486823239128e+02
1.189561636763470318e+02
5.505729655640482001e+00
9.531041693257352065e+00
1.373107883319033995e+01
9.005664415436543280e+00
2.943936908037701983e+01
1.591601963232498917e+01
1.261198234712599628e+02
2.083789952406062582e+02
1.252026037542271553e+02
1.779799118719452267e+01
2.229792229744271381e+01
2.273116017959003088e+01
6.794102420211689086e+00
2.841387900677423417e+01
1.753146480301415266e+01
1.347165519188600626e+02
2.325654226320326856e+01
6.981095203124622728e+00
7.017672615457968277e+00
1.134643820214949983e+01
8.851671544571223649e+01
5.347605610351479299e+00
1.596867237946763396e+01
1.472938219762726320e+01
4.313885082684962669e+01
3.037301929908607789e+01
1.959434067110195343e+01
1.287166683518763932e+01
3.150736437499418230e+01
2.861190249097271021e+01
6.470584792780470273e+00
1.744433029973372484e+01
9.071704408874165182e+00
3.790729485576664359e+01
2.712265324386351608e+02
9.623479577876756252e+01
1.143121807719243144e+01
5.619011925267358976e+01
1.313741416618997881e+01
9.194038983961585032e+00
1.659497270390835766e+01
3.081196148565062298e+00
4.195739025888023122e+01
6.295329057348066470e+01
1.599445515313883881e+01
1.049426163203973594e+01
3.710631352407396122e+01
2.652120129077468746e+01
2.051875606832274102e+01
2.799557679905639773e+01
1.076580948719401398e+01
4.931741431263173325e+01
2.611197947282692766e+01
3.632928973444011689e+01
4.611963169583751920e+01
8.999079984421615563e+01
4.979027049702501273e+01
3.565063334064626588e+01
5.305893045994296386e+01
4.290787575462098147e+01
5.632831517238973618e+01
8.083304141138522425e+01
3.197319165823182630e+01
9.098227752424713799e+01
1.192774877817604988e+02
6.495509734842018190e+01
1.085902296654411430e+02
9.412442821644883395e+01
8.049564619064157966e+01
6.542739560637856755e+01
8.886300931512944601e+01
5.196454286913827048e+01
1.695424880292354430e+01
3.436393647138224594e+01
1.971979759406392319e+01
6.430996646028484065e+01
4.019155340673015786e+01
2.620259810347674190e+01
3.450642336997498916e+01
4.681020883192513793e+01
8.162999829334710000e+01
