7.069298770947605171e+00
8.450021381671392362e+01
4.903684986107555943e+01
1.097245249255961710e+02
9.032628054695823749e+00
8.105209447077540119e+01
1.059732412017171832e+01
3.967305662435850699e+00
2.225892386948029866e+01
4.088672997438113299e+00
5.146460861132155173e+01
1.098653061483376234e+02
1.861106292191621492e+01
2.347273491623349972e+00
4.723392099923098186e+01
2.944769674998453990e+00
2.225832111914124667e+01
1.102861865563131794e+01
1.271532358239822571e+02
3.136758624506451198e+01
4.643714535865172799e+00
4.324324859142163291e+01
9.343450845027795992e+00
5.058115443544169310e+00
2.487583538606151112e+00
5.226032371473502414e-01
2.584869840341571390e+01
2.526085492017257650e+01
2.203126549655804123e+00
1.546116005882044675e+00
4.661203945872109244e+01
5.988710686387380022e+00
1.969661683179040779e+00
1.530427115177209973e+00
2.172191674274789364e+02
2.525713187901737555e+01
2.663046042450009754e+00
1.465172279942266442e+01
1.975430420084252248e+01
1.165275026167741146e+02
2.003613263578212234e+00
1.960679664636633390e+01
7.824320414161486781e+01
1.186312783436269171e+02
3.585105511835481096e+00
1.542770309733760747e+01
4.598073623994469727e+01
2.641457269447878886e+01
6.109056832513538815e+00
2.221884476868695302e+01
2.883209444584754699e+00
5.550917436554977158e+00
3.729225296567976411e+00
1.009049827846487979e+01
1.121302695119463166e+01
2.268935187728412828e+01
8.796534728744836329e+00
1.545093886334890065e+01
2.845267435412899282e+00
4.615458721033033385e+01
1.420803497685151662e+01
1.213594706341433920e+02
4.712353850578998760e+01
4.127302538841222557e+00
1.635719799116171558e+01
5.865235095088252137e+00
2.440135576596122746e+01
2.875559861560196495e+00
1.639149759247168348e+01
2.563193675632737367e+00
7.769296785075852085e+01
4.865639006015828549e+00
4.226472195948386634e+00
3.095254421633437225e+00
1.569414914397362715e+01
4.645535860161435160e+00
4.676745474656254231e+00
1.488831560175189139e+01
2.011926641208388489e+01
5.393380655952471514e+00
4.676042251672009264e+00
3.317166951147019205e+01
1.182750472978605103e+02
1.187988735716337914e+02
9.509251605327366796e-01
2.015672945302911145e+01
2.312280155064433984e+02
1.919382662254092864e+01
4.671797680068916492e+00
1.239725318374699725e+01
6.585883372929359769e-01
2.246171038809633203e+01
5.757800434657904809e+00
2.219802045166962046e+01
1.103965895073104164e+01
1.683582399176847844e+01
6.171177610565763416e+00
2.012661571517488213e+01
6.237727279358826760e-01
2.161751248898154643e+02
5.543592655070109565e+00
1.664909387483546555e+00
1.973778066687536992e+01
4.695657036880026780e+00
2.121026126632773234e+00
2.100026082294216945e+00
4.826744783714942599e+01
5.941942119344764350e+00
1.244137046323411822e+00
1.707171987321321138e+00
4.530428516890003010e+01
2.511934735950426489e+00
1.796293494819513725e+01
1.014189362840461150e+01
3.345109348355805867e+00
1.171329815450145730e+02
1.007431278002926334e+01
7.540538583705171050e+00
6.519763274047389423e+00
3.082083061187504924e+01
1.544405915823749531e+01
2.791343359549600223e+00
4.370724428773094417e+00
1.315555931097216558e+01
4.840359234562634505e+00
2.085818259660729534e+00
2.110251874217473400e+01
1.191267619464916123e+02
1.603253566291617460e+01
2.656290075018446384e+00
2.121295197035551539e+01
5.424015630706850288e+01
4.868641872059753517e+00
2.017093449768814661e+00
1.960064809156653709e+01
1.709514957696096005e+01
1.703321403763886721e+01
9.320454761873349980e+00
2.124641653801749186e+01
1.734412625559668353e+00
6.045725572394270664e+00
1.413358391094721753e+02
2.710521532160415248e+01
1.021492171938351703e+02
4.816149146779377332e+00
2.477162513289731027e+00
4.862054822032689572e+01
1.027652820294112104e+02
1.446623005135543671e+01
2.490537655145165008e+00
1.191732392268066292e+02
2.913721340060518639e+00
1.736798104866240777e+01
7.880682288129489343e+00
2.173062053899123214e+02
3.035694327391290059e+01
1.457010266538263998e+01
1.633291915130775607e+01
2.681555367088362729e+01
1.022148123131087658e+02
1.460682676909389421e+01
1.633527284945365210e+01
1.194571532256076125e+02
2.945358746728111932e+00
1.456138113473041962e+01
1.633766986667263765e+01
3.932248327472983362e+01
2.038076031418036962e+02
1.460188384012941931e+01
1.839084622258670265e+01
6.002368889772649041e+00
2.943973846239518188e+00
1.456220994349978959e+01
1.834869571824060230e+01
7.075098852875148836e+00
2.017997899452984427e+02
2.524704734719646737e+00
1.596231119594380310e+01
7.072896209245640442e+00
3.920273200890367349e+01
9.860002152006016374e+00
2.107593245294583362e+00
4.948101060237715387e+01
5.508179045180886746e+00
9.559327586287704293e+00
1.045364501243300026e+01
1.237556988005032252e+02
5.983403562626257610e+00
9.548927793447333556e+00
3.917393099480291685e+00
2.176977525808065650e+02
2.491842944421841821e+01
7.345303080082686620e+00
2.782326922621420451e+00
4.376861178791803475e+00
6.063352454411466752e+00
6.958758909915523816e+00
3.147388232173293776e+00
5.974899236411263637e+00
1.353426954462209686e+01
1.621073626244029597e+01
3.768192837050456490e+00
4.478486514485608083e+00
4.647719815824731882e+01
8.497072096595427837e+00
4.360862880922273810e-01
1.061045261815175245e+01
3.016230031686671254e+00
1.760004497578750104e+01
6.288090332508396996e-01
1.404703996443467595e+01
1.978525614275321516e+02
6.634717160300983352e+00
2.489267970380838690e+00
9.457450597853878094e+00
7.995844023920746224e+01
1.433497913928352752e+01
8.728573004636308141e+00
1.813810770851559440e+01
6.894534572088454105e+00
7.281021520979766848e+00
1.564261491498487544e+01
2.058706031462414501e+02
3.142005565848389192e+00
1.357272443976318321e+01
1.629519346566862836e+01
3.836871738456416381e+01
1.153755941234916378e+02
1.625896744089134316e+01
1.341634950363277312e+01
2.180510171181816759e+02
1.905619033310970067e+01
1.358208243183020691e+01
1.627947346413999696e+01
2.801315920771624501e+00
2.743492509585345118e+01
9.387195188800371071e+00
1.512807600687636977e+01
4.993533213603050802e-01
2.010819743580836416e+01
5.831462573921548653e+00
1.638743678499756484e+01
2.596241761792507763e+00
3.900737671323832245e+01
1.440026647147738892e+01
1.567897813689801723e+01
1.825783426260883502e+01
2.874210698893881588e+00
1.438052164919754183e+01
1.643839091280150910e+01
1.820542320278670090e+01
1.992063833740908407e+01
1.275694487514530273e+01
1.644996480599152733e+01
1.632048260305156973e+01
3.936340131915621754e+01
5.956360591235667634e+00
1.642906641310311500e+01
2.261161013399823716e+01
2.392558969276079139e+00
1.348269272264854557e+01
1.638466022373489039e+01
1.472081111122330421e+00
3.228114489668052922e+00
9.052660726949916636e+00
1.320249056522106912e+01
1.035220255726705041e+01
1.366783535803818062e+01
9.053695186019002250e+00
1.359086527050863502e+01
2.272762824744806398e+00
1.663102764529741151e+01
1.985289165216949314e+01
1.314134122297027396e+01
3.584895045175076067e+00
3.688221579325362320e+00
3.529575396844724988e+00
6.502074999283855128e+00
2.827549533420421479e+00
1.345143954911285000e+01
3.477349598123245400e+00
4.122360754030533769e+01
1.173168569687908480e+01
2.500624098164830666e+00
3.470660259018448102e+00
9.344306457690746415e-01
1.171713958968560654e+01
3.552770067141357657e+01
2.443484184606779408e+00
9.350830573342530094e-01
6.826403376401495393e+01
5.500001103745325359e+00
6.862393077768522254e+00
5.506489519518120712e-01
9.259094856955876196e+01
2.507278026763645684e+01
3.802387382894968582e+00
1.386335312164022149e+01
1.110278990526178156e+01
3.394806222131033113e+00
3.996856261360355322e+00
1.500082109744914582e+01
1.247157482169944274e+02
5.068547428324978732e+00
5.995271026524940261e+00
1.488013899281487795e+01
4.654164451996688712e+01
6.929804167055291941e+01
3.509353500743115362e+00
9.261061730202673203e+00
8.636768644137436723e+00
3.881098943878692697e+00
3.477284526018472377e+00
1.374357041272502933e+01
8.539183326424732101e+00
2.548296745711855849e+01
3.454456151897652649e+00
1.201838859541030047e+01
8.542327642311077440e+00
2.189999951055692691e+02
3.535725734931139286e+00
7.252156149616418856e-01
4.120101122837054319e+00
5.434365857475750516e+00
7.191052849217506093e+00
2.539250742273790884e+00
1.779693247964746305e+01
5.484700531924350031e+00
7.146325071781493676e+00
8.372886500642531260e-01
2.192202955540320488e+02
2.657550809406630776e+01
7.441754222937318808e+00
2.038749923666495878e+00
1.551323955627446960e+00
5.808417658936054551e+00
1.818190553530342868e+00
3.105695551435575741e+00
5.988941852044437297e+00
4.767245943405623798e+00
1.802587661017820198e+00
3.383087847370997991e+00
3.436171786558300134e+00
1.407893961121997961e+01
3.781489964476352217e+00
2.461949463772104441e+00
1.411149047373084819e+01
4.044203443884603288e+00
6.203811339568921390e+00
8.882411322988552627e-01
7.725464689756987191e+00
3.999852563037735731e+00
6.883918163193079032e+00
2.846909027355839061e+00
7.713778320235959995e+00
2.201906838263013242e+02
6.742793218785471332e+00
2.609768748064162924e+00
1.504951123140112124e+01
8.822492026622757777e+00
5.470360613668897365e+00
1.503065168682781483e+01
2.507454308679032451e+01
1.371998309796826376e+01
7.503163153427692578e+00
1.503142537141103929e+01
2.262726015595609113e+02
2.073938179939274562e+01
5.388823803714060112e+00
1.502762261469620597e+01
4.574463739764014036e+01
2.505078344834759108e+01
7.148387256773816034e+00
1.091993197853814479e+01
5.364552291816025997e-01
5.584757031071924338e+00
1.433060185798019681e+01
1.205896941349453044e+01
5.205372772784392366e-01
2.476931423789584485e+01
5.427575781186860127e+00
1.485000226174710036e+01
5.746648908096632091e-01
4.902594475074598535e+01
3.128140000128708298e+00
9.290768951281435095e-01
1.306085257041297432e+01
3.945998934674528336e+00
3.130348878547947411e+00
1.551052838726126426e+00
1.500978747491653564e+01
4.241859083942823183e+00
3.125818336139524423e+00
9.330192217810524546e-01
2.025614808573135406e+01
2.167179416705565416e+02
3.549963773783156196e+00
1.692596767046414152e+00
3.770906918666228957e+00
8.499848636124326617e+00
4.964520823186187037e+00
1.003709958592058271e+01
1.575716413841887409e+01
5.662107936360408544e+00
7.093364123358692375e+00
1.490693556204408843e+01
1.524379264263550660e+01
4.316135475125241783e+01
7.017940533034299655e+00
9.545952346498660646e+00
1.043271904243651171e+01
4.896818886393867842e+01
4.613481946842927783e+00
1.513217454005770968e+01
1.053019736727209299e+01
7.486492162757086177e+00
3.203389012925233814e+00
6.783901297664317376e+00
1.094166710837556566e+00
1.978875538097268105e+01
3.444125805466282220e+00
9.994611444113571608e+00
4.516047405696458128e+01
4.059024401056158027e+00
7.245485748075824795e+00
9.984338851279963123e+00
4.511493523407474981e+01
4.175134370443124077e+00
5.377816116447917238e+00
1.161157618071072051e+01
4.450994011578348619e+01
4.361129402456461435e+01
2.532211149058630983e+00
1.735343694148562577e+01
8.063149157842305570e+00
5.707323578586738222e+00
5.936493973705673888e+00
9.881566648399610742e+00
5.194767445491758062e-01
2.482023145113436158e+01
7.648418094750554452e+00
7.277800717200979541e+00
2.107425164734166856e+00
4.635371423570617821e+01
3.505841089510985054e+00
1.732100781249335242e+01
7.340753118839285385e+00
5.282094223119987220e+00
3.534082052656806638e+00
1.003487756398928887e+01
7.335916721100304017e+00
2.553361236239066656e+01
3.515917285232923017e+00
2.579916768196274024e+00
1.202845843956996674e+01
2.192476794656328138e+02
3.418668161059510435e+00
9.952924163560089355e+00
9.190609385457578995e+00
8.537176868248856465e+00
1.261523482278633423e+00
9.190789911150551106e+00
2.322906822619959399e+00
6.039357134172457009e+00
2.168933706885187274e+00
1.996929173401206015e+01
4.233314327501228824e+00
8.315418201808190801e+00
1.751853707821151795e+00
8.821254221594795553e+00
3.571184075954718207e+00
1.408378511648988329e+01
1.035500474273811200e+01
8.080446791420817121e+00
4.118279364567356993e+00
5.261044576884491342e+00
3.795555802210066165e+00
1.763460053624838153e+01
1.162258932677884049e+00
1.202945723935256872e+01
5.665250593094196319e+00
9.929255072109938851e+00
1.486086391212349156e+01
5.887948936420915658e+00
5.682604135306132953e+00
9.762620683093087948e+00
1.486147565908876267e+01
4.312791066115382677e+01
7.018296209041806399e+00
1.740980502984603717e+01
1.486032161908291016e+01
4.896729496379603574e+01
9.149794109763021766e+00
9.401007475352509246e+00
1.512928542152597267e+01
8.743863944803598187e-01
4.514106305393837282e+00
1.694151864877915159e+01
1.164243928013156371e+01
1.477050785393462640e+01
7.840747075237000097e+00
1.726983178113502504e+01
1.016568992531649762e+01
1.106335428049492542e+01
4.752408442972106961e+00
3.927418797314710019e+01
1.213215097075027415e+01
9.730418569936736617e+01
4.172489212924905821e+00
3.621114562271054105e+00
1.352413611251482983e+01
9.754187186275986221e+01
5.795681269552968473e+00
2.299510059325385658e+00
3.925908349215602300e+01
9.722387250595591013e+01
4.467309151790701094e+00
3.473339527165212104e+00
1.405108162516017067e+01
2.500260739970422108e+01
1.918628409160129777e+00
1.597701577675041129e+01
2.450505037844459366e+01
1.021398307521005080e+02
1.975023177702619703e+00
1.597800207736215761e+01
3.961706215696168698e+01
2.947178234256529361e+00
1.918397990857470647e+00
1.633442600111824206e+01
7.863933241233469573e+01
2.450457166469520232e+01
2.752865297664995214e+00
1.800858393628572074e+01
6.874285733078648875e+00
2.883296386992234339e+00
2.678892875580176636e+00
1.579031752365537500e+01
2.699653403574842514e+00
1.487677936111365717e+01
2.829284762983586443e+00
1.579768629256249746e+01
2.705875481677090022e+00
4.720915211164481207e+01
4.179646143985755735e+00
3.107905783471741845e+00
1.358694938646651984e+01
4.996872036707426190e+00
4.184828978692411106e+00
2.113122159178358661e+00
6.712364273731823516e+01
3.438585027619012635e+01
4.765944898268233310e+00
2.108638984183681231e+00
4.967242172245369147e+01
2.526753128675185778e+01
4.248250723520976102e+00
3.174899260541705903e+00
5.705336708547322999e+00
5.104203123224143823e+00
3.408911920296516129e+00
8.586749320389664319e+00
4.463873424367264420e+00
4.554865586553936652e+01
4.807742956301637172e+00
2.351239669703000246e+00
4.462694937573435716e+00
4.644117855751586177e+01
2.780525451454810781e+00
6.710529104358041730e-01
1.095886558961523072e+01
2.937803904387258136e+00
4.763278289853219327e+00
3.023339566323758110e+00
7.931195838178695112e+00
1.362512836260690641e+01
3.247062571739249393e+00
2.109971108064760070e+00
1.735161816369295451e+01
3.923655707521609060e+01
3.820618583474308494e+00
8.996874706978251979e+00
1.626081927845411101e+01
4.388501320966137875e+00
5.028435039410435792e+00
4.644914879971848265e+00
2.526004301412567443e+01
6.123501649793086976e+00
6.104396666649544834e+00
3.772050846416327818e+00
4.311836676733336304e+01
5.980407186694868038e+00
5.452257349872172476e+00
3.782166338560198238e+00
2.226374045113290379e+02
2.527316117066670742e+01
4.012821863326075267e+00
5.687666625118093400e+00
3.370929182923482870e+00
6.789655801316410333e+00
5.459657849462558055e+00
3.778880067101207274e+00
6.465589804069954205e+00
1.894859306097108131e+01
4.565252943239779704e+00
9.620526747829858394e+00
3.288524073165145278e+00
4.467079596943720077e+01
3.093837883812054823e+00
1.638462355896105294e+01
1.629206290007053326e+01
2.889223342448099530e+00
4.473935282829735627e+00
1.393664224011280872e+01
1.295095382043125198e+01
2.946929026982385480e+01
3.686032888496688198e+00
1.650578152681870847e+01
1.629075162596520698e+01
3.947846284846364284e+01
1.861562316665722250e+00
1.642277735600633903e+01
1.569800428240805878e+01
4.073099828017319624e+00
4.968093167421982592e+00
9.501720259762000964e+00
1.001046266769879622e+01
1.623973489088477606e+01
5.887615812015436489e+00
1.029926019241919199e+01
3.334322985316282573e+00
1.498588558846672747e+01
6.124182197994138654e+00
9.905809127947707182e+00
2.606595154929721492e+00
2.198541808236235227e+02
4.378612536239089970e+00
9.751951122476420153e+00
1.056879605281404899e+01
3.422829185460377399e+00
4.388302484675365100e+00
1.574862893249149387e+01
1.431781297179902346e+01
1.625979395173042974e+01
6.000853765090103487e+00
1.005342879666371125e+01
1.438765706232937269e+01
7.475320316403736953e+00
3.236806121006732706e+00
8.637491644583795036e+00
3.929942262597347025e+01
9.710233954501642017e+01
3.637236352666064487e+00
7.181747212706824257e+00
3.949672854615554485e+01
2.032431646086105204e+01
3.330786700273548728e+00
1.451965003230833950e+01
4.431664434155095478e+00
4.537915856769348721e+00
3.247114741768810209e+00
8.544743175763146681e+00
3.659773732087656217e+00
1.349978517399226519e+01
3.331323519789126220e+00
6.867014248753477546e+00
4.094572082071191943e+00
6.666584646287999760e+01
2.824846876333138912e+00
7.829292603127963268e+00
1.619064003437149069e+01
2.886358486828110248e+00
2.866610097500446042e+00
5.819588468995643638e+00
1.621023333315505610e+01
2.068268375023711414e+01
1.870166455762011237e+00
5.836804937355924316e+00
1.592974226008696270e+01
1.444297123177195807e+01
2.738077567651560518e+00
5.750013748545622860e+00
1.792977772957636873e+01
6.677952005398341662e+00
9.645947514735427220e+00
6.348785042891947228e+00
5.226097759546045829e+00
8.918618737820709796e+00
6.750277189465265337e+00
8.284074535388972649e+00
3.998855441643140551e+00
1.910541123035712019e+01
3.546966353810320438e+00
8.193768088613834877e+00
1.349734822764588138e+01
7.686320994697851461e+01
4.975629500802778438e+00
1.551582828675591053e+01
1.282607412132383651e+01
7.624617316717059445e+00
3.468630339754717795e+00
1.612784847495791141e+01
2.554328925949932216e+00
1.222746420800287126e+01
7.227237376835439875e+00
1.226375770841461588e+01
6.770412551952889935e+00
4.058377857925011156e+00
5.854983273008934397e+00
1.135326437784983078e+01
6.676395400104947697e+00
1.217762453609938067e+00
6.426569723593239303e+00
9.458936655144963623e+00
3.966384148186968606e+00
8.310968304798866768e+01
5.943256965491585220e+00
1.103219018599241963e+01
3.891625657939261629e+00
6.657766001254799448e+00
1.950957429982334235e+00
5.842455228362034347e+00
1.617505624332008551e+01
1.798637901026766528e+01
7.205956777599120677e+00
4.530745343173966155e+00
2.751292782374977985e+00
5.150583801431911191e+00
4.385596951891471029e+00
1.406435083779152251e+01
2.519107094455803875e+01
1.364749584110172265e+01
5.963375468571173066e+00
3.749579274704049059e+00
1.282149164111998800e+02
5.857449187535960888e+00
5.457594700428939127e+00
3.485395774313540418e+00
2.226139209168399873e+02
3.718182795361138826e+00
5.014109857383879820e+00
7.616403768717808553e+00
5.998611230301612807e+00
9.657176417373047173e+01
5.449860117873018162e+00
7.135926942603362022e+00
1.809422351710403554e+00
1.929378019580366299e+01
5.451687594674775816e+00
3.491160685844489020e+00
1.832382863331627476e+00
2.408473131037821986e+02
4.210076246401441402e+00
3.383385244059752939e+00
7.261155910787131518e+00
3.784411101339526073e+00
5.268493789382879378e+00
3.737810101012117858e+00
9.403980595105791096e+00
2.501991638637367998e+01
3.897178432894160327e+00
6.953945107062620146e+00
8.775911725711354805e+00
4.641569058878260989e+01
4.915285090868209750e+00
1.568616906722114512e+00
7.526874046339600000e+00
6.450226050809407141e+00
4.445008252623135370e+00
1.806758345319463333e+00
3.043375239721019199e+00
5.466355674545637200e+00
5.372658726066581458e+00
3.000729392787290006e+00
1.243444605397696812e+01
2.541288645662033829e+01
5.236696995304327196e+00
4.541702636230843915e+00
2.558765830878135361e+00
4.722566335714105179e+01
7.064605023352164892e+00
1.440491484170889125e+00
1.368139306722821580e+01
5.136962195921430663e+00
4.339328175302033408e+00
1.536752396158276524e+00
1.262775452124485120e+01
3.756945697951454832e+00
4.924810456810745585e+00
1.523413570837137065e+01
4.507281097969717543e+00
1.299413593125788680e+01
5.401168920348205837e+00
8.512303317840151706e+00
6.511660014254204043e+00
2.401370381132001697e+01
6.235249999436564217e+00
7.476394509423727186e+00
3.967837447896466418e+00
2.234643024462322956e+02
5.378512077741994801e+00
4.102685647225277954e+00
4.305734403824191148e+00
1.426624449937598627e+00
6.094791518674656849e+00
3.735118085931933063e+00
3.854378835302291417e+00
3.935747109003854494e+00
6.676906243847937183e+00
3.227558298615234023e+00
1.069742045659785212e+01
1.245515740952489558e+01
6.675719681907872349e+00
9.063344105788063487e+00
1.241590461393696465e+01
2.927137756554650494e+01
1.034219446474158666e+01
1.005094849658652834e+01
1.492008657116213577e+01
3.838094617700775046e+01
7.326107424391270939e+00
8.516685379393466704e+00
1.094217760549052620e+01
2.588170974088102483e+01
6.905165060663637000e+00
1.060561517919405361e+01
1.136801858699386258e+01
5.116463169512329934e+00
1.048334514408695917e+01
9.530092969949272685e+00
1.396495843118482583e+01
5.203153320675048654e+00
5.577496032023325334e+00
3.710294352074063440e+00
6.446376581688615381e+00
1.701818457452351652e+01
7.855798308370435912e+00
6.488772144260992469e+00
1.296426462430754079e+01
7.057983151187919191e+00
