2.236035268965047251e+01
1.120315096050833503e+01
6.885807837082849403e+01
2.268401524142297276e+01
1.102168999658565554e+02
6.565052879076552550e+00
1.154772903254885286e+01
6.983318263788852676e+01
2.646722494701498363e+01
3.909046455552299459e+00
6.152717486694268878e+00
9.991881384995924265e+00
1.258433234267728835e+02
2.258323336504093604e+01
1.144750733252864450e+02
7.389355339567533321e+00
1.584500223009734299e+01
1.230038762077980863e+01
5.291523898977562368e+01
1.094148682205097742e+02
3.631199473982082537e+00
1.544688787365230986e+01
3.031749897177542952e+00
1.258284123313514584e+02
5.546289631285541866e+00
4.767651856034092361e+00
1.584520522445607504e+01
5.432070215769485344e+00
1.267700864299983294e+02
1.155291425663344285e+01
9.912293746796194682e+00
1.102913205227951465e+01
1.063886574843919561e+02
2.701418811743104342e+01
1.095305954764633185e+02
6.850443305048131037e+00
1.464505108740146078e+01
1.223796757141808911e+02
1.947399089412869344e+01
5.497261478998435535e+00
9.858121194082697158e+00
2.220231140154729133e+01
1.104379519738238180e+01
5.378420539858868921e+01
1.102149875668747541e+02
6.852391772326388519e+00
2.128192088437593199e+01
1.933498706902471831e+00
1.223832267298811161e+02
5.497743026533518318e+00
9.857173750768936316e+00
2.220119424435936750e+01
1.104248110816227069e+01
1.257551298077592747e+02
1.185741814730032218e+01
6.857337532306796213e+00
2.676047899852179501e+00
1.223767250919593579e+02
3.198398851371567631e+01
5.405220269231634234e+00
9.862559250701098179e+00
3.569569653767258099e+00
1.105233279599861973e+01
1.940970588509944150e+01
1.145815923963049698e+02
7.507197396713169546e+00
2.102608800516243104e+00
6.461395539643314256e-01
7.853302022499859447e+01
5.421577368042894030e+00
1.069656193575087322e+01
7.389109204046321544e+00
4.742916104408880784e+00
4.835180414580556629e+01
3.109645029473304945e+01
7.656397498694978765e+00
9.280324745989837254e+00
2.162490615608710343e+01
1.842366575905385062e+01
1.111432726161180113e+02
2.425817422735083273e+00
2.419628579736185170e+00
1.348853796622439027e+01
9.051912665232511301e+01
1.215550043013675179e+02
9.190199961348264779e+00
3.089923780430806399e+00
2.160747590369479454e+01
1.860138786993098847e+01
2.892340552300815304e+01
9.133197933211150144e+00
9.420114783587621332e+00
2.165097500111687623e+01
1.176656881105003194e+01
1.152534893972187007e+02
1.062017868479188287e+01
4.767935479797711373e+00
1.584411325228549750e+01
4.629362939319944914e+00
1.155300222838155300e+01
9.186092203619722341e+00
3.090788767321240638e+00
2.163570099150432569e+01
1.070912852829670925e+01
4.693918137833920667e+01
1.742976848756692476e+01
5.486537497596723156e+00
1.236695446955129540e+02
4.500815842838332514e+01
5.633782793829713142e+00
9.884862583271029735e+00
1.402490613358271787e+01
7.975606077404427197e+01
1.096685773748080273e+01
1.013282521758878971e+02
8.069982979666516343e+00
2.272355854172536738e+01
7.074792882560814178e+00
3.388284637378699671e+01
1.033935648158960845e+02
8.061013196039786166e+00
2.272232117339069646e+01
2.333861004828830854e+00
1.194676782495583751e+02
1.018499079348807754e+02
1.743188211689438916e+01
1.371116332458547227e+01
1.046860583063220052e+00
2.178573847411433917e+02
1.006641204266651535e+01
1.782145541654059073e+01
2.455341250998227753e+00
4.627979419773702574e+01
3.837496039528902170e+00
5.069275105024178885e+00
1.677133045398610633e+01
3.699087326924695329e+00
1.499695450853764989e+00
4.902047259910941790e+01
1.043219723639723924e+02
7.600988674574320925e+00
3.936586564955794731e+00
7.879331927697212024e+00
1.237614492116759948e+02
5.987384793069886690e+00
1.989467527325650664e+01
2.172090494767495272e+00
1.494940888728862882e+00
2.172120503723872105e+02
1.025115001099019274e+01
1.491204876950291869e+01
2.263333506228033531e+00
1.410352091272980601e+01
4.417988324664423594e+00
4.556745415837720969e+00
1.495632951210071049e+01
4.704438220428293072e+00
7.584287160927538629e+00
2.922542956530894287e+01
7.683750662551271482e+00
1.782130901131855794e+01
9.216683471882468615e-01
1.473731815947434143e+01
2.194175768378873101e+02
3.071835968018862673e+01
9.855084627703027067e+00
4.724869409475553894e+00
7.651150650744195758e+00
6.176992405544852183e-01
4.530435179373362153e+00
1.098470805673851203e+01
6.208635380662557601e+00
1.542042765707953045e+01
1.071589262075971405e+01
5.311063477013302503e+01
2.001128122152345057e+01
1.220767750344407210e+00
1.415631921741247368e+01
9.487083463275844952e-01
2.349722745205610863e+02
5.955875445701227733e+00
1.278873335498708075e+00
1.193427809457622146e+02
2.113841184094852821e+01
1.018080695040502661e+02
5.491066531301651565e+00
2.339955772551392865e+00
6.751078119684953194e+00
2.064818149144684014e+02
1.155890814475141042e+02
5.950180656715531313e+00
1.320046747467326087e+00
5.873635323548878517e+00
1.192641742731337189e+02
2.882589752779725067e+00
9.437809878157247923e+00
1.048782569287242872e+01
9.466094153741330786e+00
1.926300869182263042e+01
2.511926597329022215e+01
9.275217594171968116e+00
9.584934837577799849e-01
1.613364126635734408e+01
1.051913768118360082e+01
1.027304762453186839e+02
9.271964430953373082e+00
6.161340648613204962e+00
2.016993844422657389e+01
4.548116955613868839e+01
4.137681468493756398e+00
1.635501406695099647e+01
9.142786359461673173e-01
2.023289155767902514e+01
2.166766179898520193e+02
1.058436041781489045e+01
5.963993496466311939e+00
1.326306174157245721e+00
1.827607600943508359e+01
2.315937895231560795e+00
2.882066354592594859e+00
9.327712898539372688e+00
6.334411208914832336e+00
1.996300360931103413e+01
6.207119856237968136e-01
2.447072964390855887e+01
1.440450841593528253e+01
6.301356693227242012e+00
2.261313085621855024e+01
2.330156149038248969e+00
3.919017963765529089e+01
9.342819927790733558e+00
1.091328142978521543e+00
1.429982320990652811e+00
2.786928172483851540e+01
4.235683284416586147e+00
5.435817451974322978e+00
5.507128485834578591e+00
1.540803069344122811e+00
8.113617702539602305e+01
4.530020016006667483e+00
7.916021691592104226e+00
1.304752430111035011e+01
7.186441410778279248e+00
2.193113286798678416e+02
1.920118725278063820e+01
1.388014481058939076e+01
6.147750079270370094e+00
3.165951606682961827e+00
4.523373386286939635e+00
3.442921670573856563e+00
9.021574946045531007e+00
1.361831396325372445e+01
1.009765454012677033e+01
3.514255846807031070e+00
1.291336113272114972e+01
7.357657308525954676e+00
7.053990512750907271e+00
2.796169360468768073e+00
4.368336629564375073e+00
4.155369414515070048e+01
1.544763857645855154e+01
3.550150050070623120e+00
1.058893721034232804e+01
1.278011803051317941e+01
5.435599324472764060e+00
8.617862441516892957e+00
2.474171093756429851e+00
2.545800475524429007e+00
2.129030763780826518e+01
2.912492726255760900e+01
1.547212876701943429e+01
2.427854813624895858e+00
1.232635759933489394e+00
1.726827542805995463e+01
1.702841363003914665e+01
1.542661315793523613e+01
3.136700704899760606e+00
1.058009371208941118e+01
1.352378250453983632e+01
3.308011071381732560e+00
3.457279896758836291e+00
8.539753365754812364e+00
8.805345417197692370e+01
2.550949426012343224e+01
5.528266028946790200e+00
3.989333218401707626e+00
1.436370891269071670e+01
1.247112416054132069e+02
2.674383837815836173e+01
5.105429097621485113e+00
5.802650548142376685e+00
1.544279494239753170e+01
1.064800465148636910e+01
2.509024179280008227e+01
1.116452000927291834e+02
6.796275477873014559e+00
1.500389870309106222e+01
5.897810122712613401e-01
8.220820234934649307e+01
1.000398652994245623e+02
4.361030168320868761e+00
1.501917958981066903e+01
1.154615383442699539e+00
4.346198268469436954e+01
2.561318949965730951e+01
6.877189629345345168e+00
1.014721736695235327e-01
2.860914672602774189e+01
2.678952434112597203e+01
5.248868431402781809e+00
1.700942161630625504e+00
4.812691623409336650e+00
1.148635288352729233e+01
2.643715594987574136e+01
1.066070128951444786e+02
7.184078669601301037e+00
4.334319398969090464e+00
8.137702931938757267e-01
1.242778511189626300e+02
5.499445789900072157e+00
4.977572676088519721e+00
3.170774992432162431e+00
1.810467594546891323e+00
1.257176685502265769e+02
2.635530528219673485e+01
3.870086503027122760e+00
4.618723610763477261e+00
1.566084553428473747e+01
2.647386446786716263e+01
1.119342446265178808e+02
6.469290347295505228e+00
7.087648099429197934e-01
1.490499446849518961e+01
4.543623107645268533e+01
1.156071799055174942e+01
4.759601030008187905e+00
4.148921660072548256e+00
1.584477423844263200e+01
1.263804399767473541e+02
2.672162197776365744e+01
1.616729128571144924e+00
3.768474733328444959e+00
1.032977987958345167e+01
2.563157966972948287e+00
1.056545002711970795e+02
4.020351263159813726e+00
4.769001483124145402e+00
2.345257774972495213e+01
5.452555570802049445e+00
2.376607323275855777e+01
6.045533613959310770e+00
3.730384787709191574e+00
1.502955324439116680e+01
1.005818858453614340e+01
1.254202754741077541e+02
5.255715894830587764e+00
3.956631241350494932e+00
5.460076191195977202e+01
4.361225106318812550e+01
1.370511914746289683e+01
5.558424380554840560e+00
3.991486351921642139e+00
4.413354782255161979e+00
2.510813607031947825e+01
1.362054353590276357e+01
4.960370978179859058e+00
3.976921839956578442e+00
9.580600504834048792e+00
4.856667838219612321e+01
5.632083954065549847e+00
6.124814847889169300e+00
1.228024888360781652e+01
9.964294445536218348e+00
4.561752467033172564e+01
2.478646539182460629e+01
5.002414372081555705e+00
1.459405325498836525e+01
2.228246864979353248e+01
1.881070828422707564e+01
5.352619485836677349e+00
3.130219585972437546e+00
3.991260361703604875e+00
2.026257528548861231e+01
1.217461400561591773e+02
1.014277985241158717e+02
3.220765591348326407e+00
6.701963223264782776e+00
2.228172941110040384e+01
6.972165305347991193e+01
5.339494962706450565e+01
3.239392051223817237e+00
1.062435233005290192e+00
2.020582188817992630e+01
6.240881150722852322e-01
1.020116349928565427e+02
5.112377825459444303e+00
6.893258191786471478e+00
1.588718913259886278e+01
1.132787042238540565e+01
2.665104200604011808e+01
4.996283123183453689e+00
9.759220052622991304e+00
2.228520818711285756e+01
1.103380465913992836e+01
6.947620826005949368e+01
5.374456813258610133e+00
3.944084171419335760e+00
1.576976453665156264e+01
4.361450835245844360e+01
6.803746484081582224e+00
5.093180016268315846e+00
1.881259825021124987e+00
1.140763067159741739e+00
4.180736219870074422e+01
5.341480088886822131e+00
2.998818207774086986e+01
4.531583719865897031e+00
1.523008565751158017e+01
4.896603938472927808e+01
2.072304526688553583e+00
7.116369244668228511e+00
4.027618042807588061e+00
1.573714983286276770e+01
5.947782983185970762e-01
5.657983003496735108e+00
3.010578321127378221e+00
1.046547105044315273e+01
1.029293124185737618e+01
7.080196175798855185e-01
2.062953886908777790e+01
7.012525224793652256e+00
4.701626910600480436e+00
1.296388873047341939e+01
3.919167791814524460e+00
4.902903911274514570e+01
5.915341764337427755e+00
2.030738144905455567e+00
1.587770221673635973e+01
1.514325085119903491e+01
5.402133710634981156e+00
2.988433475824245011e+00
5.774646416252829262e+00
8.694463791257186713e+00
2.212877952242823199e+01
2.822198805748548622e+01
4.902688588261432834e+00
1.953168981617417588e+00
1.914671540751455625e+00
1.514496054759029420e+01
1.728927292156321371e+01
2.409426657637887548e+00
8.766606532898908455e+00
7.390963723333812574e+00
1.584494607211532013e+01
3.953519251988717453e+00
2.938815426425959831e+00
1.733008795045827455e+01
6.837882735182797944e+01
1.167432605300749771e+01
5.534234885240868707e+00
5.359265771616775531e+00
1.252237928017297541e+01
6.814590841185138359e+00
2.527624378128510330e+01
6.020699840229562838e+00
2.408072763652292725e+00
7.728853071180836309e+00
8.065819330895372730e+00
4.048174916021395120e+01
5.753977117505179706e+00
6.651062042664388940e+00
1.206914608250314558e+01
9.827966918581530820e+00
4.547498447168847946e+01
2.493363095452784250e+01
3.859685298690485045e+00
1.764834900660833839e+01
1.419072771130557165e+01
2.565652059928598305e+01
5.002380997064332924e+00
3.327678947060218828e+00
1.039311718812902718e+01
9.695065769175416293e+00
4.571430788287756997e+01
9.893197760497338322e+01
7.102770440754717640e+00
1.731573961720929944e+01
5.412424104542328251e+00
2.192240769066330870e+02
4.481083810949041890e+01
3.413941399954101286e+00
1.733469373580797068e+01
7.318436507953922643e+00
8.616048638557277428e+00
1.112880299531856210e+01
3.420637815613948529e+00
6.012116830820798619e+00
9.447834305135907940e+00
8.537510165843952947e+00
2.547785745011391256e+01
3.383713586645418658e+00
1.001838511935970111e+01
1.201810430421507192e+01
9.358196411325141462e-01
2.189991441161477042e+02
2.972279826686239801e+00
1.049359405286324787e+01
6.912440059431056438e-01
4.126205855094029928e+00
5.520887765065983999e+00
7.563831399217825435e+00
1.677138698135264860e+01
3.916359043070547497e+00
8.106746081161047357e+01
5.877659611213370994e+00
7.232669371095570732e+00
1.677285186448895615e+01
2.178051845417488419e+00
2.420379799377062682e+02
2.548556331289028876e+01
1.284295302519525839e+00
1.703383741276412522e+01
3.157224424917216776e+00
3.440027697213672297e+00
6.637894382813001926e+00
4.694849949659583466e+00
1.713694439982551998e+01
3.555626336605637761e+00
3.677136223075597066e+00
2.034386609010364566e+01
1.537358668659562611e+00
8.483436412191446507e+00
2.790659367486006293e+00
4.094386996423246217e+00
1.384924568148774604e+01
3.528003041982222587e+00
1.792210122961000351e+01
8.950313322300790242e-01
1.488053930651031465e+01
4.360956699634563449e+00
3.706671539821929429e+00
1.762961729849879688e+01
8.909461262454613228e-01
7.698852725448155354e+00
4.005040637984854435e+00
3.655683450154784353e+00
1.050492665316294172e+01
4.707212207584947627e+00
1.489695116716009160e+01
4.654227341736828549e+01
7.115259490266692133e+00
1.020611429347423105e+01
1.204456160719540314e+00
7.395897298995468994e+00
8.055287385865295136e-01
7.429109190978603117e+00
1.258627374568077961e+01
4.564332335700179932e+00
2.493291699924430915e+01
1.901016058677345466e+00
5.180136582727004502e+00
5.587299576006647506e+00
4.197182293356156002e+00
4.562365934800781275e+01
5.811103218197769316e+00
5.543694856224777645e+00
1.187326211272949372e+01
4.574581762882833580e+00
4.545470080029772220e+01
5.514168582852093436e+00
5.495289009916018763e+00
1.213082392116167263e+01
1.043697460266255028e+01
6.759211484342034559e+00
5.837124158551002751e+00
6.341349200837683497e+00
1.238920739943511684e+01
1.047869303912693262e+01
4.977313370688419836e-01
2.474188551739675646e+01
6.924511214915003876e+00
9.857798884317968913e+00
9.594521881516664408e+00
5.270750512651067865e-01
2.288323492837313324e+02
3.127824399284477863e+00
1.608198911350821803e+01
6.344831512068849655e+00
2.022331320917523456e+01
3.946159279904521977e+00
6.917015208667919524e+00
1.211977360448274510e+01
9.425463483539347820e+00
7.758577990504562649e+00
2.100264157951445299e+01
7.104200226284901554e+00
1.048881715906007450e+01
8.306872237685405835e+00
1.504353859333370735e+01
4.684088038992211978e+01
4.441285820558682929e+00
1.097543734791363512e+01
1.369765861270506768e+01
1.650053620093490991e+01
5.713982382604789745e-01
8.558565694192020956e+00
1.044314493934933274e+01
1.012772600831944381e+01
1.085901075165669560e+01
6.768885121380659342e+00
5.588045663459133117e+00
1.176470998991924155e+01
9.573310330902762288e+00
8.630657274996226036e+00
2.055864625808178303e+01
7.017342403508671111e+00
9.750704371218416711e+00
9.542754064047079154e+00
1.523537294401342912e+01
2.282099514568543839e+02
1.811864313874090859e+00
8.916028306620720656e+00
1.142425342328313853e+01
1.383874889897952443e+01
4.577340068705895604e+00
5.281023740895895102e+00
8.650222936909424121e+00
2.425988123228841165e+00
1.678689617253456490e+01
6.223276986628505369e+00
4.170024442301720313e+00
3.611169162791818099e+00
1.389731867716863967e+01
1.212494570180414932e+01
9.773592015713674641e+01
2.015299027540948806e+00
1.598697090685607769e+01
1.196300987878171895e+02
4.863285187395581488e+01
1.025419671999971314e+02
1.917812761376390673e+00
2.272244435886038971e+01
7.086447721892077389e+00
2.450793915314325844e+01
1.145132832708660118e+02
1.979110431566750039e+00
1.854209244221300779e+01
7.083864660170378080e+00
6.585225978953575066e+01
1.018217404696272865e+02
1.899902084806517566e+00
2.272365682762323047e+01
7.086780253290288378e+00
6.576661586372712520e+01
4.948911932209495035e+01
3.238843646331844184e+00
2.099920976353034430e+00
3.927948709158864204e+01
4.545130298005886971e+01
5.051325136191689325e+00
4.198799490189100148e+00
2.917689682501410697e+00
5.795835272152858764e+00
1.345421455585216108e+01
1.031529741677747154e+02
4.194638540660979409e+00
1.078468580648466535e+01
3.661674567307282580e+00
6.711288151700010474e+01
1.230458009048019186e+01
4.627145612526452290e+00
7.997219650307229699e+00
5.791913834833575692e+00
1.389894940412953162e+01
2.511070086400740919e+01
2.948899144691251806e+00
6.477360664581458538e-01
1.898568294253252375e+01
2.713996662651142699e+01
3.828983062165963247e+01
3.130252911766109758e+00
5.016613242606555723e-01
1.889581342186130541e+01
4.398052659230037165e+01
3.028060995292910285e+00
3.682816492367994243e+00
1.093643555775769549e+00
7.252015434742909328e+00
7.986064221807068009e+01
5.936350568333705979e+01
3.227008001872382348e+00
1.073149789058062131e+00
4.735915817633837399e+00
4.242770282016401495e+00
3.015032663342478880e+00
3.924692099277379498e+00
1.459931850409164511e+00
1.626078134625464955e+01
4.455499894176310427e+00
2.058229629585348519e+01
4.290538578212601095e+00
2.144569877835829086e+00
7.361969238796621795e+00
3.750184033102860859e+00
8.598026466596606099e+01
4.638062936756340626e+00
1.112838434464609527e+01
4.333940510402990753e+01
4.415461319964757791e+01
6.308254356310053268e+00
5.015062551398897561e+00
1.115857814947829318e+01
7.748183847743385755e+00
4.423483241428025536e+01
6.264057414939787627e+00
5.137192730787560002e+00
1.122131335660197493e+01
7.747287431896001664e+00
1.277997698546118954e+02
6.047958439078071180e+00
5.457336349442738488e+00
1.301607411531009895e+01
1.800899204061678915e+00
2.230647002943981931e+02
2.526979633258371294e+01
2.105791580191099133e+00
1.634375593965161855e+01
1.633356568325371683e+01
1.999226688030342203e+01
1.017902616135057769e+02
2.175941142478103441e+00
6.298946232499564424e+00
1.629338071834346025e+01
3.959459539201215961e+01
1.014063251742499432e+02
6.324666657189403018e+00
1.043325933712383069e+01
1.390010760648618238e+01
7.110221963939970635e+01
2.529061504480968736e+01
1.353328672953794110e+00
5.528354607640885376e+00
1.745551845247379674e+01
6.419346801089456989e+00
1.151472117905668711e+02
5.451944400957071224e+00
1.301722219175728412e+01
2.144997789476312633e+01
4.363755271594701668e+00
1.298428055788776447e+01
2.014839524757770395e+00
2.681473464288668396e+00
1.600367322590034291e+01
2.573550048692535341e+00
8.263090932434101887e+01
5.562226594096423504e+00
1.051179082328794223e+01
3.098484808966671888e+00
2.540476898306409836e+01
6.785712671082054115e+00
5.825281526979729563e+00
1.380132010886817717e+01
2.113784748104687861e+00
6.911666504607472916e+01
7.313123159053819933e+00
6.296198840383742557e+00
1.276315043115732806e+01
3.336404716815715599e+00
4.269523022155595982e+01
4.492463178809006763e+01
1.597293859113539938e+00
1.409409735826401722e+01
1.077076749444368353e+01
3.635776955846832692e+00
6.517947033090570663e+00
4.091215510452546944e+00
1.363220675504381596e+01
1.006292253685297311e+01
3.335585902128152203e+00
7.920415492876569097e+00
4.715626321439427393e+00
1.336319742987149972e+01
1.055017992789730030e+01
3.371126928791194466e+00
1.744250205131578113e+01
1.933969842774038161e+00
4.824704675636239948e+00
1.293019364627879364e+00
2.110105912266000772e+01
5.568734916768605103e+00
2.887727537403584233e+00
6.124648025567769771e+00
2.321911025141364660e-01
2.026287424185696651e+01
1.918532820212556445e+01
2.779922353485753561e+00
3.060636353785886055e+00
2.791790636110456081e+00
1.625929981457532492e+01
4.650875175508185322e+01
2.562913082212115334e+00
7.054530086323592464e+00
2.881398732697265874e+00
5.982596931288615139e+00
4.373469634740438039e+00
6.404640669224995975e+00
1.891441308843414859e+01
1.341565349232091364e+02
7.229251157739528644e+00
2.940866108148220093e+01
6.856331431485635619e+00
1.261263502030191752e+01
2.572349303671407572e+00
3.962241567970588818e+01
8.744428365726351515e+00
3.231097812158537419e+00
7.059046832816406436e+00
3.647039022312593026e+00
4.643682178581125441e+01
9.728057817329934664e+01
3.240946876788536102e+00
1.641156928287409755e+01
5.963713959689861177e+00
3.922206699768849347e+01
4.546389053563612492e+01
2.903769475551432944e+00
1.326450265054510247e+01
1.880628957729834383e+01
2.487293835490667604e+01
1.020038562632107499e+02
1.982398155349318403e+00
1.456917014995290138e+01
1.183925137347692669e+01
6.598265806024055280e+01
1.016822288271510644e+02
1.902113432658921299e+00
8.103952178046480270e+00
1.633105658353403555e+01
1.030626236754144998e+02
1.086001999690755859e+01
2.725949180966237950e+00
7.748927925911194059e+00
1.794643224770807777e+01
6.680546253426734360e+00
1.018920125472696583e+02
1.036481652315279867e+01
9.015776270735617048e-01
1.786874635100965136e+01
5.826632719208046041e+00
2.674342365851959968e+01
1.758944780574469791e+00
5.759973721096964816e+00
1.721433920816258123e+01
6.695663640547367734e+00
1.187458604006986320e+02
5.726913441192661658e+00
1.150440475781065253e+01
8.538796361941844992e+00
4.340943794679213852e+01
1.502174722807601981e+01
3.566630963979365188e+00
1.601347850788578953e+01
4.119688620982189242e+00
3.881404671150666985e+01
7.071222963963098351e+00
3.773549313636292535e+00
8.543999952482552729e+00
3.882204004721625079e+00
3.896744586141387146e+01
1.983652286533450493e+01
5.071365820891808873e+00
1.666820566642070744e+01
6.116107590118075699e+00
7.459032778556130339e+00
9.250512428906768392e+00
3.548193203372020488e+00
8.191904517034188871e+00
4.259261801155695970e+00
5.156315181733750919e+00
4.607037157013525785e+01
3.329616110504556303e+00
1.548152549790196986e+01
4.153259145267518271e+00
5.389865608136815922e+00
7.621453926516728927e+01
1.637586493914610086e+00
4.946975228843108141e+00
1.015936914528670743e+00
1.057738390727072542e+01
2.344721504577351112e+01
3.406274370621034553e+00
8.366042616567662904e+00
3.762885049140032745e+00
1.180704420880767636e+01
1.943640538331477785e+01
3.397412426424624599e+00
8.367537335916091834e+00
3.766139645558309379e+00
1.749964094962063754e+01
1.339206495085660187e+01
3.305290107727908211e+00
7.792320004700005853e+00
2.818684003501370494e+00
7.085400360000750908e+00
5.357317256129544347e+00
6.480945002471853122e+00
1.948364306030408244e+01
8.512996779638539735e+00
2.519787020237821551e+01
1.489265788407062452e+01
6.447005559781051609e+00
1.264918937590774384e+01
8.517120510983906101e+00
4.999246656230356933e+01
7.318448883323517506e+00
5.835582582704123666e+00
1.304036783824562207e+01
8.516570488115316806e+00
2.588231661885671642e+01
2.639935371126527208e+00
7.220093676449358178e+00
8.757793056672397825e+00
6.954141194086932209e+00
2.616108514591820811e+00
7.965713899191829483e+00
6.582027949591481075e+00
1.293042702163346291e+01
8.823096165244367128e+00
2.441795823418343669e+00
3.951337634370253937e+01
5.794248010968249041e+00
9.471886856450362657e+00
9.613078282535562735e+00
2.212882530952531290e+00
2.104014927391287770e+01
3.200110539156234779e+00
1.372351033440859247e+01
5.690583562621880809e+00
1.757021790714685849e+01
2.317707169585509774e+01
4.624816263097122793e+00
1.184979906657044069e+01
4.846984223979505124e+00
1.004032524254027869e+01
2.066967333114996208e+01
2.028838113347861238e+00
5.844026379607598187e+00
4.259217592076228520e+00
1.629110898402090513e+01
7.619753224759232069e+01
1.894921759754501389e+00
5.835002418316153516e+00
8.581974871891991929e-01
1.792478088860093521e+01
6.908951048037334175e+00
7.260453176237991357e+00
1.086331755072254168e+01
9.207811276326083316e+00
1.196492100314930518e+01
8.669335613355002579e+00
7.148179265006818106e+00
1.243805595754955640e+01
9.329486121363993689e+00
9.477787538383886101e+00
1.757881852691150115e+01
6.422232653882457676e+00
9.418854389214388334e+00
9.040632481976716761e+00
4.276486036043660732e+00
4.456397225268724327e+01
6.634770129214573764e+00
1.117301431576055570e+01
1.280552653205149483e+01
1.198403510754186563e+01
5.550468594442158121e+00
2.865995320411697023e+00
7.307210869543133036e+00
7.163153755787262433e+00
2.969729278881431345e+00
1.626781664994683396e+01
5.660805957292731172e+00
1.671754211204008556e+01
4.329381289548901890e+01
1.695108536785962627e+00
6.216188343007536865e+00
5.956340748915387451e+00
7.070322332714354729e+00
5.945565621825839031e-01
2.343120331346825580e+01
2.926695489140387707e+01
5.610092313790790541e+00
7.865197163948753456e+00
7.997430164955239285e+00
4.327678790603766146e+01
5.882060859499583572e+00
5.454104738474320868e+00
3.496510047949346500e+00
1.745708127768141882e+00
4.301255781248559629e+01
2.517202665724047606e+01
1.037380507237355509e+01
1.443692951267656177e+01
2.280812908557722452e+01
2.631411524223845788e+01
9.929387195716280701e+01
4.262639380039680681e+00
3.465113184715938655e+00
1.373746945529696006e+01
1.241594961422867982e+02
9.823535799300677240e+01
4.693081970442542605e+00
5.665287184267076448e+00
9.972741420015669433e+00
4.890131902023682642e+01
2.462829370639254378e+01
3.615468877303590123e+00
3.282924188968151302e+00
7.209354890212367195e+00
1.036139641659151067e+00
2.673520112746964372e+01
3.217902534671496784e-01
6.709645631234198326e+00
1.172801138568380175e+01
7.462941066565012882e+00
2.975195388292796750e+01
5.271419706471861311e+00
3.733939141679771367e+00
9.712298328820523352e+00
1.510528284917780573e+00
4.556568718700844300e+01
5.336990920613588152e+00
3.285223882355448932e+00
2.286743299209458069e+00
9.705191363117213754e-01
1.150025891614501816e+01
5.012495796543829485e+00
1.713336863685133338e+01
2.986658175518428493e+00
6.752219512774334476e+01
5.854193251121690977e+00
5.680674120277866557e+00
3.470307569291273264e+00
3.047768619627563069e+00
4.307700183673313177e+01
1.907515495644260639e+01
5.345850329780355459e+00
1.345088258283459792e+00
3.814511861885193866e+00
5.139510142408490800e+00
7.109746214939242748e+00
5.877840142826855185e+00
2.840714851060863300e+00
3.283431936805546680e+00
2.832743368480814095e+00
4.663507753146705959e+00
5.045513608732492550e+00
1.390773406691290903e+00
1.344350455987194870e+01
4.688855492560621840e+00
4.074181405053887062e+01
3.991845656591160196e+00
1.592733436697134408e+00
1.634866148385206941e+00
7.230921061791886650e+00
4.966624230809296492e+00
5.713594975390667408e+00
1.705832091072698020e+01
1.019359681252790928e+01
9.364453611853864601e+00
3.788369479377219573e+00
4.913737726365220659e+00
1.507557867745907165e+00
2.155745641527132328e+00
8.332495293192105024e+00
1.433083810199954833e+01
3.276847455382483787e+00
1.732731744072255253e+01
1.250749827971317529e+01
7.384400553397665767e+00
3.646782485418695430e+00
6.151279020360809646e+00
6.883991924960806585e+00
7.717662591748205791e+00
1.679557186843677030e+01
1.508066899137522476e+01
6.476705158259997042e+00
8.170419750911358747e+00
5.984315207945310355e+00
4.767308729094519748e+01
6.239834159076206532e+00
4.994022574917905466e+00
4.656118092946701204e+00
4.358204781403522965e+00
4.158992220318204858e+01
2.011525643261383678e+01
6.109881521983138164e+00
8.492159728050879153e+00
8.515851719944768305e+00
1.881650666690228402e+00
2.940473869791643935e+01
5.094504148678731248e+00
6.910780074531373884e+00
9.278345183595542167e+00
5.206448042411854216e-01
6.995194634846063630e-01
5.307527564469652681e+00
7.444711559355305042e+00
1.096454413822066698e+01
1.450936342560171344e+00
4.347731126808049140e+01
4.181183181843782570e+00
5.408339921828235752e+00
1.007219789895156126e+01
1.702568737444742908e+00
5.506274610153241156e+00
4.687575033330779739e+00
5.671141299303212868e+00
4.662067022036914032e+00
9.976758543849927108e+00
4.255884474693942821e+01
4.605696238266173914e+00
7.119210346663675359e+00
9.325332750561612372e+00
1.411033974434090510e+00
4.912497760059250851e+01
5.272692382460024696e+00
3.733569096412589605e+00
1.300359039606686018e+01
9.646973250356408514e+00
2.579594145329273225e+00
5.596828794703474053e+00
8.336690865343351575e+00
9.195277352388460557e+00
1.039984188817097355e+01
1.440210144772324874e+01
5.327932486975978321e+00
4.356071117345834409e+00
9.537016039539677692e+00
1.035950643432612672e+01
1.993724510913234482e+01
8.535247033317405752e+00
3.476347999871911565e+00
1.274284474392319844e+01
2.876943318232580538e+00
4.681058974703528719e+01
1.005673960807060219e+01
3.283886758378903981e+00
1.275938602415581613e+01
3.280756919875373878e+00
2.535018686235858354e+00
8.536808715262436564e+00
3.483375224674123860e+00
1.301556242215780834e+01
1.361297113558931393e+01
9.663597524146556594e+00
1.078657285670141164e+01
1.005232217373589698e+01
1.454201412237824265e+01
3.835832129716192895e+01
9.407280220629760947e+01
7.383042039987778082e+00
5.802133568708541134e+00
1.265046989279248635e+01
5.002775760287528328e+01
2.940562329606811787e+01
1.078499020669745256e+01
1.005072099126193308e+01
1.424346944544271309e+01
5.097121739922241801e+01
8.030151990846890797e+00
6.682900494657320500e+00
5.398489046310070982e+00
1.240890176835880077e+01
1.774209600792475916e+00
2.928142874284844410e+01
1.050937846755372540e+01
1.087589914928108747e+01
6.085086241073341284e+00
1.121182131305277885e+00
5.164358298193377550e+00
6.575340087254775590e+00
9.021925847684295618e+00
1.097564566887940884e+01
1.676229508986600614e+00
4.675162328602839779e+01
1.534824765452478346e+01
5.328246122620758030e+00
2.277599210020879994e+01
9.202317504502767420e+00
3.273577592188919994e+01
1.016244966642046599e+01
1.505637163534550460e+01
3.935930713188141805e+00
9.748149312782880216e+00
2.935731849205727073e+01
8.212973906142664759e+00
7.205296324114115691e+00
1.903496384729851343e+01
1.308371132549024729e+01
5.153351168093031021e+01
1.026978082678369653e+01
1.404063624088571238e+01
1.039353080006671703e+01
9.175170469611231283e+00
1.846318898703167788e+00
5.568219638627941670e+00
7.539238365577713097e+00
6.498136456166148101e+00
5.229500157382248382e+00
7.040533652956796118e+00
1.072410746748522747e+01
9.613945208844073775e+00
1.543227042139657890e+01
9.791024738921398907e-01
4.963491063575005136e+00
6.856090487789063381e+00
4.474520353479918278e+00
1.113916747313943212e+01
1.204447141828163659e+01
8.806647535508774638e+01
5.234306518129055341e+00
3.374958539747742403e+00
7.296581682786367651e+00
1.451094488182574338e+01
7.779744908342210330e+00
1.794864649869795059e+01
1.485975367783098555e+01
1.918715979950744455e+01
6.407575636206352065e+00
4.638647073303292068e+00
6.873082187870452664e+00
6.484936420742665852e+00
1.296352299908564021e+01
8.136508150470463718e+00
7.508593819624122645e+00
1.035227650249676223e+01
9.830327866453416163e+00
1.577579054003538239e+01
8.969690661611638305e+00
5.114584472918726199e+00
7.755706181273055222e+00
6.161122319436361572e+00
1.263558803713340417e+01
8.520904508257208576e+00
5.003802339459176096e+01
8.734916138944299746e+00
1.086677600146897937e+01
3.946091111075782809e+00
3.777658481839818450e+00
5.131565304184277920e+00
8.628160079744491284e+00
7.144824482106842289e+00
1.358941273279638118e+01
1.186897141968467473e+01
1.258050627196497651e+01
6.164108466608856141e+00
2.857958092132095018e+01
1.090789422089510730e+01
1.150862682194248521e+01
1.194510918010639955e+01
