2.590677182381443178e+00
2.632943580787786342e+00
6.696282453572827364e+00
4.969538523246360917e+00
9.173339879943945618e+00
2.144790395158111096e+00
3.574862610930967577e+01
3.482421653890403146e+00
2.680486132785821152e+00
6.727551571962987254e+00
5.066289337203618182e+00
3.908888837661530502e+00
4.237479797722149222e+00
5.175982058323333135e+00
4.362584037568988826e+00
2.639258035955975856e+00
6.108343426834344392e+00
4.250850734294317590e+00
9.119253198903814805e+00
4.768838188000235512e+00
3.421782967059397151e+01
1.734156792494273347e+00
2.246253893729809992e+00
1.283363086785295648e+00
4.000444738360219965e+00
6.433657402899938482e+00
3.776823863743265175e+00
4.366165542449700787e+00
6.654960380931344011e-01
2.545268187642751201e+00
2.722658629057799207e+00
6.335428978871135541e+00
1.087996132212055045e+01
1.869978003951966228e+00
5.416600115330236775e+00
2.934258181907866359e+00
2.587077820903997516e+00
2.630380188045876366e+00
6.696404444433055936e+00
5.025473939202157680e+00
3.716026681359496653e+00
5.107885363031852144e+00
3.990427682491410333e-01
2.297503706060304296e+00
4.646162950059827601e+00
3.966713135162140080e+00
3.800205963080159677e+00
8.695190928160998922e+00
3.573709392291726061e+01
1.960927586968987058e+00
2.588253609432960900e+00
2.632180805662789336e+00
6.696595006600034594e+00
4.927576903633749339e+00
2.113230658573166920e+01
2.086039620996683386e+00
1.246865091361624822e+00
1.445880171536799708e+00
4.497172498022649734e+00
4.076237955482686637e+00
9.206899993868731258e+00
4.825251764899424423e+00
3.534849731674093931e+01
9.540640722862931966e-01
1.899860131101702931e+00
6.253414045333166804e+00
4.091192364912974888e+00
9.782209778178195592e+00
4.820330490129332013e+00
3.532108837536262769e+01
9.747265636473348982e-01
2.556225844305251460e+00
1.703896413181112734e+00
4.058722033689496023e+00
3.429511874752628842e+01
4.820281896840403313e+00
3.535327821574136209e+01
1.123833244935295683e+00
2.449885813915975152e+00
1.704999918682877480e+00
8.295222302934794456e+00
3.430300382481797783e+01
4.820531604919598756e+00
3.414611462611982518e+01
2.032540560787528872e+00
1.900935166458068037e+00
3.818011849912276712e-01
4.228283304308983581e+00
4.412035029827762855e+00
6.115925617565616257e+00
3.536445206828916099e+01
1.263925027820893776e+00
2.517747171318246213e+00
1.300934630977048867e+00
3.977696517353942252e+00
1.274264170816654884e+00
9.060737441766608669e+00
3.537402161807172973e+01
8.157377174186469793e-01
3.177212001765249649e+00
2.136964037329571742e+00
4.665561130195723827e+00
4.488679075600056301e+00
3.460054985561365726e+01
1.932495078261897037e+00
3.167509837651986682e-01
2.172870268560405549e+00
4.183631132841543199e+00
3.647066807520209064e+00
5.988366398170359872e+00
4.546446092587150822e+00
3.213765467661581710e+01
1.812101976137675763e+00
2.919659392424252431e+00
1.924637159804798214e+00
3.451268203743182994e+00
5.984836186606049324e+00
4.131445210278478442e+00
4.012949153161062377e+00
1.697516593706462684e+00
1.351739383067570799e+00
2.125037051333990235e+00
2.678873812553471456e+00
1.529262433181022507e+00
3.759345788764079543e+00
4.139903364960388465e+00
4.512664676479403170e-01
2.864762993390781443e+00
1.200658412411859333e+00
4.175379628964267731e+00
3.847483301063386651e+00
4.275748037677199243e+00
4.110728588147567919e+00
1.095542042622795975e+00
3.107799288960688244e+00
1.843993030436886782e+00
2.313675591500414352e+00
5.633776754455274149e-01
3.594341634897675331e+00
3.968555302674804164e+00
6.670381636630283717e-01
4.029972435423760935e+00
2.525096334574735923e+00
4.415534594099813859e+00
4.320820909119703401e+00
4.820299439921860163e+00
3.820755033019421543e+00
1.595123292437373719e+00
1.624578784452658242e+00
1.203952341966131767e+00
2.598892412381895500e+00
7.173477102088971158e+00
4.074966455127963627e+00
3.427583423162948861e+01
1.239133466713629561e+00
1.951811052481132736e+00
1.790447700663759578e+00
4.005130188370855215e+00
6.051130666850897732e+00
4.116881648877540378e+00
3.524055597962072284e+01
4.048227603303000133e-01
3.756981206281467256e-01
1.108909074954452789e+00
4.236586220619128262e+00
5.051166364605634840e+00
6.104410011505220446e+00
3.515097407924713480e+01
1.580367806976994416e-01
1.919888637372699547e+00
1.031922022344673451e+00
4.015269611793486071e+00
3.638668142483543644e+00
6.067772811740838712e+00
3.525444024782250807e+01
3.583564031852404241e-01
1.972722612118577246e+00
2.507639602406015911e+00
4.237300802404262434e+00
3.748177828678289192e+00
3.451045037291512330e+01
6.104590016862541546e+00
7.038672367229317217e-01
1.707285638888408785e+00
2.758402134943954143e-01
3.035694729453718987e-01
3.523135973479602612e+00
3.718383316163418328e-01
3.820744438352090544e+00
3.207687509744630461e+00
2.921243999033862337e+00
8.354388581965549454e-01
2.764888421374676053e+00
3.372531071149031501e+00
5.582530961589235119e+00
4.045691744557745828e+00
1.473692441400819009e+00
1.093653577888392237e+00
3.393263487948132706e-01
1.205353158007701042e+00
5.300909177778029280e-01
6.427264864453960058e+00
3.722814448177703017e+00
4.762593547384561532e-01
1.312799865662297449e+00
1.295519423314033247e+00
2.848244153633610498e+00
4.651487634401452742e-01
2.159782513832648121e+01
3.458867986009276141e+00
8.304161033844090767e+00
1.775110696110791864e+00
9.452240116130674608e-01
9.377816166096574202e-01
3.095173214419455032e+00
4.043422776426985443e+00
1.726108640730133814e+01
1.332308971148004728e+00
2.287670521330976481e+00
4.898040506956077955e+00
1.046402031581469716e+00
1.660574430552808733e+00
6.003581923409647914e+00
1.734062484896595535e+01
1.261195054561151663e+00
5.170203847455621116e-01
7.984327057075842893e-01
2.839262299169421855e+00
3.699783766297725318e+00
1.391006285485407501e+00
3.975937723814737979e+00
3.729361608812657547e+00
2.554019593166636515e+00
9.821147797104016197e-01
1.007924681434947844e+00
3.655097533482658090e+00
4.336954050053757892e-01
1.119686762524962198e+01
5.220759027779943162e-01
1.929974178027475062e+00
8.765628331835723097e-01
2.525762534319511587e+00
4.224900404702403911e+00
5.483540132515500432e+00
6.116004367707138734e+00
1.288739727876740515e+00
3.813468590117944146e+00
9.691933760390760710e-01
2.908147850789257749e+00
3.822945420039314257e+00
4.074630469239129416e-01
1.981789243627629915e+01
1.346857826531798308e+00
2.971186350595980574e+00
5.176792735133641798e+00
2.440225120599568864e+00
6.012362259180233259e+00
8.145910574442870589e-01
3.510987045503944159e+01
1.019283276018353890e+00
3.179151413362453216e+00
6.493556773934916038e+00
2.769712411281796793e+00
7.107542376152992780e+00
3.042845071718261352e+00
3.456311985234803075e+01
1.727794091569644364e+00
1.366566131326000688e+00
2.742530607417639654e+00
3.476721449906629569e-01
9.322808320483925826e+00
3.952933697976996452e+00
4.387113432034937865e+00
1.492876640989964754e+00
1.969584859907192564e+00
9.670382821143567176e-01
5.375474191268153845e+00
6.446996156405930378e+00
2.927932467809520656e+00
4.488068548610876896e+00
8.532951088266406137e-01
3.179700684038910818e+00
2.176314020068777833e+00
6.564801383145362657e+00
2.134924168134394673e+00
2.426196430545614735e+00
3.464257137416331744e+01
1.699938537326190158e+00
1.713187031997630783e+00
2.679714116931310119e+00
5.288037024915602125e+00
4.104490088531823067e-01
8.407977575434793849e+00
4.024016246381667550e+00
1.241450047529709222e+00
3.579684295735506172e+00
3.081060441415805595e+00
7.171737575370591422e+00
2.440814748798828759e+00
7.399388942684983483e+00
8.148051532074115366e-01
2.662889183256974324e+00
1.816994923195381917e+00
4.520285091388264398e+00
3.856782379800288485e+00
6.194782322479397862e+00
5.948202108683839917e+00
3.750727846292759438e+01
1.163971660583911216e+00
2.598381613893746778e+00
1.739009265832611506e+00
2.433225891974728938e+00
7.044306032539822127e+00
5.520661891262718335e+00
4.335707308060176679e+00
1.329888376822803364e+00
2.417147886113269806e+00
1.112494048542387759e+00
4.154408443679556306e+00
6.315992150644909486e+00
8.670317678280111684e-01
4.153185086733677700e+00
1.762828264129076672e+00
1.499689409494001646e+00
1.491788115503936751e+00
3.271828723780014769e+00
7.056773900540335376e+00
5.543899102849660032e+00
3.348134310762534227e+01
9.368863422248381312e-01
2.153838104871016679e+00
1.114988096471627443e+00
4.756268267052704779e+00
1.444479070028028334e+00
4.317931952194224543e+00
3.532401931970622133e+00
1.816795537927286430e+00
1.342989163028381894e+00
4.080990360728463884e+00
3.076711505120603984e+00
2.418394696345468109e+00
4.521601565581647719e+00
3.003722606246034044e+00
2.141200787082008450e+00
2.530642296012568071e+00
2.174040169325976990e+00
1.153781869551290695e+00
9.518968739442936311e+00
1.828180576364947685e+00
3.848744267873705382e+00
1.689696929950118998e+00
1.120077722648300522e+00
6.210948539546569114e-01
4.295800046008036333e+00
6.520395137151393961e+00
4.009065420220817799e+00
3.715504989248643142e+00
2.400788053763882601e+00
1.787950328266975975e+00
2.801574722489931446e+00
5.494147956285570622e+00
2.884047414557348699e+00
6.101271733428582422e+00
3.731669784047147687e+01
1.354455916283323402e+00
8.877381284061414135e-01
7.124646138878946156e-01
3.221151194953157049e+00
7.976433685460856404e-01
3.447002393697554457e+00
3.100353575897357317e+01
2.138360895559586083e+00
1.133263539227262529e+00
3.928884154678199625e+00
5.338996956062413979e+00
2.592976543001630940e+00
5.104719171443441006e+00
5.263395316364153587e+00
1.226187413682905403e+00
1.810075893398238378e+00
1.447871320684529506e+00
1.001492442941798400e+00
2.924845787072457792e+00
5.520749276922766846e+00
3.789510860012047289e+00
1.257447560687917187e+00
1.522707206684931647e+00
1.353807011099224411e+00
2.576160750399376642e+00
2.152423250549347244e+00
5.500426929210192384e+00
4.166970889469962636e+00
1.510739233245438129e+00
2.064691780883521677e+00
3.904271443235359129e+00
1.249650430750013586e+00
1.744594302412513231e+00
5.481135754582600050e+00
4.067142916645412498e+00
1.203430594408113619e+00
1.676733908645674731e+00
3.253731686609837137e+00
9.755490081083900700e-01
8.985096021448981674e-01
4.902255219267106945e+00
6.041868146748263335e+00
1.334926863216708171e+00
1.503761137430379646e+00
1.837406134054009099e+00
6.323086973824132428e-02
1.695255050387102669e+00
3.302569221097864105e+00
2.840079249939928108e+00
2.097610513015060629e+00
1.504600633050085179e+00
1.834580681322751872e+00
8.262845566810739228e-02
5.416969584851152320e+00
3.623603899792623650e+00
4.188702020564750050e+00
5.754245011838653445e-01
2.601439574515344688e+00
1.844959199463618971e+00
3.685054386195218967e-02
4.417628274838325986e+00
2.025858519999276908e+01
1.443855522963026106e+00
1.521571588592010471e+00
9.907343233523313586e-01
2.136043444950832537e+00
9.456464229949261835e-01
4.838538975843626133e+00
1.650702152978728465e+00
5.196172637307399533e+00
6.799831762674463098e-01
1.267748945859911158e+00
2.694677046523564545e+00
1.218836854768445166e+00
2.220909139256047382e+00
1.637170592597437802e+00
1.885130599284682518e+00
1.055641911340379435e+00
2.216986392218328827e+00
2.175397773581112748e+00
1.087340624724291160e+00
3.268794961965488799e+00
1.651145636224683244e+00
7.404457024563505740e+00
1.877636214540944648e+00
8.842099296644363449e-01
5.955559145160208345e+00
5.127151570051016627e+00
5.617943003341687280e+00
4.892243129544993963e+00
7.345928561081978891e+00
1.750240510338424427e+00
1.770492615777309764e+00
5.404350217620574881e-01
7.350898417338337376e-01
2.914255489650022124e+00
5.550811599830605125e+00
4.293062994504729168e+00
1.342962422100164588e+00
1.230077661869576788e+00
1.482537975563478883e+00
2.026176417418869224e+00
8.891557265775661634e+00
4.139791145576982245e+00
2.506922065697646307e+00
2.173008343897203876e+00
4.403543862506609230e+00
2.270619789357638751e+00
6.986475045481721047e+00
4.200652393392995343e+00
5.108363386926991545e+00
7.475669999994970283e+00
1.432581080782673100e+00
9.192026811849132173e-01
2.086225681995964865e-01
3.809478773954207753e+00
4.649336562646008697e-01
8.947766876231705524e+00
3.698312905205150880e+00
5.211545458482116366e+00
3.582628618101087792e+00
3.302690110089498088e+00
4.589862224658978640e+00
6.075313628809705158e+00
6.551637238902316973e+00
4.949614892361959839e+00
2.067817156399712530e+00
1.923163529959680318e+00
1.910827333983842635e+00
1.161441528679020507e+00
4.119721848018080834e+00
5.596336307661098353e+00
6.087893447556564475e+00
2.152714908465284793e+00
2.547533852593351522e+00
1.212203757060240861e+00
4.571788955319923353e+00
9.441121189683343573e+00
4.019518584647916448e+00
3.792491355454907787e+00
2.875020798324205540e+00
1.800060077157278782e+00
1.782269595966397446e+00
5.942059028074709204e+00
3.811491208495804361e+00
4.379889233666887094e+00
4.936000763980199935e+00
3.045093156914594257e+00
1.382370934821115727e+00
1.219351664999305029e+00
4.565554742721730008e+00
2.554191468392280395e+00
9.489461660702639634e+00
3.654629352399392683e+00
2.369204068129735052e+00
2.687048501289223790e+00
4.083071247210537713e+00
5.329506688064092224e+00
3.503534532838017412e+00
1.096837212574193110e+01
4.309279906254222858e+00
1.744846361803337631e+00
1.469239178393197731e+00
1.287172800972539166e+00
3.668942456170138366e-01
5.961809750377352835e+00
3.970508408265525535e+00
3.656178133493956484e+00
1.752598072149526898e+00
3.571502534304855203e+00
2.758274979143919836e+00
2.862578830597378499e+00
6.435275179777590893e-01
3.938127876747607559e+00
4.355211087560252103e+00
1.735915599777908769e+00
7.540183367787657298e-01
1.096711858878734347e+00
7.319116310244689894e-01
1.034333094293103272e+00
2.946999412817662201e+00
8.899659607338483269e+00
8.429721510652351535e-01
8.673707185628624083e-01
1.225812571054936795e+00
3.870938704797715957e+00
7.310179947941625178e-01
5.436911019754885110e+00
3.268318074834373643e+00
1.752795463665279385e+00
1.292154104303307349e+00
1.174579847075096550e+00
2.987728593475106886e-01
4.480707168635373883e+00
3.992840037606628645e+00
2.879356818796444006e+00
1.888050336775320970e+00
1.462423234796536464e+00
1.498260289894608688e+00
2.806477392553574646e-01
4.068198754283938179e+00
6.251922640858828650e+00
2.789105070180821766e+00
1.337266818472237162e+00
1.336642526824891375e+00
1.186428186702708443e+00
3.888031300351658448e+00
2.588380554524403632e+00
3.390425042282592560e+00
3.473125779305007654e+00
2.896651223351630389e+00
6.186350638204203278e-01
1.060746675071833067e+00
8.502112520359617065e-01
2.647574924039426403e+00
8.422483050056920328e-01
3.504284258662343721e+00
6.090726798132886977e+00
4.183664072908158005e+00
1.423716188996953180e+00
7.859056785815894841e+00
5.022186267594443088e+00
6.842963268913085706e+00
4.877556160569279875e+00
7.267552804841438396e-01
2.287410238065589851e+00
3.128294526520920105e+00
8.039581199598799799e-01
3.522881068594264864e+00
7.739217762786078092e-01
2.071965905636227845e+00
3.658241678333297386e+00
2.865113662031603781e+00
1.959044206002193533e+00
9.586434165302506472e-01
4.320065582731870357e+00
6.105712646506316510e+00
1.434298309742366406e+01
2.337188072146211937e+00
8.173430969191984863e-01
6.816534992661882342e-01
2.665008701073956932e+00
4.732836060266337519e+00
5.604570736197975300e+00
6.678900206568434861e+00
3.333333333333333148e-01
3.698266563558282538e+00
4.452713482473787399e-01
2.291897510543925875e+00
3.898089914387294019e+00
5.716896862805228352e+00
6.797061277200062257e+00
3.805747608940293958e+00
2.649889030825164582e+00
2.390396668974605010e+00
1.661218087651936459e+00
5.541367394755004616e-01
4.549125053376108951e+00
1.419910118856782333e+01
2.837400099123051689e+00
9.924749032816677641e-01
4.057012353057327658e-01
2.338625222419095540e+00
3.951251171231092485e+00
4.683841688357954780e+00
5.697287509039791864e+00
3.520310403340261018e+00
2.269457430239545825e+00
2.105977060845543480e+00
1.151204572183265329e+00
3.818490646487964657e+00
1.307592073507790387e+00
4.508510220962214987e+00
3.742376732344117496e+00
2.561919108688973434e+00
5.850521377870538942e-01
1.011637595075001173e-01
6.246968183966524757e-01
6.289995244676861441e-01
1.233950180509330607e+01
1.513896975012883672e+00
6.261742548850757650e+00
1.694265680066299185e+00
1.220049640963999593e+00
1.735754992470721847e+00
2.883537630369650717e+00
4.067120069236673352e+00
1.154330381306190700e+00
1.137397389291818994e+00
9.452794581429486698e-01
3.147748651029431244e+00
1.897640167618736884e+00
3.114255044957958685e+00
5.521662865051592206e+00
4.205353502839476398e+00
5.569485861040353036e+00
5.309961903657580251e+00
1.917021686481949816e+00
2.616959058391211013e+00
4.630129415400763726e+00
2.467647800423778737e+00
1.573490036755003985e+00
1.807061594296423435e+00
5.646376079867329700e+00
1.910937958328403852e+00
2.614329425470437229e+00
5.602591275600633303e+00
5.081545914368928329e+00
1.779009398636032246e+00
1.030734094679430557e+00
3.449284779298302794e-01
1.118638449369936838e+00
3.027607850460650951e+00
5.862949333433843613e+00
3.994517605433723251e+00
4.374021257589613576e+00
3.028868573323760582e+00
4.655834028372461297e+00
1.009813729863012099e+00
3.566303420226000664e+00
3.323542786967640605e+00
5.253192359723260374e+00
3.509422722530809668e+00
4.555181946442824703e+00
1.348035160142605049e+00
1.831739261448184664e+00
9.440622034697790932e-01
3.587997635596153145e+00
5.607907683554685718e+00
4.109538372830717101e+00
2.520927181157198049e+00
2.236057996009263693e+00
1.298851547427200215e+00
4.863334663802436064e-01
9.260383060491979290e-02
5.603741747012596086e+00
2.788362662334279207e+00
2.215994539010694098e+00
2.182962933890243207e+00
2.486316301679336593e+00
3.429837352724179222e+00
5.576068942140527618e+00
4.560436865728141775e+00
3.552776474916583993e+00
2.655991832280164999e+00
5.662524871530393966e+00
2.361868329807091271e+00
6.987850163341136067e-01
6.641898312290450690e-01
1.412489400343160106e+01
2.425680817154697078e+00
1.622586262729979412e+00
1.842042487604423018e+00
2.685586571500529374e+00
6.960543683150083316e-01
4.078101844808981191e+00
3.729464351812460166e+00
3.351757612987578572e+00
2.567326923760617774e+00
9.613439086008082057e-01
2.842869628213178235e+00
7.208464533948557573e-01
6.232816026633162032e+00
5.661600692271325563e+00
5.366626499932048766e+00
3.397748178146002829e+00
1.357078028033840811e+00
1.224328967803491652e+00
2.686910376643508958e+00
5.648682807519807447e+00
4.702408446839284828e+00
3.130842466944680158e+00
1.412502806250988785e+00
1.917289954892018811e+00
2.818649663618170820e+00
1.296352299300600919e+00
8.356656207957598781e+00
3.338087202955616561e+01
3.702709922219355576e+00
1.811046204444669572e+00
2.459902198046763022e+00
3.397893517849662093e+00
4.285226872002817267e+00
3.908765838524261849e+00
5.346189355641849383e-01
3.092422847501808292e+00
2.254484108322098113e+00
2.063731221105938207e+00
2.979984299483722676e+00
2.478072635638509436e+00
3.323311213869146741e-01
1.014780246895509164e+00
3.727853135640752047e+00
4.257130691406179501e+00
1.579334476638496909e+00
1.261705457023814203e+00
5.039243948679571483e-01
2.368398759914450924e+00
4.665692442216841762e+00
2.681922359055330052e+00
1.412853354328705846e+00
1.880629227065897524e+00
4.337242612726556423e+00
2.420931804106452034e+00
3.452543166217765247e-01
5.041054593924239491e+00
2.601414697785829677e+00
3.607376703496878445e+00
1.648375030770145466e+00
2.668541518461335471e+00
3.392634477930656089e+00
6.014143703046977985e-01
3.379455419560715601e+00
2.835503570810933294e+00
4.608963849709671656e+00
2.304171162523808380e+00
4.190942611461662359e+00
1.614474351049613121e+00
3.910799425637704108e+00
3.496246753585193989e+00
2.248189679216807235e+00
3.773391994373061831e+00
1.808622701962682155e+00
2.882952711911446642e+00
3.264746056981470357e+00
4.026185398454450670e+00
3.205245152794835573e+00
3.640105011052976014e+00
3.092802610472178859e+00
2.237843945066479545e+00
3.144839048474969534e+00
5.083704184513067048e+00
3.436840153780925444e+00
3.489018702258365412e+00
2.129120625081596163e+00
1.841691009049701622e+00
1.343379443657588768e+00
3.320396529755234472e+00
3.736774342826161277e+00
2.341258623016164275e+00
4.302031487332388160e+00
4.182945177034905093e+00
5.509921486219677256e+00
2.040338445263774947e+00
3.370312201698830723e+00
4.798364626483196282e+00
3.462857675275491598e+00
2.911678724929299023e+00
4.946801741507402816e+00
2.507863609601317822e+00
4.423835656767123758e+00
6.153542162896389556e+00
3.512047012966775128e+00
4.387207784312207259e+00
3.714766308684194218e+00
5.615833317166135430e+00
3.341079004061981550e+00
3.417621471811109313e+00
1.201456225762981944e+00
1.106194828625602078e+01
3.902332332571680329e+00
8.290386331635772876e-01
3.679036665977802212e+00
1.901796794825169057e+00
2.262851723543274574e+00
3.394047893606670474e+00
2.024897419172253077e+00
4.684978108775479377e+00
5.830265499512576888e+00
9.852771413745815110e+00
8.735641585445927504e+00
6.834143723064616260e+00
6.235421673535550546e+00
9.421273548000058895e+00
8.230550021672653926e+00
8.879453291632652068e+00
