2.332868594412725205e+00
6.536968133392464075e+00
5.530853868939676232e+00
3.290169986778943212e+01
2.408700814585556405e+00
6.438000488743145233e+00
8.803514931546558842e-01
3.735973073993809290e+00
5.935713031861411970e+00
1.525808926623677619e+00
6.110495814515689794e+00
3.405598471894003154e+01
4.962950112510992717e+00
9.493368244189497318e-01
5.727322930542515955e+00
3.441200576267825273e+00
5.935552298437663410e+00
3.639444156358356164e+00
9.851894222620151353e+00
3.768472344889699510e+00
1.488655816650336305e+00
4.755809397061415922e+00
1.228450391216985738e+00
3.822452520220129824e+00
8.426950951549466717e-01
3.752182575069866743e-01
4.173187774533040795e+00
7.334718946069748391e+00
6.629471044523379542e-01
6.803805003604045387e-01
5.624303426573696640e+00
3.702110141431385504e+00
5.955956835650653147e-01
6.742269532667771736e-01
2.049571668317869211e+01
4.074265224861182588e+00
9.947161229088644641e-01
3.907126079846042099e+00
3.466628846887296334e+00
3.441960048355363710e+01
5.598466598953754092e-01
5.228479105697688034e+00
6.129595786705134941e+00
3.110686973007926781e+01
1.308730252970486729e+00
4.114054159290030377e+00
3.665559954783466079e+00
4.282092936073515155e+00
2.099731944563937081e+00
5.925025271649854375e+00
1.160786180152963309e+00
4.264820799575971044e+00
1.356803994636351263e+00
2.690799540923970223e+00
3.700298893894223173e+00
3.991249665263950419e+00
2.287655972684961458e+00
4.120250363559705420e+00
1.148752271771835920e+00
3.683268770268712355e+00
4.262410493055456051e+00
8.683950004342376516e+00
5.571515243496290459e+00
3.763685738529368052e+00
4.907159397348512364e+00
1.935527581379190565e+00
4.348459060128040399e+00
3.424689491951928400e+00
4.917449277741505753e+00
1.018041609034289197e+00
6.147312945144219221e+00
3.598583120643969124e+00
1.267941658784514258e+00
1.187767173640286389e+00
1.477886629489612247e+00
3.139220142686305337e-01
1.403023642396875603e+00
4.024160144497379576e+00
3.313954330039923235e+00
3.971908182875837579e+00
1.402812675501603934e+00
8.845778536392051805e+00
8.392643355909408243e+00
3.105120783713205057e+01
2.556682947595732003e-01
5.375127854141095618e+00
2.355674783352075607e+01
3.306072024367585183e+00
1.401539304020672061e+00
3.305934182332531890e+00
4.027223877108951910e-01
5.625672781276601420e+00
1.727340130397370332e+00
5.919472120445230523e+00
3.643087453741287618e+00
2.882448438319727302e+00
1.851353283169726582e+00
5.367097524046633872e+00
3.919513086541617786e-01
2.025525196346650958e+01
1.663077796521029939e+00
5.697612053215171946e-01
3.324936055378370892e+00
3.959730023908972552e+00
6.363078379898349235e-01
6.276681845955494055e-01
5.930715148747252918e+00
2.816258126113722060e+00
3.484116327608338115e-01
5.997710659172573733e-01
3.647418580730468651e+00
2.224017461343485991e-01
5.388880484458542064e+00
2.872210128196071022e+00
1.284749827118247367e+00
1.680266936375378961e+01
2.447420213463673999e+00
2.138492874798070265e+00
3.011278670796381451e+00
3.742146137576968901e+00
4.633217747471250370e+00
7.031175019892330624e-01
1.614792179714096276e+00
1.175012435571112235e+00
1.431028450412818787e+00
6.216943441809069659e-01
5.627338331246598102e+00
3.084462484276534155e+01
4.809760698874851137e+00
9.919550817806689347e-01
5.656787192094803629e+00
6.044231716595382942e+00
1.454038643919628671e+00
6.183481597190881862e-01
5.226839491084412259e+00
1.363464120806735069e+00
5.109964211291661229e+00
2.474992839586595661e+00
5.665711076804664792e+00
7.875206408679673586e-01
8.773467703997462896e-01
1.057060702700570687e+01
3.990922169506946116e+00
3.108326840480177466e+01
8.873774051465108670e-01
9.918331211303078598e-01
5.531795033984766796e+00
3.113266364147349918e+01
1.967026346882883914e+00
9.963876270406805125e-01
8.477472593642849219e+00
3.427603017302772503e+00
2.421567030484407024e+00
2.684149469617290951e+00
2.049961258107434148e+01
3.520596336460326992e+00
1.964876349379723663e+00
4.562385783480460866e+00
4.023006015593126428e+00
3.109133193826378871e+01
1.970940067768141901e+00
4.562501421943053970e+00
8.504286693533439134e+00
3.441269344323509838e+00
1.963394366389044521e+00
4.562819639979093012e+00
3.122426582988975241e+00
1.839041930392049196e+01
1.970769988643354509e+00
4.904225659356455047e+00
1.980781733814367840e+00
3.441070551080315454e+00
1.963391754338555728e+00
4.892985524864162272e+00
2.334782621448832973e+00
1.846672001861360357e+01
6.829102269251853263e-01
4.542708399958693910e+00
2.334055749737890206e+00
3.121311653925415541e+00
1.473238005310490095e+00
6.708069233725760805e-01
5.586927646303737838e+00
3.766790510855213991e+00
1.383653129075599564e+00
2.930316345643236620e+00
8.910260442269748893e+00
3.701854780774475273e+00
1.382430275754356730e+00
1.147488214534495343e+00
2.050669744914053894e+01
4.049222182199359032e+00
1.002257229844644826e+00
7.002142727205793449e-01
1.616868493413467833e+00
3.515022341542930917e+00
1.106781802450141683e+00
9.793868743522627929e-01
1.971716748138466757e+00
1.342626556550880368e+00
2.579303938352684344e+00
1.203994357588643593e+00
1.645267016549240680e+00
4.706455379230628289e+00
1.294893840126332352e+00
1.484448447711580743e-01
2.929770284955375725e+00
3.490159815236278718e+00
2.429225679901058310e+00
1.740923532507494542e-01
3.745877323849243989e+00
1.776836074972203861e+01
1.209281553931893072e+00
8.368511352621320620e-01
2.521986826094366307e+00
6.331694661350495856e+00
1.947027309067949519e+00
2.458279690685223784e+00
4.836828722270825942e+00
2.275196408789194269e+00
1.100772084994235955e+00
4.692784474495463876e+00
1.859187059164311151e+01
3.443703133229908619e+00
1.823586892068343346e+00
4.888558039700588331e+00
3.145708897561547701e+00
1.638616362400222215e+01
2.252474672160624802e+00
4.024904851089832647e+00
2.054205569214910199e+01
3.327270408455705653e+00
1.825709038953080565e+00
4.883842039241998556e+00
1.099797762290980474e+00
1.051185795496065900e+01
1.336087344744648631e+00
4.538422802062911821e+00
3.240348071219519288e-01
3.434988189971913020e+00
8.323888616301834409e-01
4.916231035499272650e+00
1.029358017613863696e+00
3.108684204782695470e+00
1.958037503617180874e+00
4.703693441069402681e+00
4.868755803362354584e+00
3.424309299065688705e+00
1.954993732130540396e+00
4.931517273840454685e+00
4.854779520743117693e+00
3.395657424602568142e+00
2.010577798996364240e+00
4.934989441797456244e+00
4.567944610653060344e+00
3.117290930067432075e+00
8.585018221690354778e-01
4.928719923930933611e+00
6.029762702399524166e+00
9.623714386349794259e-01
1.808509477573068791e+00
4.915398067120464454e+00
4.145450878669218464e-01
3.456576165294707348e+00
1.262030061814624959e+00
3.960747169566319670e+00
3.020004569892468904e+00
1.306881432618125727e+00
1.262308919390656925e+00
4.077259581152589796e+00
5.709356916934970050e-01
1.594824877361890714e+00
3.151558014147564091e+00
3.942402366891083698e+00
1.052947316551239965e+00
1.382203123795567423e+00
5.453738594177744980e-01
1.398736763700128449e+00
1.031994289307481383e+00
3.587050546430096798e+00
8.591099007127999121e-01
3.109381382254119419e+00
9.694338587652850947e-01
1.198293024736555301e+00
8.574572404633803435e-01
4.801748935871472668e-01
9.699623880419588895e-01
9.813874405648599364e+00
4.634748818401265846e-01
4.800948482353106783e-01
5.959840359213141703e+00
3.737964819054848231e+00
1.320613872742346873e+00
3.567948953268474388e-01
7.354503716903696642e+00
4.008217602631405363e+00
9.394133534211069891e-01
3.696894165770724161e+00
8.723393791037695744e-01
3.733992271793939555e+00
9.874586057478514922e-01
4.000218959319775003e+00
9.000931776049478472e+00
3.835442070929983682e+00
1.279051210946069661e+00
3.968037064750633558e+00
3.532051252640476147e+00
6.522834817501468763e+00
8.670167472424168409e-01
2.469616461387377004e+00
2.850133652565361331e+00
3.596535544471058277e+00
8.590938240751503363e-01
3.664952110060009094e+00
2.817930497766383269e+00
4.119512505864729945e+00
8.534538728217739845e-01
3.319446886425401200e+00
2.818968121962659890e+00
2.059226099813620436e+01
8.735322403947520797e-01
1.922538174369634589e-01
3.399554574280235220e-01
3.781711967996528756e+00
1.407203747224137658e+00
7.999535948446284683e-01
1.568367248244775025e+00
3.762420480942818113e+00
1.398269846077795364e+00
2.063358232985853247e-01
2.060868548086968488e+01
3.988751905698059375e+00
1.496941309405499965e+00
6.165793393260230459e-01
6.858128957227810352e-01
3.684348354964088745e+00
4.492000191074983495e-01
9.447279533485920533e-01
1.976350811174668820e+00
3.614099362258613723e-01
4.453451868396977598e-01
9.407665628481515219e-01
1.302066314565924587e+00
1.306602581819591213e+00
9.342504618118047111e-01
8.205159362154338387e-01
3.763064126328229175e+00
3.871885627272774411e+00
1.283836998314718869e+00
2.397862695332904082e-01
2.060123917268528171e+00
3.502430849329580265e-01
1.320919138856514907e+00
9.181360183770029826e-01
2.057007552062922517e+00
2.067595604697144651e+01
1.283257122927939919e+00
8.538937362726860547e-01
4.013202995040295207e+00
2.937724585604887917e+00
1.351500857494670527e+00
4.509195506048345514e+00
4.008577719366448910e+00
4.473605551667998448e+00
1.355582906221582506e+00
4.509427611423311610e+00
2.131968077841995068e+01
3.783050861349637639e+00
1.331356469152884303e+00
4.508286784408863213e+00
5.483108864194901066e+00
4.006529347467374436e+00
1.338119211327213121e+00
3.275979593561442638e+00
3.446321411112289179e-01
3.628854075939887736e+00
3.295417648431735014e+00
3.617690824048358067e+00
3.568585007286912969e-01
4.011124978106558103e+00
1.340930487116755332e+00
4.455000678524127622e+00
3.656907471885422756e-01
3.368295836746045158e+00
7.728345882670927258e-01
2.317726380837600575e-01
3.482894018776792056e+00
3.873820011314942580e+00
6.924823517222691294e-01
4.653158516178391158e-01
4.002609993311078362e+00
3.706953139692797383e-01
7.722610006932958404e-01
2.287687962913492468e-01
5.401639489528360372e+00
2.030860669169837252e+01
8.770498735228974274e-01
5.077790301139266660e-01
1.422108127472340611e+00
2.859632140498135300e+00
1.226528673963646954e+00
3.011129875776179521e+00
4.415210510460094717e+00
3.635869264345501062e+00
1.348179068511828005e+00
4.472080668613227061e+00
4.280089538615666989e+00
5.575539833089206532e+00
1.318083578635184550e+00
2.863785703949599082e+00
2.904897751162124564e+00
3.368526513647971399e+00
1.139801422161194067e+00
4.539652362017313258e+00
2.964075352267708130e+00
2.470542413710077767e+00
7.234046121258496109e-01
1.543911938969551700e+00
2.803596490672977670e-01
5.277001434926044787e+00
8.509016695857857249e-01
1.482634545682098848e+00
5.588856965657197584e+00
3.602982396999314663e+00
1.426349553209573573e+00
1.480931819137018435e+00
3.519551590107443673e+00
3.609062088209154862e+00
1.328636922887132643e+00
1.633946318192878167e+00
2.967707100520621477e+00
5.581261362270815596e+00
6.256051074144863833e-01
2.419554620266525458e+00
2.660839222087967304e+00
3.674454908170902367e+00
1.466663217033167710e+00
1.319413442287647342e+00
3.565471505524726581e-01
4.024815134242469838e+00
1.569916016441188278e+00
9.721232224058263816e-01
8.628948296612103386e-01
5.583770923659692187e+00
8.661489750556560230e-01
2.340216803155136915e+00
1.957534165023808725e+00
3.749265193121166906e+00
8.731261541857975317e-01
1.494628706856454103e+00
1.956244458960081145e+00
4.121001469239561565e+00
8.686383881163711740e-01
6.427929039026404334e-01
3.311778417205164970e+00
2.060911577597842026e+01
8.446121339088202840e-01
1.476414359142192323e+00
2.450829169455354783e+00
2.817268367632517201e+00
2.156883453782825200e-01
1.270099189764209102e+00
6.667796780543090440e-01
3.669225724570480907e+00
5.358542099363413636e-01
3.086238981363521816e+00
1.138049540920867742e+00
1.105146601967697650e+00
4.328109160499309382e-01
1.176448205709733630e+00
9.833667553565940134e-01
1.306678029164882959e+00
2.226743610205320412e+00
1.300717266951265882e+00
1.323723355660582968e+00
1.904132158227398008e+00
9.377255511342544869e-01
2.411470461012960698e+00
3.131797833532535269e-01
3.265760509814926049e+00
1.399650146529154426e+00
1.340514011438688868e+00
4.458259173637044270e+00
3.635150937781124636e+00
1.403937492252102404e+00
1.316617819042470217e+00
4.458442697726629156e+00
5.582934334403421239e+00
1.317702706984367866e+00
3.448541080363192179e+00
4.458096485724873936e+00
3.368710070939885615e+00
2.260537368294393445e+00
1.335183478881003749e+00
4.538785626457795708e+00
4.488447560941324355e-01
1.115249793097300879e+00
2.312920901058042045e+00
3.492731784039468490e+00
3.938802094382566565e+00
1.631381846815874725e+00
3.478407775593742812e+00
3.049706977594949908e+00
3.153535377747930912e+00
1.693977734042600103e+00
2.944216335740901247e+00
1.702391285868628756e+00
3.042631556250830727e+01
1.500690654667870660e+00
1.363976479945037568e+00
1.341186954434108403e+00
3.046239270505317265e+01
1.821700567142005012e+00
1.562627683357661112e+00
2.942750946757378472e+00
3.041219124554028852e+01
1.598954140291837689e+00
1.313649687268352295e+00
1.305583555810531315e+00
3.991996568577140803e+00
7.494788487730730253e-01
4.543516109316557028e+00
4.362511691945059056e+00
3.108403044556554207e+01
7.682752251282801703e-01
4.543425208348513600e+00
3.130119356691988486e+00
3.444749383118656194e+00
7.494020503527943911e-01
4.562535640013130944e+00
6.248538968187411058e+00
4.362454441311740538e+00
1.027530003711743634e+00
4.802289049676193855e+00
2.268514338042104672e+00
3.411464301508517760e+00
1.002874995430874661e+00
4.516567075573827417e+00
1.065427845992156675e+00
2.211611328542092636e+00
1.053000611502428852e+00
4.518450330654140146e+00
1.067582512480460766e+00
5.722438730047702649e+00
1.502124152229259435e+00
9.755490872062372310e-01
1.344648182461170904e+00
3.385520747815489173e+00
1.502477114075233544e+00
5.283488508707515630e-01
5.932158088237753368e+00
9.157600483069026964e+00
1.698489434592801217e+00
5.266010403386071070e-01
5.000228278958981143e+00
3.973065438693838214e+00
1.510349011420641263e+00
9.950445968073277081e-01
1.882761114350065101e+00
3.387137509870351781e+00
1.246190343034828230e+00
2.609123347986596286e+00
1.640491757528385053e+00
5.500934764495671203e+00
1.551636318952250404e+00
6.400611199324046652e-01
1.640140998090406699e+00
4.702092416379902495e+00
9.436357979385286976e-01
2.442438690773229837e-01
2.922364157230729287e+00
3.359465675541305263e+00
1.697600654008077470e+00
9.336708611014709058e-01
2.114985556847650994e+00
2.178379370951725846e+00
1.192245955160688764e+00
5.267066979822155881e-01
5.128143192058835176e+00
2.940897425416903133e+00
1.252173474546559362e+00
2.647431363725038178e+00
4.828418361430308003e+00
1.620622128419152430e+00
1.565977398635503448e+00
1.007191554249060372e+00
3.915576832968115983e+00
3.539721954892807165e+00
2.144595408994293795e+00
1.131615253924896480e+00
2.915112840942951866e+00
3.525057891093467788e+00
1.707237374712391897e+00
1.134649901568061781e+00
2.105850800656513044e+01
3.912395204433924079e+00
1.447473527046582831e+00
1.706299987535427221e+00
1.280750275516467696e+00
3.563380298780649102e+00
1.709703961225869762e+00
1.133664020130362049e+00
2.133644647751708590e+00
3.282454605296967198e+00
1.631598805981819167e+00
2.886158024348954854e+00
2.371028036774873726e+00
5.657890673558502392e+00
1.141176166674557235e+00
4.915387067688312683e+00
4.574285897472894824e+00
3.410583197563371360e+00
1.601162629767150181e+00
4.180992672033844393e+00
3.453587685448334721e+00
3.432910870548327775e+00
1.338554761735949228e+00
4.951734458045616627e+00
4.575366895124350464e+00
3.111990386000165643e+00
7.304587201446844924e-01
4.926833206801899401e+00
4.609480276334688931e+00
1.518790504136594111e+00
1.765865452701746108e+00
2.850516077928604286e+00
2.899549103833867658e+00
3.626447490920499561e+00
1.852342350144742911e+00
3.089778057725756977e+00
8.521639824632600835e-01
1.883092661867067363e+00
2.151189926591449364e+00
2.971742738384308691e+00
6.869810733220139687e-01
2.081217890330635711e+01
1.569391558328488090e+00
2.734099657337937916e+00
3.081790792368404031e+00
1.294211918595536304e+00
1.572621218142302268e+00
4.724588679747447451e+00
4.143852424914840071e+00
4.826522262269450358e+00
2.110084559904528589e+00
1.752427663127092528e+00
1.218629175009317889e+00
3.483418809855759246e+00
1.188827480131543268e+00
1.153291964555145599e+00
2.944776462776881321e+00
3.038911562429484547e+01
1.322290876343598542e+00
1.137756643095449549e+00
2.934363464105890884e+00
3.625240397412909488e+00
1.173578574287944321e+00
2.118085779964832494e+00
1.462449263271186739e+00
3.899924511621559731e+00
1.192263343431543943e+00
1.140458462908706894e+00
1.375950136826508130e+00
1.345520681464578816e+00
1.220330129145715148e+00
1.152264864565192726e+00
1.518686063907765060e+00
5.899317707402190081e+00
1.051521463881833540e+00
1.177375998370554511e+00
4.540718504747656148e+00
3.415357273135876337e+00
8.454411454969014139e-01
8.363519140534959595e-01
4.545443895946824853e+00
3.547743191012107555e+00
7.333264797054800388e-01
8.345041064731523184e-01
4.548975059347729832e+00
1.223769868350082390e+00
1.022601253298264679e+00
8.249831514288441525e-01
4.781274061220361027e+00
2.203724165352577646e+00
3.104994306661320369e+00
1.643743747721611470e+00
1.670441092031817787e+00
3.276332912177525092e+00
2.139867387248774122e+00
1.257278590643058136e+00
1.287786364199630329e+00
3.417842121764399277e+00
1.292203885724977797e+00
1.302038416011100708e+00
3.985700508589540281e+00
6.152324734356189317e+00
1.548377312617565282e+00
2.905046814534510968e+00
3.972684029046140264e+00
2.681185424941082029e+00
1.266094492240249281e+00
2.614325206132047885e+00
7.165617969135643639e-01
3.722713992719395293e+00
2.301207641263976367e+00
1.953129144152977448e+00
2.031123765585866270e+00
9.671426625807933997e-01
1.862569146525058672e+00
1.805954466705526729e+00
2.002918620031485464e+00
9.182652899226202703e-02
2.251975688873628201e+00
1.662938902193855428e+00
9.788370452141812450e-01
6.781918759741917491e+00
2.090887546598347857e+00
1.698262787615447467e+00
9.570989689659180621e-01
2.197062780414086092e+00
7.602541114131113886e-01
8.333085261945895050e-01
4.852516872996023523e+00
4.796367736071377230e+00
2.511745393973780605e+00
1.162969053903394778e+00
8.253878347124926629e-01
1.238786333647468041e+00
1.571719464065426619e+00
2.299895817915694973e+00
3.935144613298234617e+00
4.332653827633415666e+00
2.097593043674772506e+00
9.263666443386474603e-01
9.331408772168884980e+00
3.535126216278845046e+00
1.709016313652964358e+00
8.610977795362847464e-01
2.105091624832222053e+01
4.149853091986130948e-01
1.781202815466047751e+00
1.685759907362057275e+00
1.979541705999532608e+00
3.039358771002892468e+01
1.706438377287078367e+00
1.473127596822197516e+00
7.580433675250569658e-01
3.338362661580788426e+00
1.707047475305103035e+00
8.625220517968728018e-01
7.659945360013674653e-01
2.474139592892123929e+01
1.513218412925603218e+00
8.358951779441762264e-01
1.936308242876568331e+00
3.629523724372063942e+00
1.645988980001315438e+00
9.234589661324056342e-01
2.670016294270677548e+00
3.956581597829876618e+00
1.408929571683624316e+00
1.573281910086440805e+00
2.340243126856362377e+00
5.589385756611600975e+00
1.748264520786371179e+00
3.875406475431096287e-01
2.193335912846708258e+00
2.128574632598632999e+00
1.591521250599292614e+00
4.463755911965752721e-01
9.372950911113780981e-01
3.440195514786674291e+00
1.900707153397988236e+00
7.413566735121529527e-01
3.739395754764866187e+00
3.887275252719726293e+00
1.855391108534931277e+00
9.714542258827639776e-01
6.775722150697282009e-01
4.771080864540485855e+00
2.244632854283275858e+00
2.334047223744851463e-01
4.029948958456022190e+00
1.860860819929053944e+00
1.556298080828166119e+00
3.796682390508673843e-01
3.631192755455785459e+00
1.467561357781935527e+00
1.561596284623422148e+00
3.763727645597631177e+00
1.352184329390914597e+00
1.920521617429935546e+00
1.831501076400037675e+00
1.425651882442440010e+00
1.953498004276260192e+00
3.968057889858542353e+00
2.188208824812200248e+00
1.537885527891504012e+00
1.190351234368943523e+00
2.111097359955979869e+01
1.682658075511407558e+00
1.013604689314481222e+00
1.291720321147259654e+00
6.307089029709658234e-01
2.141394013174261257e+00
9.227938800537742736e-01
1.156313650590690800e+00
1.389312471358408629e+00
2.335412851074515572e+00
7.973967561284686090e-01
3.209226136979351551e+00
3.731426125818543937e+00
2.276989625120540151e+00
1.651115421206857947e+00
1.872564785921571273e+00
5.911838187608576156e+00
3.557053415098371030e+00
2.483175510921379558e+00
3.509175155445026562e+00
5.587148032805763442e+00
2.551791604549606518e+00
1.505934818834243627e+00
1.741908747607216812e+00
2.601959486772803753e+00
2.411491514719187990e+00
2.113934944482856793e+00
2.033528546088492206e+00
1.688432845978586672e+00
3.604098936524181340e+00
2.354493557281585936e+00
2.371708534369940669e+00
1.387507552180013759e+00
1.748979427473374981e+00
7.893654385064508006e-01
1.658937786768063249e+00
4.631862044608254791e+00
2.728337576179863166e+00
1.603108412111538428e+00
1.834184616576465032e+00
2.117394945356375846e+00
