3.980079940735497868e+00
3.427601970961158262e+00
3.118468999905823491e+00
3.427161912828713852e+00
4.482390101750637790e+00
3.979296557978167836e+00
1.072175116741168610e+00
3.411567657102608120e+00
9.980455741025006100e-01
5.535462348553853218e+00
2.205845649092537997e+00
3.429014956750658261e+00
4.884352392025824940e+00
3.426381312898388654e+00
4.861436403031592413e+00
4.345208032683473220e+00
4.885111819996704519e+00
4.195310534371940570e+00
4.868393874705514435e+00
1.003026780166919707e+00
1.219537979427731900e+00
3.296801322992841676e+00
5.227201947468316234e-01
5.519005300099656175e+00
9.812031378175826157e-01
5.517633095946326449e+00
5.261644774563123406e-01
1.967283390540340404e+00
1.216397628332354514e-01
4.830949141207892872e+00
6.111448109740713619e-01
5.352756744624834084e+00
7.648465315013316390e-01
3.861340727939401862e+00
2.961543306445430512e-01
1.215401126456609582e+00
2.429466880344082202e+00
1.795975879801323005e+00
3.137501716348071734e-01
4.843614447503436615e+00
5.324532986848163896e-01
3.995504166899976894e+00
2.082206627408520916e+00
7.812958493365869117e+00
1.961739877048719549e+00
4.343102725351893234e+00
8.364833989603651654e-01
4.180208602928305872e+00
1.999566209880469403e+00
1.134823431733134269e+00
2.066817595747334479e+00
4.551316167559034120e+00
2.614284302744292798e+00
3.880305981706276608e+00
7.920678041081808951e-01
2.202517328440523503e+00
6.572142566111551787e-01
3.518982306173730645e+00
6.616457000906544872e-01
3.178446606898847615e-01
1.621396346026140689e+00
5.590650668803601064e+00
5.376935030392738790e-01
2.449183700734456348e+00
8.820229085071105146e-01
2.476405681948243398e+00
1.780908817302429670e+00
3.615119639404269947e+00
7.199246240081464521e+00
1.358456976285156825e+00
1.591923120457333196e+00
1.302628690838768977e+00
1.114645663466350411e+00
3.284994773681935154e+00
1.695791725092407942e+00
3.975783238375614648e+00
1.502185656025751825e+00
4.667398484975414874e+00
1.503110524357100131e+00
1.374934517690348912e+00
1.052292901068800690e+00
4.537509417669602918e+00
1.553142859464349046e+00
1.199261333786187267e+00
1.993420757913916930e+00
3.482535840459652476e+00
1.850741572800397305e+00
2.536684650097964067e+00
1.781192374160866621e+00
4.492444978349207640e-01
