3.999141352522949777e+00
4.672556960947170879e+00
3.483607514005301997e+00
3.784282634161618031e+00
4.331684704427281041e+00
4.538690016333684518e+00
2.539520279642061951e+00
9.892090130788766089e+00
5.710358184573588680e+00
3.706142072020857992e+00
9.850133979717175248e-02
2.098366980591917397e+01
2.663424116792413088e+00
4.426548644247788822e+00
3.713642887933173764e+00
3.641105006221588614e+00
2.331487815533466179e+00
2.098425444287244090e+01
3.673739651652037086e+00
4.075618896743279151e+00
6.283524677992152085e+00
3.790034615804578788e+00
2.062701168347629732e+00
2.169651439544594496e+00
4.544600110565554019e+00
2.136389913802938167e+01
4.701879612354960436e+00
9.687389987592401885e-01
4.210600602389642511e+00
4.694353063133302584e+00
4.664954509891251710e+00
3.790040514023814922e+00
3.150871963709251045e+00
4.538465955355367676e+00
4.665038504257197793e+00
3.401173762657206279e+00
4.665015690406332460e+00
7.412179740875046718e-02
5.098351327799901078e+00
4.399580104525870006e+00
4.664877743669546994e+00
4.910655456998445523e+00
3.511216297656349017e+00
3.784159762973793750e+00
2.856939047720137292e+00
2.357291957807073235e+00
3.511241748966759335e+00
4.575439240670335472e+00
3.504166268057627320e+00
9.743762455652434096e-02
2.835734504604003003e+00
4.204904335679921168e+00
3.493029874575883209e+00
4.871274616445987249e+00
2.808029033512630779e+00
5.098646940751032197e+00
3.263569763414653213e+00
9.892342685990948681e+00
2.725679433341241964e+00
3.634541092759150160e+00
3.264597101905581500e+00
3.401171654422235235e+00
3.264529270843743003e+00
7.412378024320769032e-02
1.328550998194205190e+00
4.399570239886545941e+00
3.259350176394453680e+00
4.910604924840005658e+00
3.263970402347744937e+00
4.664949359860240286e+00
6.051750688957336699e+00
2.807687642313569487e+00
3.573676486848393896e+00
1.011344348919365643e+01
3.350071824620636907e+00
4.126422177779460299e+00
3.573836365358914691e+00
3.483630056920846041e+00
3.573896295561430403e+00
1.071152812993100695e-01
2.902853451303395449e+00
2.662594626247926755e+00
3.086560645100826950e+00
4.910709362767870623e+00
1.303841659986320733e+00
4.664960766005735060e+00
3.573681917838413824e+00
2.807740894763373074e+00
3.087906710021717682e+00
3.264832798730097352e+00
