1.423432107622553788e+00
2.866977902801780775e+00
9.461588166339554462e+00
7.910301036074386616e+00
6.108625659927535700e+00
5.361726518144611653e+00
1.400958601396410153e+01
2.781333350513953473e+00
2.078852925361073911e+00
2.185402241240345322e+00
8.555852149474310053e+00
6.302737462082103725e+00
5.324244012584803620e+00
1.310491757818748759e+01
1.819430234831069582e+00
4.023340691470367325e+00
2.696987072804224450e+00
4.309811716524468928e+00
5.971790998836866926e+00
2.587010629436529374e+00
3.373521371264906321e+01
2.392737914072245342e+00
2.888234052690987763e+00
3.068306144738305985e+00
2.399006230164791642e+00
3.651391619766183538e+00
4.327182336512298555e+00
4.311785817662459941e+00
2.581548754546358904e+00
2.677730939205348992e+00
4.544575548692542100e+00
5.836109785125301208e+00
2.220091671755477236e+01
4.302525012369827984e+00
4.432303117247955448e+00
2.618397652265031184e+00
2.673515296623614201e+00
4.583715939605402134e+00
3.743103420443369966e+00
4.402329074882113780e+00
2.695274792362785998e+00
4.914085379139570442e+00
4.111466171285125704e+00
3.471009015871043601e+00
3.965986481263968244e+00
3.821644983039714560e+00
2.630627084221259793e-02
6.026253376171023746e+00
2.101928944611862704e+01
2.612899012065847959e+00
3.869260469162442373e+00
4.580257728405650930e+00
5.836108297735902006e+00
2.459509679015146499e+00
3.710432006510558267e+00
4.060586179236953974e+00
1.200859384173085687e+00
2.076434320119496135e+00
9.422255261889382894e+00
8.561971345965583069e+00
6.302737291914891848e+00
4.519264853338806454e+00
1.309850125171543844e+01
2.091843251029668505e+00
2.277256299544136997e+00
4.459003534876313068e+00
6.317665308832563831e+00
6.784586236092716938e+00
5.284526052636607574e+00
1.089806551056966555e+01
6.660859922912290010e+00
2.672554442227275562e+00
4.024726000977153717e+00
3.664021146157423914e+00
3.651207617801104366e+00
2.803737303153960969e+00
4.907480618755587720e+00
2.731887512055573897e+00
3.164894536661319702e+00
9.718957148917155564e-01
7.362708572362712367e+00
6.190956781310188894e+00
5.006938121808919284e+00
4.714138766767093536e+00
1.481289082091000298e+00
4.290269525095772529e+00
3.006659809669452788e+00
8.590854089304542640e+00
6.208358477782961238e+00
4.393801937386939471e+00
6.415304115240494376e+00
3.390295456869267809e+00
4.279854902107160797e+00
4.386728020513373849e+00
4.694469160953862463e+00
2.150642574147762165e+00
3.340928134920603920e+00
3.728607657618416393e+00
4.610227181229363147e+00
1.432502464608403470e+00
2.853749748910360040e+00
6.325806456675333145e+00
7.453140906340261829e+00
6.082139674188375977e+00
5.010484517901289792e+00
2.565234475645922885e+00
1.805118663120897082e+00
3.375567794922054166e+00
7.814048485907311381e+00
5.047943717761332216e+00
5.077369469660197865e+00
5.635064647926339099e+00
4.456303809441759078e+00
3.792160132373821657e+00
5.645541596682680741e+00
1.510150638786782906e+00
2.106192903333250044e+01
3.814935831269160360e+00
3.500107982219154312e+00
3.548337580593946772e+00
5.258769002082194000e+00
3.243167241555141800e+00
3.621384174590745797e+00
4.657891344429438085e+00
2.748970935253920889e+00
4.902883713708763302e+00
2.364865302568603056e+00
2.275132292398601930e+00
1.652778702714816861e+00
4.358854309510168612e+00
1.019308005141691353e+01
5.374665248877846579e+00
6.111482071818824302e+00
3.521270350976029473e+00
5.227123187027807205e+00
3.322574597469331703e+00
2.607925610834739505e+00
4.201644755594988290e+00
8.032418203814859936e+00
8.064453978104863197e+00
2.389746193118602147e+00
2.275623159347580415e+00
1.651732888267678279e+00
9.088626845704936841e+00
8.119301849509975355e+00
6.449598352936921408e+00
5.376068170670720292e+00
5.730631878136648538e+00
2.723886215707653324e+00
1.788865723534608376e+00
2.523982569756199723e+00
2.144144940575372615e+01
1.628567191334117981e+00
4.095923323003099803e+00
6.004557351066774906e+00
3.513994649458236808e+00
7.150424746474163262e-01
4.389162423212411568e+00
2.099678598574780253e+01
4.016225702226361882e+00
1.011314560952850350e+01
2.038571658975762091e+00
1.613962900935991263e+00
7.356486738147060001e-01
4.002193806318172342e+00
6.317704462303917801e+00
5.284539000425961142e+00
5.827601435002660146e+00
3.093801295348974634e+00
1.152655861414226379e+00
2.550966657182399899e+00
4.399631061664140752e+00
2.043557548095426224e+00
3.474956062680828239e+00
2.958911451845297247e+00
3.234364765501202665e+00
5.962818795134449346e+00
2.277261149576174315e+00
7.937292433581737860e+00
6.317671255854477863e+00
5.431859173795515083e+00
5.284531263918050392e+00
5.974489730833913548e+00
2.833088313759089427e+00
1.230412304198450046e+00
2.235888185546575924e-01
2.132310806016571192e+01
3.991559029258726188e+00
3.788997305361625934e+00
6.367851280571557027e+00
3.792162041830978492e+00
4.140009878194033099e+00
3.434045497446390982e+00
1.510145367476582123e+00
3.719811986342186572e+00
3.500106710226788209e+00
5.874553730703013343e+00
3.493004417040509679e+00
1.999691814024494363e+00
4.040607298202435693e+00
2.087804117314993047e+00
3.401191089802392042e+00
3.790084907228761235e+00
6.367863624691058710e+00
3.792170472306005902e+00
4.140012419079319272e+00
5.706023226939005433e+00
1.510161582708472450e+00
2.142437003915991056e+01
3.690910214930080091e+00
3.325464389358785411e+00
5.360467106874145848e+00
1.234444244829492332e+00
1.241919458794007802e+01
3.049426775650619703e+00
2.759905309932447981e+00
3.849439175969250559e+00
2.661005184595099937e+00
3.753630267720380331e+00
7.234414363213635957e-01
5.768204855011537013e+00
3.821604892123957598e+00
3.732668008590028563e+00
3.764645298011517038e+00
1.737023782588172027e+00
6.121419306186690612e+00
2.288314890839409088e+00
2.476366399108859806e+00
4.789517866880779629e+00
2.620230361978969924e+01
2.392533846629407535e+01
1.312873548346478403e+00
3.327173104626010680e+00
6.333438113739106257e+00
4.040464313134009444e+00
3.334456948605994508e+00
2.261454775127404559e+00
2.079015047751557077e+01
3.320373885616220377e+00
5.360274510548112659e+00
1.234312366474795253e+00
1.239758956734235085e+01
3.048240618839649585e+00
6.428402895037758913e-02
2.757160485285157225e+00
1.298083330146321712e+00
3.298454670028359459e+00
2.558382580330716305e+00
3.980593235755586878e+00
3.821614151779140656e+00
3.148758423507539567e-02
1.975215265320561997e+01
2.490574123676115192e+00
3.353310612863393825e+00
5.071432386742877441e+00
8.828853982222042873e+00
7.355267937401277045e+00
5.496763037209016822e+00
7.304133573779798105e+00
1.835284255752962279e+00
2.277252391321383129e+00
4.473673530442982660e+00
6.317673375843170902e+00
5.431563440236885754e+00
3.928880273678638790e+00
4.908962558811963639e+00
1.693504965070294022e+00
3.288319766757778595e+00
3.083064768261882360e+00
2.666738928610920656e+00
3.651522093505485955e+00
4.323414210714311423e+00
4.322750113091085922e+00
3.509429767525389821e+00
3.987557369538516472e+00
4.552978682897705021e+00
6.432184353350179684e+00
4.014666243956791725e+00
2.701482332943783149e+00
4.460179679065524816e+00
3.509447440457962752e+00
3.987526434016935184e+00
5.149116655800081155e+00
5.476800196104361085e+00
2.279971952443072158e+00
2.601907244124030516e+00
3.333279763221118941e+01
1.950648352876119818e+00
5.932926440993107065e+00
2.704168199830879527e+00
5.669290745312232538e+00
1.034280859318670309e-01
3.698657792322149529e+00
3.977867291701043584e+00
5.600535310795891064e+00
3.094747872662822363e+00
6.214939404615042129e+00
9.067949583454103291e+00
5.503202513717321942e+00
6.130286461195900927e+00
3.763184245076748535e+00
1.977578502285588513e+00
2.810000840916551113e+00
3.882740564352332058e+00
5.710608469249986108e+00
6.342592974499893899e+00
5.077363597099804338e+00
4.722591926044668043e+00
1.739228660614380972e+00
2.719795856567630121e+00
3.119583584059886672e+00
3.406259011554851668e+00
6.030319056148164769e+00
3.091184746489981539e+00
4.313082332694134102e+00
2.272222164361723973e+00
1.668884972935442912e+00
4.044516264484466994e+00
3.342540627118307128e+00
4.916990274330988342e+00
4.984198404728601872e+00
3.338787415576238260e+01
2.406181379337728909e+00
5.260895652872259021e+00
3.637248424571289718e+00
3.545868363372674192e+00
2.720317136828972249e+00
4.638308419005066519e+00
4.431115880818244257e+00
8.783648375752832749e-01
3.154934798246141536e+00
2.429112453335804389e+00
4.205242950956887604e+00
3.050830137155548183e+00
5.977054665383364274e+00
2.902603719648720215e+00
2.272220458374788254e+00
1.668237588148635098e+00
1.355081263758483034e+00
3.342544287279346715e+00
2.909815712411225608e+00
4.916993258991795734e+00
3.307767691297196055e+00
3.676053421197153170e+00
2.723885786002087084e+00
1.752148373754156552e+00
2.523984267999319631e+00
3.459794123359766882e+00
5.170030560347865567e+00
3.881909670690692149e+00
1.594128779105048466e+00
1.304916780731804948e+00
4.290638813654016559e+00
6.829282676489699888e+00
1.018746811775554306e+01
3.655717883407854973e+00
1.258331827830901695e+01
2.428790205542531222e+00
1.613976499847052715e+00
3.119908102484444168e+00
4.466506759285352679e+00
6.317648736577908153e+00
3.242707565067595166e+00
4.923803411800350638e+00
3.573894657095735283e+00
1.156965337793244730e+00
1.414636543339516495e+00
4.399625801876460685e+00
3.448684284953401402e+00
4.575426053294097350e+00
1.000592201939422488e+01
2.741259916899972726e+00
1.241340902406361124e+01
4.274827030320398791e+00
6.829281442548865044e+00
3.105878715531318335e+00
4.229021928600855240e+00
4.108049562501818741e+00
2.687207652190612972e+00
3.261322006211351709e+00
5.145299191136862405e+00
4.024744914708179522e+00
8.455454461405651045e+00
4.231548106986685376e+00
1.098208265936192696e+01
1.761006165437218440e+00
3.142728645364142981e+00
5.401162413505754323e+00
3.525885213375621330e+00
2.350397071651244119e+00
3.084579561387755575e+00
4.287930440796333897e+00
2.840969239180263006e+00
3.493001397874443636e+00
4.665093628170706275e+00
4.074728311327305619e+00
1.889398446686295641e+00
3.401194674543553731e+00
3.790087116056192418e+00
7.355651326115643096e-01
3.142732593866868651e+00
5.401173048625061313e+00
3.530710267616356646e+00
2.350392190475199872e+00
2.183255697184339894e+01
3.084587213772730596e+00
7.436301914191706608e+00
5.501399584149957001e+00
9.120152172303972904e+00
6.698551093511156296e+00
6.941276301473568999e+00
4.364737076111119052e+00
4.165473404715615224e+00
1.950438078027280087e+00
3.567203543680279143e+00
6.284079193115711170e+00
2.703971005099655489e+00
5.669112956504242185e+00
3.703417929770289163e+00
2.087357252447087674e+01
1.355335731315671977e+00
3.037621349162208162e+00
4.544431991318435671e+00
4.145169446828489868e+00
4.691428497388852037e+00
6.064629750381506312e+00
2.669753434055072372e+00
7.302634974108296539e+00
4.596446483474665889e+00
8.858590281613897943e+00
6.195060345543069502e+00
6.662234167637670623e+00
1.610145355174623205e+00
5.546315847050254710e+00
3.741355670935364142e+00
5.170311972306915749e+00
9.120149126341647872e+00
6.698456256900764849e+00
4.891920815374857234e+00
2.210568333372331384e+00
1.478999310781404120e+00
6.909169908164794371e+00
8.287344435187698366e+00
6.056804695355282320e+00
5.418556516814272861e+00
5.516956585026626669e+00
8.749817668069681531e-02
4.670419559048647251e+00
2.539666377349211412e+00
3.234374897277490390e+00
3.544120343420884556e+00
6.046227488237666314e+00
3.868859276289660531e+00
5.284498490579153440e+00
1.089805927748715497e+01
8.719464017204478168e+00
4.242134432442019154e+00
3.221593158444809202e+00
1.561947271230611989e+01
9.046346405443539851e+00
6.872747492022323712e+00
2.024549369934945275e+01
1.889784810378174029e+00
2.867425680894863493e+00
4.880262478828787387e+00
8.081428652974103954e+00
6.351895194859110916e+00
3.867516196893911573e+00
1.079925162576621034e+01
5.348475499036301706e+00
3.817023151378000190e+00
4.672247897213840595e+00
7.344906751887275931e+00
1.518273076092270912e+01
5.634539075584531709e+00
5.790984561491039351e+00
3.965989598765801816e+00
3.390279688042542094e+00
4.376826224240933705e+00
4.694456980217431408e+00
3.291826142010852774e+00
3.342055111772643361e+00
9.595670859136047781e+00
9.586944776539695567e+00
5.060252589548639435e+00
2.589934134644666930e+00
9.790040003265234603e+00
1.296764247340219356e+01
9.534813655872438787e+00
7.024876416605526863e+00
3.593974557126571767e+00
3.230689073880180562e+00
1.730372411747090666e+00
2.523984204341620963e+00
3.459691163673029646e+00
4.066024932331107955e+00
3.905993040904292002e+00
1.961903461484557853e+00
3.026187661195571366e+00
2.304509200797510093e+00
7.879395746199313599e+00
8.194388467091377137e+00
2.915018585726585343e+00
8.300472678014225281e+00
1.835360108393563339e+00
3.234309087066165489e+00
3.123058825890172141e+00
4.461926083985985336e+00
6.317721814067198238e+00
4.528978214765639443e+00
1.089807411235867818e+01
3.573896371749100354e+00
3.093798804228204968e+00
1.397060265180954275e+00
4.399627313180407562e+00
3.448683017870825207e+00
3.475875690740715118e+00
9.994239450054028140e+00
6.024532893275567069e+00
2.936354576780030978e+00
4.440864651661915907e+00
8.613901970093742477e+00
8.299096854153807712e+00
8.074457786549082527e+00
5.291616738582689550e+00
3.777512192811045111e+00
3.268926205591460299e+00
1.208022197894922156e+00
2.909396870528506152e-01
1.820647697900379169e+00
2.582686766914225274e+00
3.788998740610262761e+00
2.066139461927111398e+00
5.836681492400050963e+00
4.539550786121677284e+00
5.080757523201891779e+00
1.898101049042750788e+00
2.565733750097668686e+00
3.770711598722222391e+00
3.028309161033599484e+00
3.268371110052278539e+00
4.665042979617195940e+00
4.911203141023558594e+00
7.411332154384808746e-02
3.401184890600204014e+00
3.790085809410074003e+00
5.907957521347929619e-01
6.660864132003742277e+00
3.330266195141841745e+00
4.024730203613941626e+00
1.546210269222399347e+00
2.167506072837409548e+01
3.311182139073471031e+00
1.899803436338695972e+00
6.957300147701820370e-01
3.141335611065384725e+00
5.245080811564690748e-01
2.885445619092738667e+00
4.111674770649064392e+00
4.842726128331395152e+00
2.969453249049536225e+00
5.539217997531598492e+00
4.381891846147786929e+00
5.908736786342245750e-01
4.694465672941240619e+00
3.346610632381953110e+00
3.793391125194489177e+00
2.007574180295854660e+00
4.598584134396844547e+00
3.150012405008439487e+00
4.928868205648958001e-01
7.900768394414985352e+00
3.914974568674522093e+00
4.083993909800843092e+00
3.320096656603098495e+00
3.390295198160501400e+00
4.285104074462027235e+00
4.541110116847609568e+00
4.694472973653308401e+00
8.206799865467265809e-01
3.798919923287600309e+00
7.797279301912102945e+00
6.709466688619944996e+00
5.056402435097976600e+00
9.094376655935485942e+00
9.771336401874625821e+00
1.302760257173000014e+01
6.280235278624512141e+00
1.452928290144922530e+00
3.390296529068521636e+00
4.260417279758951459e+00
4.477530659484078690e+00
4.694470635368844569e+00
6.486207920271406246e-01
4.326302428235692332e+00
4.163989247208832900e+00
7.305472695593503651e+00
2.723885666306689046e+00
2.523982782858183782e+00
3.450988854235033987e+00
4.066026287747360080e+00
2.986414180975711474e+01
1.781908975792622529e+00
2.968262844884674845e+00
3.153329584899182692e+00
3.113717680645638808e+00
6.342445762585536606e+00
4.303231992462997368e+00
1.073684813699486540e+01
2.538506446065819322e+00
8.625826533768107263e-01
1.613974540462815410e+00
4.431570341633622512e+00
6.317645203782912056e+00
5.284508453876829215e+00
5.446790988487737017e+00
3.573892166450084229e+00
3.093795423329164240e+00
3.163130845418775206e+00
4.399623499884995681e+00
3.448684466515766989e+00
3.480436994198481404e+00
2.986252318944946182e+01
2.553080073039268427e+00
3.234377816367647540e+00
1.613983363071533006e+00
4.469787207637654802e+00
6.317635562412111661e+00
5.430000989474581097e+00
5.284512244471244458e+00
2.201706871667152399e+00
7.486273613246628322e+00
3.493779904943304704e+00
4.890275150875268650e+00
1.817258488551677820e+00
2.582686513867523015e+00
3.788999291074352183e+00
4.521411090653160159e-01
1.122176423113472588e+01
5.208717761380681210e+00
1.258040665725386020e+01
9.205424226766941720e-01
1.834439444463377811e+00
4.896099745943101489e+00
3.453560159218137304e+00
5.888120934643438886e+00
3.493002971393544431e+00
4.892516543382996019e+00
1.992543799419308925e+00
3.401195570612006502e+00
3.790085249952484858e+00
2.708908082074243051e+00
6.709878327880990589e+00
4.312610520734949660e+00
6.133703758221462188e+00
2.250027686222130452e+00
2.154389758685728751e+01
1.437113863083582688e+00
3.333333333333309834e-01
3.338036426682852831e+00
5.372204853012545023e+00
1.244218503913467977e+01
3.054609630241361007e+00
2.758279004739973228e+00
3.844870545290194119e+00
4.682688326327427153e-01
1.125169796690023638e+01
5.227141752070710190e+00
3.384270070932207997e+00
2.607978593959375591e+00
3.341412007294211950e+00
4.898682708368588656e+00
4.442908510375005449e-01
1.779990581729814947e+00
5.198441428405913278e+00
7.277986536511728000e-01
2.756462580998414236e+00
4.410460699503368609e+00
4.636177250739952349e+00
3.333333333333333148e-01
5.955556574426083216e+00
5.404736493488058180e+00
1.247575140916250369e+01
7.980998001944037412e-01
1.019722713627984945e+00
1.400763601275295089e+00
4.491825932803419796e+00
4.862602690897195323e+00
6.660731916958109622e+00
5.158529266285910353e+00
3.733940342402966905e+00
2.556278109704010149e+00
2.384581369537160267e+00
2.254799889010058678e+00
3.521395224520963207e+00
5.226980283485481493e+00
3.327664734216218445e+00
3.160931741224254576e+00
9.230410170294571504e-02
4.662940704337398046e+00
2.552432059165591571e+00
5.736529443380097071e+00
2.723891201094656989e+00
4.779137844729601348e+00
8.246310372243945253e+00
2.580457418521250990e+00
3.861249235786913037e+00
4.164015785576109074e+00
5.769146054299109316e+00
2.723892635987435806e+00
1.650250221374105708e+00
2.523948742413793411e+00
2.548212012944512050e+00
3.973245606295052301e+00
3.573902613417359930e+00
7.681513687046930272e+00
3.507292211266197501e+00
2.553281058684370830e+00
2.200261088018081068e+00
1.689064073219953999e+00
1.011346503913440031e+01
3.333333333333309834e-01
3.277925172183449032e+00
3.383380043860190423e+00
1.711714946005885141e+00
2.523976994056800205e+00
2.144295644833383108e+01
5.115228780178312284e+00
1.835383326812139559e+00
9.381898453025124818e-01
1.613970776373320204e+00
7.214765225441427399e-01
4.261275064264754775e+00
4.039318725165789381e+00
4.882170045808646108e+00
3.573894894752768892e+00
3.093797601668413222e+00
1.151571049717413642e+00
7.019348592936994757e-01
4.399625777259832837e+00
3.483645339863549406e+00
1.011409356578611884e+01
1.981195322381156698e+00
6.301093879390329278e-01
1.776901754823273505e+00
2.676123895795220253e+00
7.835024499484792848e+00
6.202955160215604558e+00
4.002431991589190829e+00
2.033340713445002113e+00
6.107244431200006041e+00
2.569422026678645388e+00
6.980342500452820786e-01
4.399626399018587541e+00
3.448684359888095852e+00
2.992930528590639483e+01
4.179265541889411573e+00
2.099646388475079561e+00
2.794709743875339658e+00
8.464259319640051737e-01
4.452462073251431285e+00
6.317653694376725859e+00
3.930528824335122184e+00
6.074795525097064219e-01
5.242872174650659467e+00
1.150832562130394310e+00
2.229466177027629836e+00
4.399627994359206262e+00
3.448683916695917784e+00
2.098446606066569942e+01
1.119135075093782516e+00
4.788981398450384397e+00
4.312616231242408560e+00
3.854893184225075320e+00
6.273921489419545416e+00
3.648859016795500398e+00
3.359825151463498027e+00
2.842087079164679952e+00
1.361908189877401698e+00
3.493005907868032889e+00
4.665081844090429364e+00
4.898415936029977047e+00
3.401190213560793207e+00
3.790083036536563643e+00
4.501531825859999003e-01
5.850066143533382501e+00
3.493781330625941539e+00
3.012573259079736943e+00
4.899129417290424726e+00
2.136874930606834155e+01
3.900542923724339861e+00
1.182535087669019047e+00
4.783166001233685627e+00
4.312616711303526529e+00
3.854889130851673062e+00
6.265566979513768509e+00
2.250025721151980296e+00
3.359826506899375342e+00
1.204086181418764001e+00
6.709868049644384769e+00
4.312608578782241686e+00
3.574709138980269429e+00
6.120767825605696544e+00
2.250017623483264284e+00
3.552178025354289392e+00
4.457765375329714175e-01
2.534448824801787570e+00
3.493004306287291971e+00
4.665085167866850568e+00
4.902683963056593264e+00
7.411132585624120861e-02
2.136937278302373144e+01
7.303085236008551639e+00
1.106863009122261587e+01
4.163088549424659668e+00
9.051943924504730177e+00
3.438145177244585682e+00
6.480748311329798561e+00
4.775376342103775151e+00
7.297414115476246188e+00
9.975025681498081553e+00
4.572725915883733450e+00
7.614330682434534481e+00
9.125214507510941431e+00
6.467204101454129272e+00
2.308064969558664359e+00
6.909453527238922810e+00
1.048125109937952537e+01
8.307268319572379767e+00
1.255715375229362962e+01
1.022889822823060513e+01
6.073769017939876669e+00
4.765500465055853674e+00
7.302439801349028592e+00
6.608439351196087053e+00
4.596432097242419523e+00
8.858707140719598527e+00
6.164605997383631575e+00
6.662198537244200303e+00
1.016448652464324170e-01
