1.461659869516725863e+01
9.181370478585249373e+01
4.348082365051788400e+01
2.300678412065959932e+01
2.932508128402392700e+01
9.182541625603495561e+01
3.061520353444029396e+01
2.719155269603170666e+01
1.675478608202699959e+01
1.242865098005259838e+01
3.584112254948729515e+01
2.308178619169580514e+01
1.649844882388923395e+01
5.437537970927005304e+00
4.778838230445712298e+01
1.815274383108057421e+01
3.005761334692556375e+01
1.527857321805711521e+01
6.791796478795427561e+01
3.126651074272400521e+01
1.788818574375582671e+01
5.378348444542968565e+01
2.914938622351625597e+01
1.944381635783996387e+01
5.494458178496806511e+00
2.219555036546418592e+01
3.267483942645419148e+01
1.371397612897703056e+01
1.538560296458649646e+01
4.170427733800515568e+00
2.259866856205638896e+02
2.070986690452534162e+01
5.494029549751407338e+00
1.844849972955268314e+01
9.515168966998271571e+01
3.267345049731481055e+01
1.805960724135300666e+01
1.385901109801509712e+01
3.405924614088975488e+01
1.241498658213618356e+01
1.713410701549189596e+01
1.576946025824506137e+01
4.637794794552045374e+01
9.837043185217769548e+00
3.045307213037300453e+00
1.383642621782676940e+01
2.651966755194345993e+01
3.256347666554396625e+01
1.316517327983383012e+01
5.660420718114569816e+00
1.529289624718076057e+00
2.961149490164260101e+01
5.711598260595567744e+00
3.245100240176139295e+01
2.236317070236763271e+01
3.818345859345718196e+01
4.629357743575758910e+00
1.576930018366892483e+01
3.524895080519345747e+00
2.192650573202872408e+02
6.398587513160507889e+00
4.903467502939696487e+01
2.340621825246457988e+01
3.053162611308481189e+01
1.130538311586075828e+01
4.362632039993173727e+00
2.865489805716080696e+01
2.286669612808534069e+01
1.038155258887203125e+01
4.172520265045748467e+00
2.263200946485454494e+02
2.070982165364578620e+01
1.132118466319953320e+01
4.362495156683894315e+00
8.501148074538757271e+01
2.592325590110840139e+01
1.261699821725169812e+01
1.378218924938567191e+01
3.061308148065275603e+01
2.828234514765283336e+01
5.028554924656499558e+00
1.649835409903885974e+01
4.749169098725337079e+01
1.994158646988478623e+01
1.141388981148346993e+01
2.560988351899984039e+01
8.520080754863606387e+01
2.172855334715292486e+01
5.104130927283565100e+00
6.594550348429439879e+00
5.437532560282869909e+00
1.919396128623244735e+01
1.388227037941753217e+01
1.674146144356698684e+01
1.024537465654052681e+01
3.308812300101070747e+01
5.194414061472277133e+00
1.649859632870692749e+01
6.558391601310232799e-01
2.232135712004045445e+02
1.137262000048639443e+01
7.193485928245656247e+00
2.139164762535139630e+01
3.222770631967096477e+01
5.280769700940302513e+00
1.538598534792588168e+01
4.854912700451941276e+01
2.927186017678265983e+01
1.143977549318636733e+01
1.777651782930295710e+01
7.711757292111218476e+01
5.700722695554188135e+01
1.531647801628700911e+01
1.538561277738546629e+01
5.270015765573912603e+00
2.927366687029053693e+01
1.137507466957363533e+01
9.236597770221413484e+00
1.093532983455137853e+01
2.536812486599714589e+01
6.772401022787089886e+00
1.538581857535856834e+01
4.169638631342937884e+00
4.854942116214424885e+01
1.459270033104400888e+01
1.483857730742661296e+01
1.760393105044176920e+01
2.120304854758713731e+01
1.134915472986144636e+01
1.411712954620477944e+01
2.591121866086699654e+01
2.690939841461365134e+01
9.248990807750280041e+00
1.483917608089528706e+01
1.760395052109135960e+01
4.924897490309616188e+01
1.419746944952020051e+01
1.344710956574419036e+01
1.760434342091197379e+01
9.892706977318161954e-01
1.932633524060050334e+01
4.903169571369509327e+01
2.535074139702014051e+01
2.024149817751006353e+01
1.237639798198353525e+01
1.461841809150891791e+01
3.397089134375992359e+01
2.293611948857826022e+01
2.194135599482459043e+01
1.384109071678469860e-01
4.750547636632575177e+01
1.989369885734662091e+01
1.687381174279516571e+01
4.362437354391942357e+00
6.034912213448699703e+01
2.844828335836978894e+01
1.225908545778059455e+01
1.394377176518815986e+01
3.074533326162050528e+01
2.310180588103857602e+01
2.062130922652804443e+01
1.576944289584172054e+01
1.844576794545379173e+01
3.353536352155699518e+01
1.610304005777751968e+01
2.927884776488335206e+01
6.656863826884882940e+01
3.061566541933818186e+01
6.964292554548280556e+00
1.649847121315200127e+01
5.437523839683223059e+00
1.810139648922579170e+01
1.557051630458158797e+01
1.452802329240197388e+01
8.457046692920862085e+00
3.126776362579848367e+01
1.501175576334005690e+01
1.576952455846840451e+01
4.882518245973584137e-02
2.193193182777335721e+02
1.830875259782320441e+01
7.297248990393330637e+00
1.967968051277807362e+01
1.939874916515212888e+01
1.832841705370077889e+01
4.627232705466632900e+00
4.637835872041861052e+01
1.909860659176673892e+01
1.899998956187009824e+01
7.294602720012735908e+00
2.415156001889664310e+02
2.552359436617322785e+01
1.943955078015445181e+01
1.213481240820426343e+01
1.155361286024362555e-01
2.070969775110814837e+01
1.841939180905966467e+01
1.045674256516980449e+01
6.179717286796870823e+00
2.540482476612833196e+01
2.073848577962968776e+01
4.650420163437682497e+00
1.441458889177698044e-01
2.192563302009253050e+02
2.538750091584932633e+01
8.793302521614682732e+00
1.006405290137481146e+01
2.669958755533133044e+01
1.894331747969676272e+01
7.813687832630139773e+00
1.253761054492563431e+01
3.226524323070539424e+01
2.091611414389030443e+01
4.674741469787531578e+00
1.576948243900165458e+01
2.192809825800781312e+02
2.538270239344663182e+01
6.145218769545663484e+00
1.004592239036317203e+01
1.471501127181261692e+00
1.932630022053530539e+01
1.497109204625880352e+01
2.535067697904304396e+01
2.020822205570929953e+01
6.941287245067218947e+00
2.377159923776746009e+00
4.749230015420720719e+01
1.994163845051982875e+01
2.132555587631359373e+01
2.121641642578117271e+01
4.903328322472981426e+01
2.813110501965165255e+01
6.873930788968333871e+00
5.036499210647270353e+00
1.432017161313193787e-01
1.990575910435295981e+01
1.932624693472496702e+01
6.232791781615723892e+00
1.159026447192800457e+00
2.535061676606652270e+01
7.007678697474615603e+01
5.136529990132252088e+00
1.338992466157328254e-01
2.232131301755104005e+02
2.199786420150205757e+01
2.367097956381771784e+00
1.649837886575180690e+01
1.993985063874852415e+01
1.613844907597584566e+01
1.141369630811566971e+01
9.692968379136287282e+00
2.173171027830413848e+01
1.614626024253757564e+01
2.371532560776318466e+00
1.649855714754616898e+01
2.232148148924783015e+02
7.007675381387980451e+01
2.368426351553530207e+00
6.601334537856100582e+00
4.345940564915927729e-01
1.956294195864205676e+01
1.554992270812297583e+01
1.533549107982862658e+01
2.071008397169902793e+01
2.153270779567771243e+01
8.506642771154812266e+00
1.005687905672433757e+01
2.617821285977300860e+01
2.129827579723341913e+01
4.344974893953129857e+00
1.534727196603907373e+01
4.854917455628444145e+01
2.129834623632041257e+01
1.555030058844804408e+01
1.533318471557863916e+01
1.154854934713844816e-01
2.333520939956931883e+01
2.295836956048364019e+00
1.895594725810999037e+01
8.351197536899602980e+00
1.319417449557543343e+01
6.664246681632246805e+01
2.596995118524090174e+01
2.733509983959301337e+01
2.091259703113406232e+01
1.609007650204852879e+01
3.307214176900409086e+01
1.938459228587780103e+01
1.624504030554846779e+01
4.189254154833601973e+00
4.854927726597193072e+01
2.928576850964180878e+01
7.995514451914406351e+00
1.509084722107385801e+01
9.516684180947709137e+01
3.304170491441249879e+01
1.317174302550648157e+01
1.373596170730039745e+01
3.251229461799736242e+01
1.228236108617796063e+01
1.693936028034057983e+01
1.649839293439437427e+01
4.749197169199990753e+01
1.993612739469749684e+01
4.299982655117977615e+00
1.376710185583482904e+01
9.183199827324114040e+01
3.396244112537491588e+01
2.449779380949295060e+01
1.649849959547420042e+01
1.238053146817680528e+00
1.072852944229819272e+01
1.369381506661919978e+01
1.673259984024209501e+01
1.594655144861462759e+01
3.308830313040911619e+01
7.841198937549964221e+00
1.649859457366514448e+01
5.437534856136909234e+00
2.232153893650970247e+02
1.320396247797567746e+01
3.004288669879519258e+00
3.258738499517988885e+01
1.241563073221168523e+01
2.370139279304286717e+01
1.538588240555956155e+01
2.261322095544026070e+02
2.070993862173854083e+01
1.773610666968549410e+01
1.539315926997575446e+01
4.854196127441561970e+01
2.878983566457311838e+01
1.771815629226808397e+01
1.538551688656411898e+01
1.154987426045912535e-01
2.927763772279192267e+01
1.687469681878353711e+01
5.492581511982952414e+00
2.223720917935428787e+01
3.563338945693681126e+01
1.772321767438351614e+01
1.538576570028310719e+01
1.154934835003872673e-01
4.854938276084305926e+01
2.240813116191627685e+01
1.483713271566891656e+01
5.651258602260149644e+00
2.119859998543225288e+01
1.321635453874433530e+01
5.516582733475740241e+00
2.755927786220747677e+01
3.258774669950390290e+01
2.240960191931698020e+01
1.483940343163682485e+01
1.760393460267799171e+01
2.291759691293432297e+02
8.898049486526318219e+00
1.350830372441897431e+01
1.760436378017827153e+01
1.170758756915353471e+00
1.774185292247731027e+01
5.315453271525133694e+00
3.504677847057759266e+01
1.393604779895624368e+01
1.773344614584204848e+01
5.427258275069093862e+00
2.264190685966728154e+02
2.928374395718944001e+01
1.774643953768365279e+01
5.444773116995416551e+00
4.854185552347007615e+01
2.879000545616233353e+01
2.392548737157193273e+01
1.531613745458265363e+01
1.154933728556019057e-01
1.394937738943439598e+01
4.081394899873235893e+00
8.537892830939854960e+00
1.048498952827153019e+01
3.308816153333099663e+01
1.773719238255513986e+01
5.584224483955019913e+00
1.154780669478088079e-01
4.854923216959107890e+01
1.693937293303033087e+01
2.366206886199696324e+00
1.649839325947792190e+01
1.993745050907733685e+01
1.875010217475583474e+01
1.255557183619379913e+01
2.866829698094657530e+01
2.787384865362157527e+01
1.693942341565691478e+01
2.369623798784253221e+00
1.649856414649262959e+01
2.232151060373734879e+02
1.693943306608194277e+01
5.004783035324944507e+00
1.649863941519875610e+01
8.919801472340607162e-01
2.383059217569103438e+01
4.204836282277812920e+00
1.538599614416462025e+01
2.071031447797696146e+01
9.196141802469234960e+00
1.601646292628231905e+01
1.577535788980921616e+01
2.486309228457592724e+01
1.772024053792641496e+01
4.408033016416532668e+00
1.538612390724902923e+01
4.854914956674573290e+01
1.772078582014394854e+01
5.424995999664502300e+00
1.538583338096325370e+01
1.155009048139994943e-01
8.784823143131150758e+00
1.459331289830667622e+01
1.483960387114391644e+01
1.760393911460112903e+01
1.718089014248450042e+01
1.932627441409635694e+01
2.535066628415655998e+01
2.021438629850223379e+01
1.693938774055975571e+01
6.952328036510460940e+00
4.749255041358997431e+01
3.132507396278877465e+01
1.718419291763493106e+01
1.932625842820276318e+01
4.903043746161416294e+01
2.535062793261263536e+01
1.693935424273364632e+01
6.908724282300908293e+00
1.567900834496423756e-01
1.985990723430877480e+01
1.171229851778941544e+01
1.188280944170642961e+01
1.527830835436778401e+01
3.444208828464324768e+01
1.693942513441691844e+01
1.999404856790526352e+01
1.468514058116339727e-01
2.232150906882874040e+02
7.116053431508613691e+00
2.538693405597139119e+01
1.006164934164532454e+01
1.196183964691164192e+01
4.274654938719123720e+00
1.225586729309607925e+01
1.387970983045303797e+01
3.262639429776512401e+01
1.693941458437245373e+01
7.008667359771398253e+01
1.649852114461878827e+01
2.232153990839987046e+02
7.110529441536932893e+00
2.538178045423423512e+01
1.004104702194506338e+01
1.478343207260607972e+00
2.372676587818449789e+01
1.943436883456349662e+01
1.114429179116597446e+01
2.770796941930136370e+01
7.168149923377122867e+00
2.509371228137182186e+01
1.180754257712195532e+01
2.748993538368368306e+01
8.116253265033222419e+00
1.952802627373072042e+01
1.535063647263895348e+01
2.268160124585350559e+02
1.782619288495377319e+01
2.144493798827439335e+01
1.734675530914217845e+01
4.479283587930801502e+00
7.082513662159867884e+00
8.566900910405921721e+00
6.147622198402189042e+00
1.133755713713332192e+01
3.037203801447176588e+01
1.930161695140742850e+01
1.012957065059674200e+01
2.071005275808225576e+01
1.718355641391032052e+01
1.932629482039551405e+01
6.059207576564925368e+00
2.535065231456600188e+01
1.766966251623783890e+01
1.930462496255405469e+01
5.353342463917026173e+00
4.854906044049596403e+01
2.384159626001896370e+01
2.129832811007249305e+01
1.553989644549553084e+01
1.154877185710687926e-01
1.693942468093030129e+01
2.006657915384175439e+01
2.340886883509713190e+00
6.573896591687653945e+00
2.314633825029747882e+01
2.129832990120499403e+01
3.759081344529935365e+00
1.534091143918720057e+01
5.113606175065750215e+00
6.067100915985290754e+01
2.460705812767969292e+01
3.466923275067306776e+01
5.175582902050987144e+00
1.576156249674909482e+01
4.009985330907901613e+01
2.368585297497144992e+01
1.105277425606050734e+01
1.528193570364368425e-01
4.750666209525693517e+01
1.997781078982121983e+01
5.755729511109323404e+00
1.527943137331654988e+01
9.340704234458824828e+01
2.771459134229958821e+01
5.687868991809875929e+00
1.453928140144156522e+01
3.126408417822880281e+01
2.407860482685570247e+01
1.105201316818100032e+01
2.327627732177598663e+00
4.749123159447325548e+01
1.995016502220739696e+01
5.783277134953505261e+00
3.027365512625235056e+01
9.340275784907753120e+01
3.126515539745706107e+01
5.744382934219710357e+00
1.454415723425283602e+01
1.133957457694545212e+01
2.338944435895593443e+01
5.176205566695680993e+00
1.676518880012610069e+01
1.577272468615844048e+01
3.308794357884591619e+01
8.377484064838553124e+00
1.032784802951893433e+01
4.390699068774532421e+00
6.090546485201829086e+01
3.669707097834201459e+00
7.212206531366490481e+00
2.541548654003659635e+01
1.963266678676759369e+01
9.595980423521812241e+00
1.538615582963654305e+01
4.854902752479819839e+01
2.071021143429693367e+01
3.547161074146691462e+00
7.195942684123028954e+00
7.704941762176362374e+01
1.975921812954808132e+01
8.754021681594826632e+00
1.538568972640372401e+01
1.155541471530190656e-01
2.071005809321007263e+01
5.634834642799070537e+00
2.140931375385908719e+00
1.159931801560384557e+01
3.462702805038420451e+01
4.241929382009086424e+00
1.538596918300180505e+01
1.154918323868937974e-01
4.854931024349679802e+01
9.555268004943869187e+00
1.271876930841643549e+01
5.651303345648106990e+00
2.802910986447590247e+01
7.023291065674134082e+00
3.417110082827790496e+00
1.311337731753492086e+01
2.772977092647506581e+01
2.819169602331527358e+00
4.661789131410409404e+00
1.576950024511142878e+01
2.192885055007642450e+02
4.684630096114223541e+00
1.338755394158092393e+01
1.760415402532555973e+01
5.205421445315104201e+00
5.113787747510516013e+00
1.141320188633351584e+01
2.652853324754768849e+01
2.372151308363123690e+01
1.166000727772783385e+01
5.366898452193898272e+00
4.854894539957144417e+01
2.071010311672596060e+01
1.200132643219645523e+01
6.185648543193593696e+00
7.272175607852231849e+01
2.813304193084512050e+01
1.166180190173479048e+01
1.554976956593400494e+01
1.155265744248121229e-01
2.070993397326961727e+01
7.886695281663030244e+00
1.133768207984729237e+01
4.362607544691580408e+00
2.467636591406241919e+01
4.243278574485113808e+00
5.552896614383166174e+00
1.154917421254909593e-01
4.854923966828811643e+01
1.105205155272467543e+01
4.756133728861464682e+00
1.649787627851777927e+01
1.995142603506809920e+01
5.581114023448350281e+00
1.287372541502904966e+01
1.361813564881949468e+01
2.626933286558153213e+01
1.105260492334101485e+01
2.377293696147578128e+00
2.336845245328488030e+00
2.232132074209581845e+02
1.105273469151076959e+01
5.002348907079798401e+00
1.649858169177598555e+01
7.423614909587635813e-01
9.593455125610553580e+00
1.554419415558225559e+01
1.538623080541595733e+01
2.071022760728745737e+01
1.456146112142698401e+00
1.123994473874307509e+01
1.333690797855526888e+01
2.851551432243687501e+01
1.779813456715628961e+00
4.207880118342035125e+00
1.538631402812702298e+01
4.854910682745968842e+01
4.241494738967858780e+00
1.531653240873962041e+01
1.538605527696493169e+01
1.154922057201561159e-01
8.380060063822277527e+00
1.215410660762297823e+01
2.172993333288582107e+01
1.759026151281189598e+01
5.114076946103222276e+00
8.966065213121064303e+00
4.799562233830655344e+01
3.465189081928775749e+01
1.105214994168374254e+01
2.199678289233044026e+01
4.749200774308837936e+01
1.994915577785685556e+01
3.336430620773825240e+00
1.932657426776568244e+01
4.902850287273579255e+01
2.535095915882095241e+01
5.880757796789041869e+00
6.902919402574127616e+00
1.522026820630341670e-01
1.996436636964710942e+01
5.747049245498523362e+00
1.188111810109209898e+01
1.034880619056737672e+01
3.446552435046969975e+01
1.105276862797536808e+01
6.968469436088194691e+00
1.412543320626243604e-01
4.749593711737129098e+01
6.373096413225556311e-01
2.567597897182056954e+01
1.054011997829570468e+01
2.691978364756075948e+01
7.433394263487254072e+00
1.982364230539277017e+01
1.317730713646822771e+01
2.800577967205335383e+01
4.372914131847444708e+00
2.091393316681437753e+01
1.576949493154764603e+01
2.193220457022951848e+02
6.642380680957930217e+00
2.563511544533274034e+01
1.044779189510264139e+01
1.566081789588102069e+00
8.665212133456163812e+00
1.954830625406027167e+01
1.534642360890032364e+01
2.071005621282206022e+01
1.445470296231572194e+00
2.153190023303707434e+01
1.333756434020653536e+01
2.851094377425935988e+01
2.820833130447787607e+00
2.276988506439559501e+01
1.713514348687666100e+01
2.192824191939537570e+02
1.715109840372411654e+00
2.129836591722262895e+01
1.534597374845142603e+01
1.154928787824651970e-01
6.333139267211630452e-01
2.568191154826127232e+01
3.735976401090118060e+01
1.055063251718114081e+01
6.017640523083080950e+00
2.006472093420340030e+01
2.351445597215293670e+00
1.995028561289638702e+01
7.692297230107491002e-01
1.932642385441526045e+01
5.919708567829286672e+00
2.813678349973763559e+01
6.073146019640873305e+00
6.921238387488044985e+00
2.354259653351790327e+00
4.749139694380735222e+01
1.503242846275315570e+00
6.844073741923651255e+00
2.350654937033842540e+00
1.463458587699237867e-01
5.895267693093667383e+00
2.199737433484084548e+01
2.344701582093256853e+00
3.420246823276821058e+00
1.694815327350495338e+00
2.129832812038175760e+01
1.555017694259551853e+01
2.426987304438490511e+01
5.657129733691673046e+00
1.267468336572698284e+01
3.306471982078006988e+01
1.199645846795263537e+01
9.600783946548553160e+00
1.773660374162869857e+01
4.854893870563720526e+01
2.071008533651723482e+01
5.795467196444827884e+00
1.171957496903297624e+01
6.790620817518468755e+01
3.444947514693925683e+01
1.166971549110738415e+01
1.626049080488527210e+01
1.155517792684980505e-01
2.070990740425677501e+01
7.327915908252045973e+00
1.413249889199929932e+01
1.571875105852071997e+01
3.047146108050161217e+01
4.245286354857897848e+00
1.774019858492093604e+01
1.154924645188206700e-01
4.854922237406079688e+01
1.105202188035433686e+01
2.456228110134187759e+01
8.244092965407254781e+00
1.994497453728090974e+01
7.043497970545730347e+00
3.915596268978500660e+00
1.571850066168660476e+01
2.978648864477636948e+01
1.105275398666578468e+01
1.693942667210437847e+01
6.573928415473340614e+00
4.749114185075174532e+01
3.568442301628644397e+00
1.693940090775093310e+01
6.589448911745427573e+00
5.437536103333003190e+00
8.752597239932292439e+00
2.378050422912195927e+01
1.538616750460744775e+01
2.071018916729800807e+01
5.453833514684092165e+00
4.203361798834577279e+00
2.152488629433666034e+00
1.535342181166809610e+02
4.244437690917450823e+00
2.324778958468879253e+01
1.538624918134789255e+01
4.854908214307126713e+01
4.243361091423882847e+00
1.772619906774097487e+01
1.538598275920704594e+01
4.000597135083089562e+00
6.373445928420504725e-01
1.361813141109084846e+01
3.695892669147502829e+01
1.054171815138300161e+01
9.597781803149468161e+00
1.773487227075586148e+01
4.160523618637233412e+00
2.071013061165474056e+01
4.260656899860101987e+00
1.774843776282539309e+01
4.125529462755067378e+00
2.506673893913274398e+01
4.246248034251678405e+00
1.773867429660359818e+01
4.260367798743884826e+00
4.854911126262225451e+01
4.245051629049002351e+00
1.773852029242130612e+01
1.111646071449532336e+01
1.154908021063290186e-01
1.105260592443409529e+01
1.693937838351537550e+01
2.343161830638749166e+00
8.242455328983394836e+00
1.714692397239154564e+00
2.316543051228391903e+01
3.853562393703317657e+00
1.538626675168668889e+01
1.105221105825140171e+01
1.693927609907872878e+01
2.199852221953851128e+01
1.994472660293146760e+01
1.432788605139280635e+00
7.169618690455414445e+00
8.830167006536326468e+00
3.063790191659118989e+01
3.568584438906658551e+00
1.693940456335018396e+01
2.199837634879216353e+01
2.232146200083298311e+02
1.497770477967891756e+00
1.693944243149473294e+01
6.920072549806732809e+00
1.598092231815748943e-01
6.346941095846623249e-01
1.361250432532529153e+01
2.568042538221230231e+01
1.054545060720481509e+01
4.351423641562894851e+00
1.418753210421701816e+01
9.765010407883572441e+00
6.347541447241323631e+00
4.235838342052264949e+00
1.767621696650610019e+01
5.597960460388281767e+00
1.555021268207908669e+01
