5.499843843346302386e+00
6.191314005501716622e+00
3.456942600871876436e+00
4.679030364329985758e+00
7.820021675739714517e+00
6.192421701481966245e+00
5.003207608217006275e+00
1.029170720298981223e+01
4.467942955207198530e+00
4.651237579000569333e+00
3.932121125452075372e+00
1.089805664347189484e+01
4.399586353037126862e+00
3.448679870953128557e+00
3.477264033910160368e+00
3.641486670586412178e+00
8.015363559180151753e+00
5.710317641837590941e+00
5.044102437230340463e+00
5.077139280657632980e+00
4.478118024794500052e+00
3.660612279721542794e+00
3.001653992311938968e+00
4.324198735061351329e+00
1.600388068644413408e+00
8.042539125366554131e+00
5.333393135493206039e+00
6.361061563276695807e+00
4.910558644175736731e+00
2.173752108696987762e+00
2.128319547074524465e+01
3.790085734118613825e+00
1.599526253168929602e+00
6.163357067382103871e+00
6.471264247868080410e+00
5.333231962425657002e+00
4.779617358449279152e+00
3.695736292804023382e+00
3.641892242426346460e+00
8.291467511107283528e+00
5.329408609464375779e+00
4.205189402198681314e+00
3.570188288588551639e+00
6.128218558548129913e+00
9.659292937130459222e-01
3.689713658087138359e+00
3.914059352343668419e+00
4.235109150509970277e+00
4.250682880452056445e+00
1.812236133040469044e+00
9.673537236134185369e-01
9.610680495772925269e+00
1.660137206546923094e+00
8.653600640469704786e+00
8.101517920445013843e+00
4.396768195548105496e+00
1.510717995118308066e+00
4.205146715645043720e+00
2.121500015467039812e+00
2.056449155464482104e+01
1.809211971324979684e+00
3.461109089161765962e+00
3.000184367518263340e+00
1.014685533686769325e+01
3.168926296707517576e+00
3.105864789102658730e+00
2.973553675985565636e+00
4.407017721734953319e+00
3.114465776661611951e+00
2.174821826373867228e+00
2.131722956039095962e+01
3.790084758466301995e+00
3.166347131061552300e+00
3.105862241453920092e+00
5.961537248730557792e+00
4.466561474975615731e+00
3.146952481230609333e+00
3.675250466502841817e+00
5.002973239045236831e+00
6.919804922311281636e+00
1.403305295432241140e+00
4.399561093077029028e+00
3.483632077910879588e+00
3.784308007771701288e+00
3.150781364676010110e+00
6.829302271733294738e+00
5.967723594707877055e+00
2.356817958527841483e+00
1.422141760064192795e+00
2.309650225155605252e+00
3.448678833299538837e+00
3.724627542141019543e+00
3.136981686435585726e+00
4.464389718284528463e+00
4.857473356167948175e+00
5.284481532185338892e+00
1.444655740094654250e+00
4.399625687655181139e+00
4.177497586741528157e-01
2.098436408611087245e+01
2.881497978288260153e+00
2.060913001603144945e+00
3.373758909883036949e+00
5.425053652186427655e+00
1.584230910282087734e+00
4.910781003035073589e+00
3.401167574231132473e+00
9.891282338131686558e+00
2.898412444093177331e+00
4.464062096804735980e+00
6.030055398488791241e+00
4.823635359845586557e+00
4.594943404886104865e+00
4.910603745146313592e+00
3.336586366607595888e+00
9.891637519872546136e+00
2.882122697472786488e+00
2.461111647146732029e+00
4.451913730392523583e+00
4.313265145351798502e+00
1.975188858931478109e+00
4.910761853702022783e+00
2.173354275259086421e+00
3.401172675256693534e+00
4.377810099313204084e+00
4.780015360794915402e+00
4.694381613451138691e+00
3.794079479556236034e+00
3.078015712720443720e+00
4.012734135057499429e+00
6.909658309564530754e+00
4.573910476742696574e+00
2.774697242325085966e+00
4.780207592641194658e+00
4.694386805624361614e+00
3.346619856115418568e+00
4.259240834856059976e+00
4.339872847587585625e+00
4.694491578909860685e+00
6.258823214677988744e-01
2.723901803224377804e+00
3.460810691086673163e+00
4.066004543624227807e+00
3.867886792781509708e+00
1.869539621465038381e+00
5.500577477599311926e+00
3.626616790104416399e+00
4.689025310830448490e+00
3.504882634168533517e+00
8.977333794649666743e-02
3.483342485190464632e+00
3.780498812593263924e+00
2.917173371658245085e+00
3.105849030013075662e+00
4.307356752876845718e+00
2.955148609167357332e+00
1.854159938830058252e+00
3.718339137383507964e+00
5.017875733842070751e+00
4.688440550950712549e+00
3.219904182536568182e+00
4.205184772224459522e+00
1.568507632679569719e+00
1.035133128409829872e+01
2.871103988206138435e+00
7.807692737302224906e+00
4.913106847084663720e+00
5.003250992111674122e+00
1.148083983755860515e+00
4.399592323507200753e+00
3.448673978195946344e+00
3.637390833031987736e+00
2.782225405201593560e+00
3.874139544640522015e+00
4.304769874030355936e+00
5.077278120714756149e+00
3.476341269828043590e+00
4.205206548924906862e+00
1.611231021171022348e-02
2.057003633306679902e+01
2.694351325097644523e+00
2.086097011617852104e+00
2.157527409352184122e+00
4.320328161097911845e+00
2.885583722738382040e+00
1.510042432984472383e+00
3.570174176699458801e+00
3.778157402753192340e+00
2.920945743208172019e+00
2.085252630561186038e+00
2.250463212149759684e+01
4.310314964561201556e+00
2.834487689277493505e+00
3.851087336317348786e+00
7.415122534293534795e-02
3.790086137872664906e+00
2.704972324628593494e+00
3.081287400107731056e+00
2.633882683513874667e+00
4.322979118586457226e+00
2.810492364971632018e+00
1.517342493096672795e+00
9.460652212951951856e-02
2.056359916952113664e+01
5.303177886816439646e+00
3.245151302800394433e+00
2.902218286923247348e+00
3.832752178548521460e+00
3.632805304842606997e+00
1.917305964176944544e+00
3.343362811980171045e+00
3.307864402688343031e+00
2.836387091977693231e+00
1.524975631120227604e+00
4.205195317067108363e+00
2.056612449850614155e+01
5.304339842716049525e+00
1.853996348731072885e+00
2.897052674228319802e+00
9.083337142869017944e-01
2.723896668964121304e+00
3.518358461400803439e+00
4.066012259029039733e+00
3.871175250528800404e+00
1.144710611475300510e+00
7.131479771330262452e-01
3.483620022726945820e+00
3.784314670747941367e+00
3.427850248451100867e+00
5.503355197360896511e+00
3.460958522530316994e+00
2.577956075332920705e+00
1.134847338348625501e+00
1.405303672523141811e+00
9.281187229845500042e-02
3.781458311502576830e+00
2.723884961413005623e+00
1.767868845566332281e+00
4.523216315329108284e-01
4.066025239964119464e+00
1.038527630379686073e+01
1.430228018721065864e+00
8.691479205777359607e-02
2.098431737098805527e+01
3.511399101212730134e+00
7.101293869145308690e-01
4.399567697533815824e+00
3.784171809345250548e+00
2.857173527189949880e+00
3.150812863935206209e+00
2.584791567769675336e+00
2.357101607291307577e+00
2.222208422079127832e+00
7.114597682328932526e-01
4.399615239345648909e+00
2.098449217237044806e+01
1.038527061277902064e+01
7.105279054660584848e-01
2.302338354601958681e+00
2.775122880696017091e-01
2.878252609377292881e+00
4.664976812436890441e+00
4.869506193275697115e+00
3.790040787175750214e+00
3.253597290929556518e+00
2.100706700737562382e+00
2.784039346786121083e+00
4.231550878921758851e+00
3.493014918269682578e+00
1.303492468185937669e+00
4.879193967451740832e+00
3.401170547568938662e+00
3.493002612093761172e+00
4.665090176534412159e+00
4.867696036924357372e+00
7.411774036721870129e-02
3.403329999173999365e+00
6.887510868145080289e-01
5.765755982390643908e+00
3.319146661167863499e+00
2.725619300438458126e+00
4.916568779654899579e+00
2.931291504200506548e+00
1.031786267373973054e+01
5.166641619456650680e+00
6.138670232743909772e+00
5.290549891115119863e+00
5.539067184175887171e+00
2.619853968050927850e+00
2.755742303587756847e+00
3.401184782722700195e+00
9.893816037720107204e+00
1.519560399872159850e+00
6.612107552438321711e+00
6.472518831627799507e+00
5.375920667149766352e+00
2.727784543697313158e+00
3.662923121946771943e+00
4.226153467886433646e+00
8.257966928258563044e+00
3.093766117828993689e+00
4.399571449171833848e+00
3.483628883590486058e+00
3.783876799721308970e+00
7.018049552753922171e-01
3.671227161555955743e+00
6.193050584316132756e+00
3.633081952020480454e+00
6.052396117639436746e+00
4.399599892126453859e+00
7.867909529016733350e-01
3.048680981301687520e+00
2.625100879022438161e+00
4.462026624064557190e+00
6.056741006746416467e+00
5.284508153850130618e+00
1.343189309919940344e+00
4.399625219644037522e+00
3.448680237340724375e+00
2.098454936777016755e+01
2.722078493008668776e+00
9.524978671190874602e-01
4.238887728078661432e+00
8.292811669519425166e+00
5.855638219457645732e+00
4.910707754844594319e+00
2.129806553393396840e+01
3.790065683296131027e+00
3.264839761816482167e+00
4.913930670994266059e+00
3.400273541035223612e+00
2.582676719967865520e+00
3.262566655545093397e+00
4.910537871969371970e+00
7.412464570565191480e-02
9.892363363729732129e+00
2.903872452834757478e+00
1.597310964249632148e+00
8.050905224653575942e+00
4.829078781938089371e+00
3.263704094195219341e+00
4.910700729169609424e+00
7.412230676267957119e-02
3.401177406478335996e+00
5.536126522355786506e+00
4.779563776512849138e+00
1.820071689936690662e+00
3.793704151329821084e+00
2.724045628275627795e+00
1.379911870142568775e+00
7.349140763255328501e+00
4.238619592296042349e+00
5.536489885948900458e+00
4.780275441363794009e+00
4.694382560714131181e+00
2.161905067712111972e+01
1.410258943201301518e+00
4.359226753777780239e+00
4.694497008047542330e+00
7.406428327918016530e-01
3.266162343614908536e+00
1.594635981457538376e+00
2.796013780744131427e+00
2.888159353290747244e+00
3.265971353285161971e+00
1.628177482520726471e+00
2.132734649279397843e+01
9.893444207096552034e+00
3.267145615973281902e+00
1.633431935098626608e+00
3.400270438014407315e+00
2.582683543030423579e+00
5.911002762388359422e+00
4.594841236374794136e+00
7.412118563725773879e-02
2.890286819137524166e+00
8.760693608154875855e-01
2.277245435040016641e+00
4.907853195070823737e+00
5.284489453918003399e+00
3.266841252247087990e+00
1.675267345186504997e+00
7.411337612545783327e-02
3.401190336694940086e+00
3.093767590931669531e+00
7.098620658599088529e-01
4.399571535860778759e+00
3.783980693278135021e+00
4.578169872097397786e+00
3.131807141570449371e+00
7.644879194919088405e+00
3.985505600836167783e+00
3.093793098484392434e+00
7.108871396352777206e-01
4.399617105731369548e+00
2.098452178471684348e+01
3.093801878955228180e+00
1.397394702734671368e+00
4.399637177386335196e+00
5.674328315804283429e-01
5.887558066935430823e+00
1.261450884683344098e+00
4.910811605176334638e+00
3.790032073024327985e+00
2.271987974727693427e+00
3.622219913418755599e+00
5.080674644273575957e+00
3.970520797324935014e+00
3.263006403480465334e+00
1.322409904924959134e+00
4.910902407970406891e+00
3.401169597096016961e+00
3.263159885259454995e+00
1.627498799899344872e+00
4.910761196575592180e+00
7.412772892275161507e-02
1.404873331536795833e+00
4.377993869492002865e+00
4.780340614629238871e+00
4.694383763893632988e+00
3.254414766949786042e+00
2.723895702760529502e+00
4.066010110924171528e+00
3.870565152001875564e+00
3.093775364978398557e+00
1.146326344412329945e+00
3.483615249596889729e+00
1.011402277136099492e+01
3.255869365466684595e+00
2.723886320767812119e+00
3.460649787581045800e+00
4.066024143436732352e+00
3.093780606272865441e+00
1.139946039787578469e+00
1.014232664525565042e-01
3.777799597767689477e+00
2.893626692630325348e+00
1.805183264693452250e+00
5.710213072992568861e+00
3.715274522378706479e+00
3.093799434457184194e+00
2.797570595686428963e+00
9.512461295187790711e-02
2.098451782866115067e+01
1.758083788960950189e+00
5.303263790869994665e+00
2.901524772345819514e+00
7.910639875183488101e+00
6.829670599786273888e-01
1.853833051874392623e+00
3.701255954787475932e+00
4.243469959762403043e+00
3.093787317289347527e+00
1.038672099018236672e+01
4.399605638565009968e+00
2.098455318963087279e+01
1.756719038497360996e+00
5.304769660940441334e+00
2.895693485848190196e+00
9.126001307638110793e-01
5.861906864022055963e+00
2.832701559694148941e+00
3.090545672097382290e+00
9.607023375259631237e+00
1.770954686951995427e+00
5.212610526556718860e+00
2.947869776534074671e+00
4.620853325480520191e+00
1.366270037352784072e+00
2.865842786827689448e+00
4.881914146610180971e+00
2.136786627570049291e+01
4.404118242165050212e+00
3.792097515910539673e+00
5.731004579252418019e+00
1.510156129615708664e+00
1.749797493004204396e+00
1.288721975730451774e+00
1.848239365213776297e+00
3.738370691555420677e+00
7.503679980045963482e+00
2.785669964316214831e+00
3.038871195179023488e+00
3.790042662733073442e+00
3.255588676951058691e+00
2.723891581688379304e+00
1.724590825376226322e+00
4.066021563846033082e+00
3.251661851508951262e+00
2.786688820293516500e+00
1.606002739175107052e+00
3.401176387431549486e+00
5.890276723063507802e+00
3.492998605969319215e+00
3.574765383062488144e+00
7.412276663804107102e-02
3.093792351292854903e+00
2.808185410064698129e+00
7.022660650529152226e-01
2.331651437958010664e+00
5.718507097132317085e+00
3.493016667941976294e+00
1.127724403358981276e+00
4.873965049705560659e+00
1.594364938149415822e+00
4.339777188909244465e+00
3.662429986650901359e+00
5.531971791683105266e+00
1.835021781253596940e+00
6.017637693030422952e+00
3.048925593184178329e+00
4.924217475783490450e+00
3.573889659544965181e+00
9.890640945729008149e-02
3.483309704349474512e+00
3.787207223798732425e+00
2.028384646052733498e+00
5.710559224209784013e+00
6.342516781131496195e+00
3.101979750972437611e+00
2.005766734970229948e+00
3.877141707051082964e+00
5.076855014942718292e+00
1.073671214989223266e+01
3.573635988954725118e+00
9.003878676543261017e-01
3.483640700309231786e+00
3.784976499986895337e+00
2.037566269080004933e+00
8.072974700333958253e+00
6.342110370475417369e+00
5.076978787581566621e+00
2.024602831975428785e+00
3.878441929134085253e+00
3.795487340965256973e+00
4.713655261107551731e+00
1.835229315379668380e+00
4.470717013366955150e+00
6.020142314239573800e+00
5.284465754325689879e+00
2.902215438810690440e+00
2.754092807871716619e+00
3.096816615768593461e+00
4.372285650265173906e+00
1.113113375708138619e+00
2.066593145706372869e+00
4.308454118148477896e+00
4.333366306608628093e+00
3.088340275159822568e+00
4.910886955117608643e+00
3.401133531980804037e+00
3.790034511395942385e+00
1.072268786013090391e+00
2.061628632800482475e+00
6.027930781430768548e+00
2.165129909986111212e+00
3.027715426475552363e+00
4.910646447403119730e+00
7.415028157519525098e-02
3.790077700776115055e+00
1.988090386444933300e+00
6.716537199711373196e-01
3.879045535822427837e+00
3.733740886544656856e+00
1.303835063023633722e+00
4.910836753406968569e+00
7.411969264166391735e-02
3.401180624340119696e+00
3.074770826047791505e+00
3.522382887593008771e+00
1.820101908030389071e+00
9.758170087703083695e+00
2.450862912189189391e+00
8.561329241440608362e-01
3.496900618009315398e+00
3.898939089968119109e+00
9.148775741253961646e-01
1.520905248147594646e+00
4.205200065363045248e+00
2.056689227643505191e+01
1.451387211034870006e+00
4.321022254514137906e+00
4.694441073420147603e+00
3.291820932892240759e+00
1.594425456245256667e+00
3.150745158642195065e+00
4.537671406685338304e+00
4.488473547314396406e+00
3.776280425666688867e+00
1.610069535658169571e+00
3.401146976638531161e+00
3.790039559450283146e+00
3.890042099851077406e+00
1.756119098067786100e+00
5.985841571598655264e+00
2.578057565591907352e+00
3.776878573848203136e+00
4.664930869780202549e+00
7.414965275912759057e-02
3.790096283343901362e+00
2.738635537378291129e+00
3.163549318365512786e+00
3.105889277681313843e+00
4.320025479739238783e+00
1.304284748875889077e+00
1.665868984314945012e+00
7.411979906014683206e-02
3.401186337714502628e+00
3.573648782523131562e+00
1.335384432526373955e+00
4.399433674271409522e+00
3.785075462707636174e+00
1.970185304015338090e+00
3.124561823104858416e+00
3.631502839685199380e+00
2.945331711517373829e+00
3.573833220949561795e+00
7.131881088442734162e-01
9.036148598657263165e-01
2.098433377719500470e+01
3.573876472680543426e+00
1.396788009411768172e+00
4.399621784473595199e+00
4.725922593770566782e-01
3.087498593365997746e+00
3.575287514222651453e+00
4.910945924309852550e+00
3.790033793713535548e+00
5.953334991771607188e-01
2.787449679053443763e+00
4.024747142456003068e+00
2.799583870856897416e+00
4.832118251233197270e-01
1.262364035502612891e+00
4.911040292255601791e+00
3.401169901941965890e+00
1.303690196497993670e+00
4.594959722621886122e+00
4.910894592479176701e+00
7.412048702809670431e-02
2.903074019271967732e+00
3.646231982286894269e+00
6.196304513502148836e+00
6.480580920044693549e+00
1.594521846136205623e+00
1.309539771968513122e+00
3.993445069107598666e+00
5.530360965633756898e+00
3.573681575563190105e+00
3.511274225004218597e+00
3.483621336662578560e+00
3.784896340268138371e+00
1.011404208565889862e+00
2.723932333597410160e+00
3.460530267691507955e+00
4.065986063070512024e+00
2.070056573669788236e+00
1.139109409200697698e+00
9.851293322170324995e-02
3.786145991280779555e+00
2.025491513524658505e+00
1.804955457033004862e+00
3.951890255604946223e+00
3.705742977394644644e+00
3.573887783704189136e+00
1.148687023242189964e+00
9.157420693863589645e-02
3.483542991826890756e+00
3.333333333333357018e-01
5.398688774527689027e+00
3.064150003066067995e+00
3.834802595207587927e+00
2.587550308020302392e+00
4.085793034610875729e+00
3.513948569724862470e+00
3.986061477944711218e+00
1.567492280144752614e+00
2.836077917399716597e+00
4.205198648412705076e+00
2.057032133523143713e+01
2.323905480963278425e+00
5.410254398549142252e+00
3.038205650842769501e+00
9.661562633805212963e-01
2.778115204080942480e+00
2.873052159882764300e+00
4.878402240010099256e+00
3.790040392956001813e+00
5.917752497339824336e-01
3.253592411784003602e+00
4.025087729093873357e+00
2.799704576687739976e+00
9.163388984109607227e-01
3.532475464702136581e+00
5.329734926477617485e+00
2.056627093235038117e+01
4.616461097961253590e-01
3.493002925612470388e+00
4.878124063284261069e+00
7.412210002499364236e-02
3.333333333333309834e-01
5.399418238283847593e+00
1.102352180186086805e+01
3.067486218460803826e+00
2.115679586343586660e+00
2.807903846274864446e+00
7.054336791645864357e-01
3.784988081805837457e+00
3.333333333333309834e-01
2.723914691962373791e+00
1.689809792857345228e+00
2.578270730887501028e+00
2.134179568346302514e+00
1.141773565180530525e+00
7.062778960055370314e-01
3.483637676175961762e+00
6.110308406635667211e-01
1.130480583719153387e+00
7.051964811101522068e-01
9.480299259938362866e-02
2.074892722108117482e+00
3.511342502237576380e+00
7.034104746279759013e-01
1.036703473044277901e+00
4.548819486059206274e-01
3.493017170998960808e+00
4.665053082778655380e+00
6.283632930399806860e+00
1.995521340239434949e+00
2.561303084271139952e+00
4.302753106581424625e+00
8.307246886462989366e+00
3.089941289384630974e+00
3.266631299295314594e+00
3.401147901840362753e+00
3.790038862891729199e+00
2.041629216575060468e+00
2.895424404114029127e+00
5.043233741482407773e+00
3.710452240073152552e+00
3.779516173186095784e+00
2.625615116425542794e+00
7.415580588385732586e-02
3.790082553436092017e+00
2.552394372220407437e+00
3.234227069872870342e+00
6.008838369916158051e+00
4.375727954259436281e+00
1.304953942074137840e+00
3.267512833286687624e+00
7.412132313676522699e-02
3.401188946504241972e+00
3.573638892722101446e+00
6.068328272096228382e+00
2.198424790775268978e+00
3.784565688749884860e+00
2.457597873582891168e+00
8.184128400077845811e-01
4.191600176449761683e+00
4.261272520956093324e+00
3.573882903755707385e+00
3.093793305900573554e+00
2.331618198504289641e+00
3.483645664294212185e+00
1.079361819132827804e+00
3.093791691493978480e+00
2.315066412632975190e+00
3.448681277957793778e+00
3.027240660069428824e+00
5.875183397783071193e+00
4.910884853082862378e+00
3.790034631091798278e+00
1.707762710444211907e+00
6.818882661101509646e-01
6.754570209522464674e-01
1.337206959032525511e+01
1.304671082382786951e+00
5.743571544452521493e+00
4.910975398091683708e+00
3.401173798561226480e+00
1.304312251771581943e+00
3.264370680527562740e+00
4.910834272613527673e+00
2.533130829319759414e+00
3.333333333333333148e-01
3.364479525093031498e+00
1.247269553477895876e+01
3.064903251885658708e+00
3.088940674989719692e+00
3.266236107738492933e+00
1.248157085591165893e+00
3.790035193283577630e+00
1.310076944723372661e+00
3.267584579480664164e+00
1.237658838826517949e+00
4.011656502236323085e+00
1.305274469816083638e+00
3.267141574077515376e+00
1.278110339623168556e+00
3.401172730360260577e+00
1.304875707962030562e+00
3.267135826854973057e+00
2.368011594554232602e+00
7.412003207329576071e-02
3.573833554613884189e+00
3.093770940633836286e+00
7.029485491916295237e-01
2.197988087728903306e+00
4.615069759998107202e-01
5.723224008917203953e+00
1.156068718110996540e+00
4.911011712273449348e+00
3.573701945715195283e+00
3.093712970096144321e+00
3.511473908094936203e+00
3.784546653324704746e+00
4.345733192320129779e-01
1.771317558818395810e+00
1.313913361268797431e+00
2.749462446437313190e+00
1.079409193487589791e+00
3.093775855072863123e+00
3.511459903620146150e+00
2.098447744416820981e+01
6.092069003066953314e-01
3.093799658916516648e+00
1.141602008125820022e+00
1.033359538212863526e-01
3.333333333333357018e-01
3.363089303903895821e+00
5.399866045094742439e+00
3.066024757028666503e+00
1.560329499732908687e+00
3.505154990453613895e+00
2.009320331213395150e+00
1.891814689262318439e+00
1.301804919406019279e+00
3.253132832411324671e+00
8.738171573385784541e-01
4.665063804623725829e+00
