4.744773692075183291e+00
1.037773235120976523e+01
3.548095562377332612e+01
1.933026994955353217e+01
9.060165347250864443e+01
3.221947891518060914e+01
4.075061068627775285e+01
1.399061622745429645e+01
7.311230770574971949e+00
8.195258404651303508e+00
2.369467779180073919e+01
9.350007249766177608e+01
3.230732628797193939e+01
3.522275528052339411e+01
1.237949417718867018e+01
1.381979813625366660e+01
1.011370152301584113e+01
1.049177187742559703e+01
8.532488537402031170e+01
2.431380537323678936e+01
9.570755477206188289e+01
1.550233800046183497e+01
1.139936782126534531e+01
1.039078750352233804e+01
7.036713117577210852e+00
5.391296574940763975e+01
2.523909934799037202e+01
1.938642851758435270e+01
1.572046354150412917e+01
1.094557144446970831e+01
1.842152168038198568e+01
2.188541169421987931e+01
2.385711020153204061e+02
2.618342935500994528e+01
2.032085998640292601e+01
1.609823031329866083e+01
1.092885470722431229e+01
1.886072673802216215e+01
1.160648595940943473e+01
1.059491806070378495e+01
2.573712315347809110e+01
1.313710018328807472e+01
2.579233380696689437e+01
1.498057197440958355e+01
1.320200201193600975e+01
1.433116868639892516e+01
7.971597224912764512e-02
6.515987305653420947e+01
1.217423307535903092e+02
1.604183775666383482e+01
1.297710518722516326e+01
1.882191278818653757e+01
2.188540611650962475e+01
6.737568539013667035e+00
5.274440641550879150e+01
2.850740608034334400e+01
6.131865307997834691e+00
7.310178467750904296e+00
3.533345723208518763e+01
2.372571585749557954e+01
9.350009349032346506e+01
3.889980441756420504e+01
3.527062156641059687e+01
1.131292408196706312e+01
8.537967501718664920e+00
1.672126325578616957e+01
1.718701619318741791e+01
9.806791249007663680e+01
3.308847212873786958e+01
2.308058862045727722e+01
2.696062349750212661e+01
1.078266880259722882e+01
1.333685994887812143e+01
8.588719944867055034e+00
5.060380174526235919e+01
2.848838229824007939e+01
1.081486482205216682e+01
1.322223114944592659e+01
1.268247437238687780e+01
3.063527232381170418e+00
2.761015714636018004e+01
9.181655624532750437e+01
3.063317666747120427e+01
2.276520251801984074e+01
7.774065893536103111e+00
1.751222423327761035e+01
1.049096053611669710e+01
3.221570283489202069e+01
1.857244764425112038e+01
3.816460196847300068e+01
1.389647912767303595e+01
1.830458617853095404e+01
1.426618300702386932e+01
1.359526007786107549e+01
1.760425935357699245e+01
3.400660517103897273e+00
4.951733520221196017e+01
2.041357023584933117e+01
2.573651848898212435e+01
4.775008215361347119e+00
1.032999187690667497e+01
2.192045109319258245e+01
2.246453077391052489e+01
9.031108039852976788e+01
3.662901812827865911e+01
1.271326975955437177e+01
1.188227671476257363e+01
1.265837923095771167e+01
1.960700927670319516e+01
6.799164709066546664e+01
3.126854802285487622e+01
1.658675057595479529e+01
1.803742018107379863e+01
2.144529634410028507e+01
1.723544558615952837e+01
4.479420684741073799e+00
2.213670628915648706e+02
2.428419553071161019e+01
2.235496893800269547e+01
1.436231877859453654e+01
2.528458626420556854e+01
8.657027998557820681e+00
1.098240756802553086e+01
6.082967742810901512e+01
3.079572437299198384e+01
3.682991785458808920e+01
1.333728359441499833e+01
1.273627061331549193e+01
5.707557824522486278e+00
1.634570366066313341e+01
2.659050579615184517e+01
3.299697588644005464e+01
1.553644112768163232e+01
1.425276094442679664e+01
2.516152855079666395e+01
8.957975242912636915e+00
9.104985242749533469e+00
8.827045574676136042e+00
1.144563698655697408e+02
1.292950571426679574e+01
1.350048325076961220e+01
1.274181293438853402e+01
5.706995027090724371e+00
3.408235067139352026e+01
2.245171448776251566e+01
9.493570604654190959e+01
3.300908712000630629e+01
2.319541474483882482e+01
1.932626853939501999e+01
6.317024165260993307e+00
5.205771297854028035e+00
2.280685081990706067e+02
1.743015023857545742e+01
1.792670322824359275e+01
2.430416070669885542e+01
2.202157600230373191e+01
2.383474915491383683e+00
1.645935908704652562e+01
2.233222494257377093e+02
2.610707752184729102e+01
3.134956368150183437e+01
1.085534171626280830e+01
1.043534059630147759e+01
3.141627244969852573e+00
1.500822677369315983e+01
1.718713611677450714e+01
3.308859033526040605e+01
1.739557068235160031e+01
1.693944190885865808e+01
6.995589956836709256e+00
1.138447691683561125e+01
1.649861648124052138e+01
3.255315836804194785e+00
4.789558552528657742e+01
9.604319067181089409e+00
1.413305479565217126e+01
3.962410559526417586e+01
8.537967005818087429e+00
2.976484662593152564e+01
1.718703797784222687e+01
7.192881611680141418e+01
3.308851911639677468e+01
2.418245843432775288e+01
1.943254506702153606e+01
4.101374347328170522e+00
8.374786930763917780e-01
2.263688034143024481e+02
2.482961991547632863e+01
2.071589605091696740e+01
2.577463613564679079e+01
2.144530356076134225e+01
1.380003292731344011e+01
1.147691887433154534e+01
4.479404952897710679e+00
2.320237234653063751e+01
2.235499412846415623e+01
2.377795557665505655e+01
2.129834535064967227e+01
6.921381880254187990e+00
1.269393797416598169e+01
4.001776961266993560e+00
4.854922576011684754e+01
2.070978477118559624e+01
2.577468609993999848e+01
2.144533988276339187e+01
1.380004139693105181e+01
1.731432118817012622e+01
4.479459305230829358e+00
2.249076919362263425e+02
2.287369367621025162e+01
1.346021300454747127e+01
2.553369516487503788e+01
5.380222589354088036e+00
3.684526353544755040e+01
1.055431458357346663e+01
3.071221903079824145e+01
2.687207681487183919e+01
1.235312630561604230e+01
1.336054980085844512e+01
2.411471454404549242e+00
1.896427968046434032e+01
1.433101834546484632e+01
4.428758321553152655e+01
1.737969242090444055e+01
1.099015228557058599e+01
4.203353428543780268e+01
1.079465387244270858e+01
8.836282591310832046e+00
1.796069200080293626e+01
2.557155282690105196e+02
2.668225480216975143e+02
5.314011981402413376e+00
2.259748998272375431e+01
2.111146037913035300e+01
1.344013214920771127e+01
8.343320199142828741e+00
4.006788728435299873e+00
1.214060787517622515e+02
1.343960858463707275e+01
2.553432964723466725e+01
5.381195717423431724e+00
3.685114531725186993e+01
1.055020748151688359e+01
9.640839225346825581e-02
3.068140553419752337e+01
5.254146812497015873e+00
2.185954951231445875e+01
1.134307429279474810e+01
1.324873663022719938e+01
1.433105306917177835e+01
6.813932873549946589e-02
2.116245273613201618e+02
7.802502621290467566e+00
9.433471875780620408e+00
1.901787145028579218e+01
2.664771530414492418e+01
1.047271223710731505e+02
4.036412007184830486e+01
1.299914266736433532e+01
5.176370404299315275e+00
8.537945584775778585e+00
1.677627573916117854e+01
1.718703859948077906e+01
7.192313727191741179e+01
3.584953124674925817e+01
2.379291900905858270e+01
5.411056000810965827e+00
1.517964506578438488e+01
1.043763347720635970e+01
6.071726781527097216e+00
5.390584047557047853e+01
2.527406863666814729e+01
1.951285847505983995e+01
1.019930923349953567e+01
1.946530636434770045e+01
1.653946696492268842e+01
2.412069132506317359e+01
5.167914448960555518e+01
1.526355889847224923e+01
1.673037637916380049e+01
1.019936225759965431e+01
1.946522916431996109e+01
1.841261248312529020e+01
1.436050696282893036e+01
6.688332413149211675e+00
2.491559187716424262e+01
1.132139537100481732e+02
6.182563314959853784e+00
1.977642146997701289e+01
7.599841904909733437e+00
2.125984029492087046e+01
1.551245919000800444e-01
4.488006935376110818e+01
2.051475683441264053e+01
1.713331926431412100e+01
1.535396261063606005e+01
1.949141625417477641e+01
3.400481093795290377e+01
1.642342115880940412e+01
7.509905671676091288e+01
3.229759452909473083e+01
5.603295836440419286e+00
1.569149062986250165e+01
1.456027711632125765e+01
1.527967009588640401e+01
9.340783555450535403e+01
3.126850203118563698e+01
2.332183210867045986e+01
4.888174799323077302e+00
1.857087460315406702e+01
1.057844792382204702e+01
4.701175228765758440e+00
7.680577869859108375e+01
3.015376293436351318e+01
1.931470453026420842e+01
6.487315224607645980e+00
1.095382185438440992e+01
1.568374528829965620e+01
1.253452735169365972e+01
6.569467950891578312e+01
2.995332678244811220e+01
8.130048080913171304e+01
6.889233061319323781e+00
3.338454249523101680e+01
1.103817021182318037e+01
1.329700636264753655e+01
6.699326730554266973e+00
2.986115388269899995e+01
2.557488352107937857e+01
2.777153754441177735e+00
2.138117400256317069e+01
6.652221234475025113e+00
1.576966106608832341e+01
9.057943218720369671e+00
6.813220759538054949e+01
7.858504138480171264e+00
6.487310106134980714e+00
1.095153130383653739e+01
4.037586047135121703e+00
1.253454107729754696e+01
5.371138763044102760e+00
6.569470686252893188e+01
3.226437791688147882e+01
1.135929619321077944e+01
1.932626845398380766e+01
6.169749056278646115e+00
5.205775544031716606e+00
4.902239704209697635e+01
5.821453335083899105e+01
2.009934771254534525e+01
5.112897627077852114e+00
8.935301958280492229e+00
1.489040421536435055e+01
2.560981003683637880e+01
1.187401887841751886e+02
2.459159388782187250e+01
1.103559472164227451e+01
6.957066323259918583e+00
1.043544410544612866e+01
1.381117641610982183e+01
1.674940034732007987e+01
1.718695876744210338e+01
2.815040924065104733e+01
2.368954219325324573e+01
1.105278925021222136e+01
7.025024734648879665e+00
5.073976699067001661e+00
1.649859675703673645e+01
5.437541495827344917e+00
2.791579297259094616e+01
3.261842435780025085e+01
7.894569207620690143e+00
8.289630759018849915e+01
1.482706830475853543e+01
2.560980540955824480e+01
4.362520269596685374e+00
5.957121859565495470e+01
2.333793174495071199e+01
8.392462202792117409e+00
2.155504763452911376e+01
1.715099730378953780e+01
1.333689760053037787e+01
1.018195852347055279e+02
2.617815436735661550e+01
3.462071867041652240e+01
4.953513847696426886e+00
2.174060329143249604e+01
1.800387471168584952e+01
1.218380262640584455e+01
6.990892789808174967e+00
3.014322105904240701e+01
1.795356268550013468e+01
8.853793096850482769e+00
2.129834821083931828e+01
1.555031209390235780e+01
1.624643137130233583e+01
3.612439367246537358e+00
4.854920784104661635e+01
2.070976348106624343e+01
2.316501713832711307e+00
2.174063344150557953e+01
1.800391016208353889e+01
1.218899249200619117e+01
6.990897298895456302e+00
2.350297920923981394e+02
3.014330969768728963e+01
2.264116985956109218e+01
3.226958641076743817e+01
3.040050724101324064e+01
2.130474826835430591e+01
1.770702717100377299e+01
3.677386753470876357e+01
9.469718724961172285e+00
6.181932427324571933e+00
2.402789410324941244e+01
2.094693064371903191e+01
7.599076699119962974e+00
2.125917358689090975e+01
4.466424859323300467e+01
1.202250857860650655e+02
3.736380832030224308e+00
2.261852544153099487e+01
2.083522895129017272e+01
1.128636741506168129e+01
1.759285686520820846e+01
6.746473121726235433e+01
2.561409511649339166e+01
2.224012893521842216e+01
3.070421410339667645e+01
2.952863427204632885e+01
2.172407475937345112e+01
1.819897919613995541e+01
2.492988019711313008e+00
2.322130784580683027e+01
1.155522253505959007e+01
3.045907532986754518e+01
3.040049708780548698e+01
2.130474332983173369e+01
1.384308993136772870e+01
6.526464540872245479e+00
1.247783837346378277e+01
2.105961568606298329e+01
4.292177815057299739e+01
2.018934898451761129e+01
2.114257995325720785e+01
1.677473548415087734e+01
2.651429537311325024e-01
3.494077965433303490e+01
7.289728104858114399e+00
1.413302780236821121e+01
1.248200448119821004e+01
1.589670600262983058e+01
2.871946109447200612e+01
3.308823017445842396e+01
2.308070546586112570e+01
2.649104115572901108e+01
1.717054413131293700e+01
9.078267516707828833e+00
2.237857775615196587e+01
1.126269383866873568e+02
4.591751650710200039e+01
2.110667073086597512e+01
5.339888419976521305e+00
1.160624680362206540e+01
1.805690200304375281e+01
3.030535744865288095e+01
9.352024304015493783e+01
2.440570387605040636e+01
2.432636932758040516e+01
1.637706420352925818e+01
1.544985561272047647e+01
1.296870114441711941e+01
2.754340031957728385e+01
2.188944638090159245e+01
3.953933869316291094e+01
4.825820467909200318e+01
1.210834677605575926e+01
1.830451460562264643e+01
1.356396921787128029e+01
1.760421367581536245e+01
5.205426503006091110e+00
4.946445758992103947e+01
2.977341735500191788e+01
2.909374370398949239e+01
2.048197476722068089e+01
9.695420060065368162e+00
3.671265001224463731e+01
3.306422505334615636e+01
1.175133130649789308e+02
4.740001862518204234e+01
1.111303497487720371e+01
1.712595788759335846e+01
6.082393475905852220e+00
5.205773461436859151e+00
4.902147225289824206e+01
2.535062585508110899e+01
1.985488245521246142e+01
5.556266011054777465e+00
1.412362707163302922e+01
9.866123921223840298e+00
2.954773404824742045e+01
1.161200857627444094e+02
2.585178294616163797e+01
1.241924103935562940e+01
5.176597984979204092e+00
1.413298905888255952e+01
1.382437528120141046e+01
1.673222281494744479e+01
1.718716090480371861e+01
3.462713454104321187e+01
2.308054890237441725e+01
1.105279439468677083e+01
1.693943505745079037e+01
5.003451657486244208e+00
1.649860242442652591e+01
5.437539888279490086e+00
4.785278716269471033e+01
3.275813509954515723e+01
1.840543922374908092e+01
1.287235300129564308e+01
1.480288217220638280e+01
3.230213238785153607e+01
2.021671011430265352e+01
1.001993850327725113e+02
3.321566575404163046e+01
1.166370294872800706e+01
1.775448843223409412e+01
4.026740659649748366e+00
1.112037757024926909e+00
1.963054026085324111e+01
2.879018143963090992e+01
2.071590878392930435e+01
6.529071292910628266e+00
2.362466318352401728e+01
1.513183595373892310e+01
1.577558863637866615e+01
3.349241145801938213e+00
2.895227896763752540e+01
2.065172032638493960e+01
8.755803063407133990e+00
1.774401139890167300e+01
1.555014326539065372e+01
1.538641706270803944e+01
1.154774639020198918e-01
4.854931081096854228e+01
2.070984277216350833e+01
1.442531509555336156e+00
2.696064053430086105e+01
1.310960494121485986e+01
1.333686985721876717e+01
4.516607359426226154e+00
2.322151796513993247e+02
2.512147139342667046e+01
5.369947303746457123e+00
4.358166595991264991e+00
1.278077758683505039e+01
1.662630652789214514e+00
9.808930495734742294e+00
3.012216637002802244e+01
2.487135584349840300e+01
9.239283675516153593e+00
2.242064427572313434e+01
1.460630615382595643e+01
2.166122310136355811e+00
1.760424627352965743e+01
4.924996416128086452e+01
2.119451640258820291e+01
5.693291870074577155e+00
1.872887756836078310e+01
1.285623817942965275e+01
1.563540975087667206e+00
2.962788147905619951e+01
2.660005695615997467e+01
2.959002277387275015e+01
1.029131910171946274e+01
1.830458284312297579e+01
1.428368024820675686e+01
1.408331646776021806e+01
1.760427365119990029e+01
1.297341444532247756e+00
2.126116029618385284e+01
2.372421032676899344e+01
2.715736516822359192e+01
1.720447119772827804e+01
2.694060627529806240e+01
3.664251150702985882e+01
3.939769800565188262e+01
4.995495194717409504e+01
4.689253795814344095e+00
1.830459021535203235e+01
1.420139093252983820e+01
1.388232144979502358e+01
1.760426488263317779e+01
1.025232698497750672e+00
2.586977968287870056e+01
1.216318406003250452e+01
2.956977043454510934e+01
1.932626807827244519e+01
5.205770895274579146e+00
4.893978194987002439e+01
2.535063484357074515e+01
8.615282855041276378e+01
5.676294556833549443e+00
1.405662836979616337e+01
1.718668560486483443e+01
1.072375901570747203e+01
9.340627192515886179e+01
3.307220915908647640e+01
2.407657167517911034e+01
7.286247962993759764e+00
3.894607360115501127e+00
1.043542091639597480e+01
1.661838878112607532e+01
1.718694184586068729e+01
3.308833028609191729e+01
2.004742142362667678e+01
1.105278177752801128e+01
1.693942102686506246e+01
1.897587696872552598e+01
1.649858812456872670e+01
5.437542250341043548e+00
4.764051892181365133e+01
8.759424781300693041e+01
7.329973216439455541e+00
1.413307609839011114e+01
1.043549707482445221e+01
1.676170202864120640e+01
1.718691877653876787e+01
7.189306629811257210e+01
3.308835659510040728e+01
6.935814196421094202e+00
3.030158367266491837e+01
2.129728671322936862e+01
1.536430546046647549e+01
1.955706611772721004e+01
2.879017166323322030e+01
2.071588181756568048e+01
1.482222222988310856e+00
5.320539438255874387e+01
2.508973693385852854e+01
3.737687688463874025e+01
1.480446214545580563e+00
2.044071166454359201e+01
3.675509711177630834e+01
1.069174965261967181e+01
2.383287044974725077e+01
2.129836684933821900e+01
1.536359146890278460e+01
3.814839887885258740e+00
4.854918123645318673e+01
2.070974236323692708e+01
8.457570003223048971e+00
2.715903132713733115e+01
2.337537247824486641e+01
1.832213373396419342e+01
6.723681729056881551e+00
2.247721063647427115e+02
1.985641762932312560e+01
6.175504069903771098e-01
1.351109982228773809e+01
2.557891254415442361e+01
3.687731251320996506e+01
1.055222183732556296e+01
3.073129601227485708e+01
2.688593037492373838e+01
1.455579886932808265e+00
5.333683392989092198e+01
2.516158211282824553e+01
9.173146063479158840e+00
9.105155671234102854e+00
2.245037273099136499e+01
3.678334570643703216e+01
1.499449063675789118e+00
7.204723783192108932e+00
2.505027803159488187e+01
2.087048302339027384e+00
9.671816229194156733e+00
3.951682149604277328e+01
2.747715000618707037e+01
5.647844923281953866e-01
2.490650471990527492e+01
2.566012217412497876e+01
3.695709902650686018e+01
2.586701354721713475e+00
1.652051157530110004e+00
2.915128326224004418e+00
1.314679247765803893e+01
1.968196327267912338e+01
3.073395345224713537e+01
1.420705340959708529e+01
1.400227628401112234e+01
7.669482538532139237e+00
2.303840532351933845e+01
6.435043171347309965e+00
1.425326638496580500e+01
2.516109486265344586e+01
8.975536616990092753e+00
9.389468125350331817e+00
2.013391735510080827e-01
6.092872248300991345e+01
7.328028980394809544e+00
2.321928584225278414e+01
1.932627046151004180e+01
1.593045948243199916e+01
9.862583140202924881e+01
2.817403152148227718e+01
2.030905413260432013e+01
1.216326368309663586e+01
2.335130545787734491e+01
1.932631314757511021e+01
5.761028895251442350e+00
5.205662647947553623e+00
2.762077072588436977e+01
1.917202382496515511e+01
1.105281312156423645e+01
3.109184111423757102e+01
2.196221584361859414e+01
1.137584174070632059e+01
4.162065112000132849e+00
1.884137836380729780e+01
3.133167707841412053e+01
7.419222952428921047e-01
1.723518758931858130e+01
2.119925828677687818e+01
6.007562254939633029e+00
5.205754544664848105e+00
2.280966743138834829e+02
5.779637345860792408e+01
5.176667647201141698e+00
3.797435088129221370e+00
1.043534310154520917e+01
3.045597010744387489e+00
1.597978149099281175e+01
3.562439212424622781e+01
2.397993506684287723e+01
1.105278996325463048e+01
1.693943030646640224e+01
6.988171818890123177e+00
2.339782864312325739e+00
1.649859666472437425e+01
4.749119990545975156e+01
3.132419117944662901e+01
5.614147381881660515e+00
4.051551886360376997e+00
1.174424436676990524e+01
1.264717240061868431e+01
2.938134187306797074e+01
9.189231201141956262e+01
2.796843926914537448e+01
5.770599200255041694e+00
2.471979888819050686e+01
1.843524839904710788e+01
2.326780833484285438e+00
1.649859899631970350e+01
5.437541319526286721e+00
8.851666484783746114e+01
1.274817751604805949e+01
1.138000081257014706e+01
1.520220412147797617e+01
3.892076859920451160e+00
1.669673277469287243e+01
1.718698071595692767e+01
3.584613671055470263e+01
1.492587916320753161e+00
2.197442430571861394e+01
6.983127947544456759e+00
8.343239873737653411e+00
1.649860497884702326e+01
5.437540906542090546e+00
2.232145742739579930e+02
3.027707996080950092e+00
1.938397232706107332e+01
2.337538731039119000e+01
1.284964394741692928e+01
1.851000520915346215e+01
2.317375808005576232e+01
2.316132585086729634e+01
8.857146952189260958e+00
8.026529846285766823e+00
2.129834937664158190e+01
1.555027281363476099e+01
1.537080923960808576e+01
4.854920498402123741e+01
2.070978928034575972e+01
1.680627610519042969e+00
2.367883915239703185e+01
2.129728393606351133e+01
1.004191086359912610e+01
1.537515143730464651e+01
2.268159230167520093e+02
2.375554631384886761e+01
3.217927055712630047e+00
1.936043381451730738e+01
2.337538300546728820e+01
1.284963043617224265e+01
1.849880402616539854e+01
6.723669253739098295e+00
2.316131804463898192e+01
3.282586802936590775e+00
2.715898972475108408e+01
2.337536062817357063e+01
1.643895334567108435e+01
1.830478342658652480e+01
6.723649285600717285e+00
2.209424160541948368e+01
1.667496362235121987e+00
1.447198130638084912e+01
2.129835098484244327e+01
1.555028389288949420e+01
1.537602844416856307e+01
1.154738969813046412e-01
2.268309284491822382e+02
2.224147985601125654e+01
4.480159798828201900e+01
3.031478610333500612e+01
3.017314641501576133e+01
1.289959520373813184e+01
1.759074505109868625e+01
2.792147556454463242e+01
2.222446479290802657e+01
4.037510394892080257e+01
3.066082074572711846e+01
2.538110227478178160e+01
3.369543876984446484e+01
1.758262549057090851e+01
2.575385907838233734e+01
2.106046662837960781e+01
4.450220546274823619e+01
4.302106393482851132e+01
4.185717917431208690e+01
3.388421200062636984e+01
2.277663381727454350e+01
3.090005865099801952e+01
2.223954335838291740e+01
2.676218870027897268e+01
3.070415652728374312e+01
2.952902380239867242e+01
2.157363574941489404e+01
1.819886405838441945e+01
1.419694110526890929e-01
