5.966167311299744647e+00
4.538893588962953807e+00
5.531647202597826940e+00
5.710451128306796242e+00
5.077214986042956291e+00
5.621537897601605493e+00
2.197030965774724454e+00
3.483268435289210263e+00
3.781552642387233210e+00
5.231493291682990154e+00
6.191385433792042647e+00
5.002804138180873217e+00
3.714432482953260006e+00
4.239984567803541715e+00
8.272350599271838689e+00
9.001540513881920447e-01
3.483628319531579365e+00
1.011362556601410212e+01
3.676298485004453109e+00
4.913022025478914756e+00
5.003151135911717340e+00
3.674134545574472721e+00
4.081472316328249583e+00
4.664107269746559759e+00
4.467136620846769546e+00
4.887112883929968454e+00
5.284463676159172785e+00
2.268783018648103056e+00
3.448683604772573741e+00
3.482651989370124657e+00
2.065259070884228887e+00
4.307491756222923129e+00
4.326005611632609771e+00
4.910611703222873992e+00
3.401129849201100175e+00
9.890396941991808077e+00
4.478145091776265296e+00
2.250269057925644134e+01
4.308111124199622388e+00
4.910303477251304116e+00
2.752506391732727931e+00
3.790088172050343207e+00
1.601024045524449546e+00
7.779752705909426247e+00
5.331265513348104612e+00
7.407690094436768513e-01
2.172319335989167488e+00
3.401178552158376167e+00
3.480302850031856909e+00
4.694379849021232509e+00
9.758027722680649774e+00
4.534615576936606551e+00
3.698057960899102881e+00
3.642546932073865040e+00
5.329268549889103035e+00
4.205191613873426881e+00
2.056559634116786128e+01
4.245514473593776650e+00
4.694468982790975353e+00
7.055246904954231013e-01
3.151042720114366702e+00
2.358735975241245342e+00
4.449571436373587652e+00
4.664934798946718253e+00
3.401141697162189725e+00
3.790041150701927819e+00
4.777856706517705554e+00
2.144199367676405288e+01
8.536954109830569237e+00
4.665028840847061709e+00
3.341144373609282070e+00
3.790086498167645868e+00
3.168047258617587403e+00
4.300998855703336510e+00
2.971851242982106900e+00
4.594997059856665622e+00
2.173883081277689033e+00
4.424675259926850401e+00
3.481862496232197568e+00
4.399437160938949098e+00
3.784271351495039681e+00
3.147020378031180954e+00
7.818237936610597849e+00
4.225803641208405459e+00
1.403601248943878943e+00
2.331557743694551821e+00
3.483652218490563168e+00
4.898308435669596506e+00
2.310572173864809287e+00
2.026716270205076054e+00
4.664868513298145558e+00
4.910657936769633913e+00
3.790035040173309167e+00
2.883508275397671294e+00
2.955206125630842617e+00
3.357607381897091958e+00
3.084767721801169760e+00
4.910774487949022493e+00
3.401171327106000675e+00
4.665014794206247650e+00
4.910610753988891020e+00
2.173044411145279131e+00
4.377589671330953003e+00
4.779786760148478031e+00
4.694379273345258063e+00
1.997486164425678945e+00
4.538149455573820212e+00
4.430159752552156327e+00
2.807748647705989864e+00
3.483619025001711833e+00
1.011388641860938975e+01
3.423092824517727895e+00
2.144300551801516619e+01
2.578322557551816718e+00
3.505088150188157670e+00
9.659550884427403616e-02
3.780396671892939597e+00
1.869434977374199613e+00
3.579414558640394262e+00
5.002574621147914513e+00
1.147422568232890683e+00
9.041555290693281677e-02
2.098437827025603042e+01
3.459465322930471931e+00
4.204931700273960793e+00
3.777920567857707912e+00
3.239195932635785535e+00
3.721302514568622488e+00
4.243430102948868132e+00
3.204416570879627724e+00
4.205178067507497452e+00
2.056905347284314800e+01
1.146365634658102151e+00
2.291698032661329876e+00
3.707304854516214054e-01
2.846933121054482374e+00
4.870917557854151703e+00
3.790042982049477871e+00
2.698133032765431150e+00
2.087919679252370653e+00
2.161136925660978481e+00
3.532380567616930644e+00
5.329235916374178039e+00
2.056500988685193576e+01
3.493000029644812710e+00
3.918682173567527460e+00
7.412148453297125184e-02
5.303317282840101399e+00
1.848787832253809826e+00
2.902370577859318956e+00
1.130677625950408993e+00
3.479452833754429264e+00
3.784283732030123915e+00
2.723895495346292162e+00
3.518358279115914922e+00
2.577356638198133876e+00
1.139609145645890775e+00
7.126748440400293427e-01
3.483635305190535991e+00
2.800438895797830341e+00
5.085768580239478531e+00
9.350395503581410139e-02
2.808232219482402758e+00
3.752395216048311610e+00
4.399567152635747824e+00
3.493016810612239897e+00
3.061178680735820112e+00
4.869906413322975247e+00
3.045762323164590502e+00
4.229668904596347367e+00
1.068773199477353053e+01
5.883718526223674417e+00
2.133013295137072518e+01
3.790039205269627232e+00
2.727312935232101498e+00
4.915798655220176450e+00
3.645910162601675442e+00
2.626326569344390460e+00
7.415868063750490069e-02
3.790088807610155985e+00
2.095679525242460262e+00
6.317757166786829082e+00
5.284338357998611180e+00
2.622824712284106852e+00
7.412207252908824262e-02
2.136835391973298215e+01
3.093768217306447355e+00
2.331588892555288339e+00
3.783855256854926186e+00
7.071646937675944988e-01
7.419692150805815345e+00
3.635023869122581797e+00
3.093768302600314879e+00
8.993902941546020324e-01
3.483642982142241440e+00
3.093790370991816641e+00
8.751668419610988403e-01
6.822466354976958192e-01
3.260238696890498833e+00
4.910594158771743878e+00
3.790034478735311296e+00
5.341091570028623892e+00
9.525019499465182671e-01
3.432699518908769676e+00
3.261679902475793202e+00
4.910701625940589565e+00
3.401169172499237447e+00
3.261705907958306394e+00
4.910543795342310780e+00
7.412638979628145830e-02
1.399441912178410519e+00
4.779871450688399470e+00
4.694369469247042126e+00
5.898814224611418133e+00
4.664934065550490949e+00
3.790035965783914662e+00
3.265909651313679607e+00
3.044952684290754608e+00
4.011914005297832375e+00
3.265441100256422313e+00
3.575417451463703156e+00
2.136861095911602959e+01
2.620376128292927209e+00
4.665047650137024604e+00
7.412156670505491707e-02
3.093776766861589866e+00
1.336027759306543716e+00
4.399585147723268364e+00
3.261046084375083698e+00
3.073348792012090769e+00
4.910750471674494300e+00
3.093771896401752652e+00
2.807585117915055495e+00
1.011395559820901191e+01
5.683536025527890168e+00
2.723888808244643744e+00
4.066014456891835493e+00
3.093786505750057980e+00
2.807762132842907210e+00
2.098437688400396084e+01
3.093796233943692187e+00
1.140258714086742176e+00
1.021121122540099152e-01
1.752771525118731688e+00
5.303536124531365914e+00
2.901901490081113533e+00
1.336679815192018284e+00
3.493017126683282125e+00
4.874314970177437090e+00
3.246597712650076684e+00
2.786651915167517757e+00
3.574611739814221423e+00
2.007622401841560933e+00
4.130526742636997817e+00
8.304015789222534139e+00
3.573683012236183121e+00
3.483612026953892382e+00
3.785014813512921794e+00
1.594246094573184225e+00
3.957563407467733274e+00
2.888511659959760891e+00
3.573808370904738130e+00
1.068473285182420796e-01
3.787014035977051662e+00
2.538819643336120979e+00
4.885668972286590694e+00
5.283751556074729017e+00
3.573894511717791378e+00
9.976089274843975840e-02
3.483450535043485896e+00
1.675958581298945260e+00
6.909643453486761011e+00
4.459666695208095888e+00
2.038341626288186603e+00
3.876300575918266045e+00
5.076766880357145517e+00
3.573820183232228942e+00
8.993165127080390286e-01
1.688305082371301280e+00
2.057009511500230925e+00
3.113602766308009251e+00
3.784200908529963048e+00
3.087771768129281558e+00
4.910726429807557913e+00
3.790035980029767160e+00
1.074804088243231037e+00
2.068934674560859666e+00
3.340102722563093263e+00
4.950460474512112796e-01
4.910835481535490210e+00
3.401169156833116158e+00
1.303453890892557920e+00
4.910681428661528791e+00
7.412149478547765125e-02
3.965888852345111903e+00
4.779386293516324713e+00
1.820097002755403537e+00
3.087827884110168952e+00
4.664942602076989964e+00
3.790036600872659367e+00
1.594154553126277962e+00
3.150766120961997263e+00
3.621188845253546784e+00
1.304730535798664048e+00
3.027815294931629264e+00
3.401172052922287747e+00
5.275992564695854981e-01
4.665039467498684367e+00
7.412107672409717907e-02
3.573829864810742496e+00
1.334280113587357874e+00
2.331652172341126317e+00
1.303479988516440757e+00
4.664901954470050072e+00
4.910928224655681795e+00
2.115786228954474435e+00
1.141939228914091276e+00
3.784862785100036930e+00
2.736981896515639168e+00
2.857113774905958525e+00
4.538527908521094112e+00
2.132414993278191506e+00
3.511284186011922603e+00
5.990489042039789602e+00
1.079132017157839130e+00
2.799077968335351496e+00
9.867608990264405133e-02
3.333333333333309834e-01
5.399944089874234798e+00
3.066249850113889064e+00
1.146215972932407512e+00
3.493033955508159760e+00
4.878652324789196193e+00
3.573823629010670633e+00
2.808147181192886865e+00
7.021092760531632004e-01
3.777967878007804980e+00
5.893127353649039613e+00
9.319302764020848784e+00
2.042916156158194330e+00
3.542218569397147743e+00
5.076523913372578356e+00
1.305103690897143620e+00
5.845160497626835649e+00
2.136954085898345213e+01
3.028244420736702747e+00
5.870853212573853064e+00
3.339860035170185260e+00
3.573819659900171697e+00
3.093766981302425112e+00
9.001287845963604761e-01
4.883326796159579430e-01
3.262156512287283761e+00
4.910881275413653491e+00
1.305015109513367522e+00
3.265878804718390427e+00
4.665039595011774232e+00
1.079415279071030964e+00
3.093772496944543260e+00
1.328528111998192252e+01
