1.454283230670799831e+01
8.386896468640497204e+00
9.340649732519243287e+01
3.446454644996896377e+01
1.664669642123562454e+01
5.493705899036061879e+00
2.220521652364837095e+01
7.136756516401459294e+01
3.816380922753638316e+01
2.091866980080115823e+01
3.045524332907433962e+00
2.942034784976786455e+01
9.184839341959178682e+01
3.256331641572625557e+01
2.760285991766120262e+01
5.711174835102826641e+00
1.632390507360337750e+01
2.237426185778076970e+01
3.513427804202287774e+01
2.068238295736794541e+01
4.639426495103290193e+00
1.576936212246192781e+01
3.745369690270751839e+00
4.613805025584304786e+01
3.439157616695688802e+01
2.063694696203431533e+01
3.532064027080779312e+01
1.644822724489658583e+01
9.347680261207892727e+01
3.875607499548179646e+01
1.131725506730258779e+01
4.362551636450170633e+00
6.060071069357255169e+01
2.611783758196748195e+01
2.296287843151904795e+01
1.141391663228984577e+01
9.692277528530221176e+00
8.549065422689314175e+01
2.172804720602479733e+01
3.467482965197769573e+01
1.387082733422425918e+01
1.674103668046005566e+01
1.336621427052624611e+01
4.015103015853291168e+01
2.347281967006453840e+01
5.191337753857716564e+00
1.649861792974676789e+01
5.437532714792033595e+00
4.775184834241600385e+01
9.998098402274223417e+00
1.389975543633406652e+01
1.675078344185670076e+01
1.718667196561053956e+01
2.880200729774334079e+01
3.584895598102905723e+01
1.143146941252410365e+01
1.029333380192053404e+01
1.074984404299602119e+02
1.973966399627160584e+01
3.251083956738965952e+01
1.136714470340743155e+01
1.792700350335834969e+01
1.097840409206596135e+01
2.533498283932759776e+01
1.941022470801088673e+01
6.734168142227635379e+00
1.538574334140786526e+01
4.172361196613940670e+00
4.854953311067174582e+01
2.071000405288767254e+01
1.143314587637464363e+01
1.788402195715104526e+01
4.680933296308221969e+00
5.390450902931499400e+01
2.534262989461415927e+01
1.134915695437022443e+01
3.261879548721410504e+00
9.985550462803042038e+00
2.193016519569421163e+01
3.483917300649549276e+01
4.395047751548902148e+00
1.895709389996596528e+01
8.350385903996896175e+00
6.568349137516058533e+01
1.739663677545415510e+01
1.134938228019489692e+01
3.261369036920016118e+00
2.591111765317079474e+01
8.602895396497252989e+01
2.192728022331744953e+01
1.422326775316809488e+01
1.348139209558777196e+01
5.655536914968776863e+00
1.244755293019326858e+00
2.110420129188984006e+01
1.771322403819624114e+01
2.277568931319459011e+01
1.625450833349826141e+01
2.098110556476484234e+01
3.241395633795946196e+01
7.213137569290380746e+00
1.306343542336939301e+01
1.760430303303628818e+01
1.033322393564894526e+00
7.286553752770664971e+01
1.810367930793637115e+01
6.069726038239119603e+00
7.708018802125130264e+01
5.701314227384801825e+01
1.935469862648713146e+01
1.615941681844899946e+01
1.378918089617149256e+01
9.182759485870509764e+01
3.251284161841256548e+01
2.807386233625215510e+01
1.188222492901201832e+01
1.452728575855840631e+01
1.527919480915437411e+01
3.126782121435485706e+01
1.665009469146956533e+01
1.500609402966208705e+01
1.576923022829775256e+01
4.883788587217696708e-02
4.603190163380705258e+01
8.082715363716992840e+00
1.188233208073069669e+01
1.453618949164734886e+01
1.134989395508408450e+01
9.340638406913227243e+01
3.126747633969117501e+01
1.480322827862277357e+01
7.288620218562907205e+00
5.377436250233832737e+01
1.963999732147457067e+01
1.941663289878492549e+01
1.838764866306153678e+01
1.047192875702338455e+01
4.700937031235301156e+00
2.537757271234031009e+01
1.923132447184205418e+01
2.070255290082042521e+01
4.659102953250457979e+00
5.593929702588626540e+00
4.635698553164027658e+01
3.354740877683451572e+01
1.840907017894593878e+01
2.435339623469253922e+01
6.130384801654671811e+00
5.371312222175833995e+01
2.992463698452199239e+01
1.096044045125993627e+01
1.205365205005306883e+01
1.253745582019629268e+01
2.998018560356867113e+01
8.129058161558066331e+01
1.976235365158384027e+01
6.653947562337741317e+00
1.576949368353798775e+01
4.637767549634371989e+01
1.909700409598376680e+01
1.392243479073816737e+01
7.268229127888619523e+00
2.236538688649159212e+01
5.418338160783066115e+01
1.959784971875006576e+01
2.538283936153753118e+01
1.141899337326836950e+01
1.004627290401845308e+01
2.200564557396571252e-01
2.669243286319668229e+01
1.095547945714358384e+01
5.957370564710445571e+00
1.253756255699960498e+01
1.736363866472815332e+01
3.021689009813736604e+01
2.051385887013679366e+01
4.698169214591282561e+00
1.576952827545959224e+01
4.880056448621575282e-02
2.192900990018109439e+02
1.932628594654374510e+01
6.375663336960040617e+00
2.280408918236305453e+02
2.813492673370553021e+01
2.022837422872978053e+01
1.932614844245564356e+01
6.227557943933414997e+00
1.248737616865897904e+00
2.535057188778461068e+01
1.943965936377164283e+01
6.965294632343547399e+00
5.134170296390101029e+00
1.325606674164976073e-01
4.750432008520807159e+01
1.005283711948816361e+01
1.932627111218243599e+01
6.440480548978317898e+00
1.135751688310854046e+00
4.903824797953635795e+01
2.791158262128912781e+01
8.948530818008233467e+00
1.141373697114516439e+01
9.692906618529052665e+00
2.173084639373368887e+01
3.466819013721180198e+01
6.986541665224472730e+00
4.997073872782406667e+00
1.649837775612546409e+01
4.749131960993558010e+01
1.994014644911609935e+01
1.613802497411397141e+01
1.141401512536907781e+01
9.691547987503851047e+00
6.072430670888846294e+01
2.654088456927456718e+01
6.938018568450047496e+00
2.392895854607806960e+00
1.649858337896857208e+01
4.359786923065990250e-01
1.849381874390041247e+01
1.581874845860430234e+01
1.261700327895027129e+01
1.378069258622230642e+01
1.062360394430000632e+01
3.061217996456656465e+01
1.811774684178986305e+01
5.190947630911186828e+00
1.649861753154219457e+01
2.125688096426966156e-01
4.736873582869063881e+01
1.980853500938729894e+01
8.346625104189865141e+00
1.468168816677915345e+01
2.851253712200020729e+01
1.875605528558795143e+01
2.129829891841394840e+01
4.420388600886449915e+00
1.534696596876652031e+01
4.854912832347435625e+01
2.070991693412792500e+01
1.980854340647647760e+01
1.025027401997041210e+01
1.333680719025228001e+01
5.059084141099874188e+01
2.617819113327096048e+01
1.951036090071889006e+01
5.877920265999168059e+00
1.533224092764128876e+01
1.154820784561674252e-01
2.070976876715879555e+01
1.820072948091411646e+01
1.135428176959472779e+01
1.033070605329295688e+01
4.680988027765224935e+00
2.529369201153530256e+01
7.059246555269500334e+01
8.457160136066717016e+00
1.226363829720184562e+01
1.154745187197008804e-01
4.854923115429087943e+01
1.338739489923302806e+01
2.296967216826351965e+00
1.326853379244523445e+01
1.433195203261521833e+01
1.216415529659734318e+02
1.931607685181811362e+01
1.093286780256828195e+01
8.075848989207932149e+00
1.152859934369888073e+01
1.933414546076658880e+01
1.338636712159182451e+01
2.990678601209822762e+00
1.321427025424424961e+01
1.433135850829436642e+01
4.428834911164807409e+01
1.336164550122811079e+01
1.498333248579348975e+01
1.329012945361486153e+01
8.598450209672071409e+00
3.936803142727736127e+00
7.995682745625657617e+00
2.229062052542877836e+01
2.948099012994452650e+01
3.581153308993133777e+01
2.085955353053412153e+01
1.415042780506901643e+01
2.724985393780442067e+01
9.183182978407057817e+01
3.061674228227488470e+01
2.236228904805124529e+01
1.133970543089098193e+01
1.672504912898553897e+01
1.718731445819741666e+01
3.308771238240245083e+01
2.308148903453752254e+01
1.693940908495083519e+01
1.649857643352913428e+01
5.437538477777498436e+00
2.233555058239925017e+02
9.367024231320260697e+01
1.324437943052554978e+01
1.685937901517590376e+01
1.757221669728088997e+01
7.183218696256672331e+01
3.307400807395922726e+01
1.773860665854436647e+01
1.539311806929796411e+01
4.854196969000810924e+01
3.508050748565224097e+01
2.926390470634131447e+01
1.361836543141340172e+01
5.492434926200210121e+00
2.224527387855198413e+01
3.822973431179244841e+01
2.075237214549389364e+01
3.037452039070929644e+01
1.538572333307835294e+01
4.004870370699503468e+00
2.262737527279236929e+02
2.070993983924382320e+01
1.734391455591294928e+01
1.979300978932901600e+01
1.506778729476486944e+01
7.133108701155482834e+01
3.294967625173489978e+01
1.322094288759605796e+01
5.546364821551978963e+00
1.379492591491134768e+01
3.258762228384998139e+01
2.268119112895247724e+01
2.259020770596089633e+01
1.484020202285748802e+01
5.651362090858569331e+00
2.291625129009776174e+02
2.119882240396204409e+01
5.059661792625587573e+00
3.004207489810498455e+00
2.905247737752854320e+01
9.192418600617436653e+01
3.259253758075217888e+01
1.333451443975167017e+01
1.354785115876391011e+01
4.236831185220187201e+00
1.664437959664734068e+00
2.040336208387036976e+01
7.774054505345204369e+00
1.048642151701956671e+01
1.636486496380321398e+01
1.524836047628263103e+01
3.569763751661681539e+01
2.195477218583992851e+01
2.811544565984647637e+00
1.760426057191443761e+01
1.255545576153239917e+00
4.927203867171201068e+01
1.774864560627957744e+01
5.448793113805645127e+00
4.854184167784358550e+01
2.507343181524781173e+01
2.071579066633852051e+01
1.132434445543550616e+01
1.378352253364998781e+01
1.227957640058845357e+01
3.308834970633089512e+01
1.767528269024815302e+01
1.773879564880708770e+01
5.585525104888751535e+00
1.154885260182946377e-01
4.854929178516402999e+01
2.070981184506356243e+01
1.714575696417450956e+01
1.497099119912693510e+01
1.172314292094812860e+00
7.272203563318799979e+01
2.792010919535499625e+01
1.874050356134422302e+01
1.250081486606781489e+01
2.643198229055402138e+01
3.061341948564300353e+01
5.395007456207371632e+01
7.634716804154365377e+00
2.381917077271463068e+00
1.649839239491147680e+01
2.222099564942458585e+02
1.993760684997097599e+01
1.316059054684575358e+01
1.258005463763132781e+01
2.904118675678837391e+01
9.181660559360220475e+01
3.251114734591795496e+01
1.693933498857776598e+01
4.998671925582374165e+00
1.649851913529096592e+01
9.828765266355823371e-01
1.832034761636192854e+01
4.007829161506756499e+00
1.426172070777346335e+01
1.748185316864063310e+01
1.773365970354076282e+01
3.611084044343824218e+01
7.757660340611669092e+00
2.371305959698884802e+00
1.649859463244388635e+01
9.864393512505336137e-01
4.758827077888329882e+01
8.155551130867566556e+00
5.038018283921105400e+00
1.577493562941530492e+01
2.486306263283960405e+01
2.097964208316633261e+01
1.621871441457326313e+01
4.465468843327179194e+00
1.538613714619354234e+01
7.252434653842178136e+01
2.070996529112444406e+01
1.774084006882149467e+01
4.323881636684083318e+00
1.539354846613353978e+01
2.268052598585376245e+02
2.506869835124457424e+01
3.037499221166115149e+01
5.443105962213375726e+00
1.538578476342302714e+01
4.001325850080735158e+00
2.070992267551659438e+01
2.087830066842894894e+01
3.758894597427606232e+00
5.500456137272124124e+00
1.505022943911546207e+01
3.792883786885209929e+01
2.336110228487766349e+01
6.211476673165392981e+00
1.538607048151032863e+01
1.154804922799145539e-01
2.268166384969970011e+02
2.241078153803888995e+01
5.216478992489827604e+00
1.484039019511461355e+01
1.760393549164412264e+01
2.802513532236799065e+01
1.402244774408861439e+01
1.266567393466492852e+01
5.534876370043117610e+00
2.880174614758552210e+01
3.403401016280040636e+01
1.830458407834412426e+01
5.419987006452539724e+00
1.484138511715560327e+01
1.760408814558805091e+01
2.291814488548353950e+02
9.191555135978669355e+00
1.556420043607328374e+01
1.375952970988452684e+01
1.760426172664898203e+01
1.017423245482140137e+00
2.311199268138636853e+01
1.932626414313977037e+01
2.280850543241867854e+02
2.535067127730143355e+01
2.304030801513730253e+01
1.272037572944579864e+01
1.188270415742168673e+01
1.527869340130031262e+01
3.436145958336621931e+01
2.407702335751778122e+01
1.693938303289069580e+01
6.966561842893336909e+00
1.454952500055333997e-01
1.885646297801887883e+01
3.133238314625024401e+01
1.713769418105368203e+01
1.932627594555845363e+01
1.238419229126779708e+00
2.656926640737689027e+01
2.535063278724684110e+01
1.412416458335520097e+01
1.773175655365930581e+01
1.360076540167902159e+01
3.262822867713472164e+01
2.711556649824725085e+01
1.693941401187155904e+01
6.982479569011996290e+00
1.649854870059146705e+01
2.392170320603851508e+02
3.132446345553418610e+01
1.088714284248141695e+01
1.772181865874501483e+01
2.695147854072014226e+01
6.690459993970657138e+01
3.405308492793099617e+01
1.395979247346802232e+01
2.538178461654691986e+01
1.004139647181396278e+01
2.218205591714819402e-01
2.669483700734954468e+01
1.133699916601113067e+01
1.043537734993575761e+01
1.669101728476877966e+01
1.718697871579360026e+01
3.308824499208667902e+01
1.693942557516244207e+01
6.977471837477884797e+00
8.257659722897164656e+00
9.142337854459158253e-01
4.743374520782401760e+01
5.300614766178934900e+01
2.509375032429421637e+01
1.180782104205184169e+01
2.749607617894682221e+01
2.652019281729892342e+01
2.314636969636760000e+01
2.129833975252800826e+01
1.535045831622324819e+01
2.009083864737774050e+01
2.070987098100241042e+01
2.366833706437325091e+01
7.063646388762462891e+01
1.535110917004359443e+01
4.854179845731011511e+01
2.457613370052571611e+01
3.021359310401910747e+01
1.939312398037963803e+01
1.522852438623490379e+01
1.154837025762593672e-01
2.070975034270563597e+01
2.715879489099002697e+01
2.337537707443424040e+01
1.827498394459432518e+01
6.723579581396256444e+00
2.189754045445991437e+01
2.340014270900590176e+01
7.064176642925453109e+01
1.535071655559988280e+01
1.154756237824010046e-01
4.854921016469145911e+01
7.104832652966096340e+00
2.538668377689901945e+01
9.186046277402125426e+00
1.006125523903629393e+01
2.669722397489878318e+01
6.794583738287012231e+00
2.553286106379832177e+01
3.684383821339508103e+01
1.055126149080130915e+01
3.070309122450722228e+01
2.399238732638234595e+01
6.630402775847893793e+01
8.916517745115820404e+00
9.699444329361289974e+00
6.093132373258573153e+01
1.396281767891589176e+01
2.538275626972335886e+01
3.722315893924163532e+01
1.004301417314593436e+01
2.182323501915575947e-01
2.322106294889836064e+01
2.132464897178565977e+01
6.051938421388054046e+00
2.814510381673635209e+01
2.019931479376504058e+01
1.693936087651887235e+01
2.006462851218286048e+01
2.358412833049735813e+00
4.749237113899194895e+01
1.993821066516041185e+01
7.250672399625931241e+00
1.932627058074960757e+01
6.257756175330633219e+00
4.903163995369528294e+01
2.535063104730330608e+01
1.767933250046839433e+01
1.929959523577626967e+01
5.486385351689830436e+00
4.167129159287947360e+00
2.070975280542907271e+01
1.713455762623108924e+01
1.932625992579857410e+01
6.117972225991517909e+00
1.234170956482617321e+00
2.535061927406563953e+01
1.769143662291838481e+01
7.064139013629714725e+01
5.567391762106116637e+00
1.154787815578713350e-01
2.059329993837021178e+01
7.285918263265929617e+00
2.006546977953425781e+01
2.348699804988546358e+00
8.269847334199718958e+00
3.132526385093299837e+01
1.414802358510772251e+01
1.237889816057172787e+01
1.246769685917153048e+01
1.372047983840416840e+01
3.394845644841649346e+01
7.512095807967985372e+00
2.006729338329492052e+01
2.356981649772327270e+00
6.573915834149204329e+00
2.791579978985283716e+01
7.347956535583375803e+00
2.095215341410571241e+01
2.344048564095567944e+00
6.592145671980500943e+00
6.583426966456896734e-01
1.454390340466006926e+01
2.129831290047167158e+01
3.822035496011629174e+00
1.666830257165652185e+01
2.070990845513503231e+01
2.577446810164913416e+01
2.144519457908608118e+01
1.379997003971092262e+01
1.740331471867900248e+01
2.314353763088353944e+01
3.024721046770449107e+01
7.064199892195860286e+01
4.021677661513280988e+00
1.097906869995811974e+01
4.854919681781910157e+01
1.420072002318285165e+01
2.129835239786206813e+01
4.621662770768650397e+00
1.533884807555028118e+01
1.154768796974012940e-01
2.107759189433129521e+01
2.568614895732909176e+01
5.233186182920896989e+00
3.695853226348379650e+01
1.056071580796323595e+01
5.648041606302476758e+00
1.527973324531533628e+01
9.340764865229452596e+01
2.749937551268509495e+01
2.407680980442196628e+01
5.690159423586304221e+00
1.454806586829634796e+01
6.791564113685244308e+01
3.126491415633400095e+01
2.668335304137939801e+01
5.175938243206890554e+00
1.677460302877172182e+01
1.581907157809508746e+01
3.308661077965938802e+01
2.308147101243373100e+01
1.105270141546748164e+01
1.649854162693571880e+01
5.437523744518242275e+00
9.599064885955107229e+01
9.263243740719914854e+01
5.174979726541272917e+00
1.677302277953778642e+01
1.578660375692812678e+01
7.190590720688619797e+01
2.764402739866912384e+01
4.739698492748542158e+00
7.203773307934059567e+00
9.666755952256202988e+01
2.540909952874328326e+01
1.965866137584811923e+01
1.125179892754529476e+01
7.445207407451005288e+00
2.431362142534437254e+01
3.739748926751290270e+01
3.627728280249394999e+01
9.599276309164173071e+00
1.538594315946532731e+01
4.005156091946064478e+00
7.252402367419445284e+01
2.928041964931116325e+01
3.544896983209170571e+00
1.039799967367276956e+01
6.086089914479622998e+00
5.387721818342878777e+01
2.532202114051693798e+01
7.038771648945296278e+00
1.091625520876413624e+01
1.311376606704288328e+01
2.399984724557760174e+01
3.646785595717633299e+01
4.535364663943897590e+00
1.713566135514962596e+01
1.576949001474061340e+01
4.637771287493826122e+01
3.353815485239228877e+01
1.082407868290693687e+00
4.319318517941444391e+00
2.778834930926813129e+01
9.184201021308945201e+01
2.332257736757736311e+01
1.210803734164202616e+01
1.342928449666154656e+01
1.760406099242622702e+01
5.205353854308777173e+00
2.132370935200642847e+01
2.094808947242307440e+01
9.433586645124043102e+00
2.483320367876832435e+01
3.029213523050280799e+01
4.037952833041367739e+01
2.819862651473226567e+00
4.688208987495054991e+00
7.226344714561315108e+00
3.445102914813307771e-01
2.192975602568181159e+02
1.201931269008273340e+01
6.185614627992976899e+00
7.272067802832373218e+01
2.370329277545648594e+01
2.028369904448846484e+01
5.335759710711968751e+00
1.133256374844414971e+01
6.326216675713301818e+00
2.506729653271415614e+01
2.312070825500026316e+01
9.599629662966380650e+00
5.554844117078904020e+00
1.154810331929011502e-01
7.252564164651302292e+01
2.070984227743521444e+01
7.888195680790783371e+00
1.135799248846752363e+01
4.362620703602014594e+00
2.377591258037938360e+01
2.489828549929422863e+01
5.535178207930157690e+00
1.287034669374042295e+01
2.963884207849637775e+01
2.967630740735485873e+01
2.711681533835304592e+01
1.105259954241932974e+01
4.907809084404248345e+00
1.649841021403657493e+01
4.749154886704364031e+01
3.132978745446664703e+01
8.377941746443765325e+00
1.134951478290726889e+01
9.983951346851030806e+00
8.592528080627791098e+01
2.478627771906660016e+01
1.105267761897587775e+01
5.001155099263409731e+00
6.588082540343063620e+00
7.961353401402004870e-01
2.053593822843998851e+01
7.241542844603618967e+00
1.388226783098708950e+01
1.675465044477671839e+01
1.218585169584560646e+01
3.585043072828494815e+01
1.105279818050598095e+01
5.100528094431500570e+00
1.649861424157635881e+01
7.669393986119753537e-01
2.232148543247205907e+02
1.803383794606328472e+00
1.090646571674180620e+01
1.333659915613076485e+01
2.532891926996815002e+01
1.888795961747818097e+01
9.595745497591350315e+00
4.242016557416747879e+00
1.538632909973038210e+01
4.854909956271307436e+01
2.070992799645556914e+01
1.454830137181972516e+00
2.314227365250603796e+01
1.333690518151536430e+01
5.058999454151503272e+01
2.851778935457137720e+01
8.755202793670902039e+00
5.118840109812665240e+00
1.538603395438469335e+01
4.170215828123368773e+00
1.392845792055290133e+01
3.558897431490679164e+00
1.205581767989983888e+01
1.038640592478893154e+01
6.158669497298764561e+00
2.533332891347260940e+01
4.244349165270707935e+00
5.791728242065886434e+00
1.538632508525785170e+01
4.001425900471025976e+00
4.854920519129418466e+01
7.559798853253699491e+00
1.237302745706667473e+01
2.174728417306439709e+01
1.759009410405881013e+01
1.141690385081484216e+01
1.242647671971784895e+01
1.908322332608541316e+01
2.264347152464855029e+01
1.667112042223677193e+01
1.889237986346924458e+01
7.086403192136021545e+00
9.890317926478997990e+00
9.033480647265911045e+00
1.465931178118947820e+01
4.009566041047782647e+01
8.383043339792477511e+00
1.111004091884188938e+01
2.170071696054595733e+01
1.759022410841206607e+01
1.419850269170689072e-01
7.085208276277227490e+00
2.132124662120981284e+01
4.902675698876813470e+01
2.535168167112412263e+01
2.032075435730284596e+01
5.601841379290296352e+00
1.188159225473395075e+01
1.527958241354301805e+01
2.765650917489041660e+01
2.327090557349535516e+01
6.059632544701716306e+00
6.984772219375378732e+00
1.402612058382440852e-01
4.750344336552464597e+01
3.135042565361246147e+01
5.605198794044004451e+00
1.387758561278569935e+01
1.033777727224346066e+01
8.423233645700229033e+01
2.511442692902960516e+01
6.298197242032640197e+00
1.915096949643451651e+01
1.248895057393828800e+01
2.359843967951522004e+01
2.515144600752327264e+01
4.421138132262581344e+00
2.276918087774809862e+01
8.094320141045491468e+00
4.637747791000848707e+01
1.910178564795844025e+01
5.778872862658079868e+00
1.597897155041096617e+01
1.454048893483325422e+01
6.790918703991995642e+01
3.306628899067656846e+01
5.841290177759375091e+00
2.088870148630165957e+01
8.258034066291882525e+00
5.437514693036296975e+00
9.229027620468556847e+01
7.280311685667562926e+00
1.539916037497849111e+01
1.676132792061759957e+01
1.573505376364328789e+01
3.584592813693857494e+01
2.819511971850422238e+00
2.060502373363823025e+01
1.576953553257620833e+01
4.704998632758308763e-02
4.575452046574066145e+01
1.500252445227858056e+00
1.980717893093803283e+01
1.333781431309836130e+01
2.617714163565862506e+01
3.461666640595667843e+01
1.035312256858225588e+01
2.277068104399709725e+01
4.684413680458265894e+00
2.920210302107043887e+01
3.353631400993494793e+01
1.440132841585056056e+00
1.980823127384509519e+01
1.333705333621407441e+01
2.740813636002891585e+01
2.617792901794688021e+01
8.618548819878936840e+00
1.950665270713161092e+01
1.534577669776226649e+01
3.601566864669376145e+00
2.070974741558735843e+01
3.445044261313469747e+00
1.859041363854807472e+01
1.052998790698343434e+01
4.700816743706401013e+00
2.537235043211392238e+01
2.821512590436058066e+00
2.254480172178547193e+01
4.702903816112888435e+00
1.569488956572760441e-01
2.192923342551956694e+02
6.396308361826036348e-01
2.568272211999202526e+01
3.734950183230855458e+01
1.055190383482228711e+01
2.691855349100383421e+01
9.100251174886148320e+00
1.981187741109208389e+01
1.093675241859267011e+01
1.314902082944352912e+01
2.409375545142583519e+01
4.558388055810314476e+00
2.277024564761218173e+01
1.713636207028508451e+01
1.576952169009121718e+01
2.192933926718396833e+02
7.442007439949159142e+00
2.565446412232146756e+01
3.734358072625769154e+01
1.047782803380902372e+01
3.015816425576626436e+00
6.875978712453466812e+00
2.133227882816618504e+01
5.921429059590177069e+00
2.813976000371127739e+01
2.028697040499579884e+01
1.105260531264607060e+01
6.955355683133528366e+00
4.775231501897114761e+00
4.749201685473835965e+01
1.994940177044563256e+01
7.538285688423723707e-01
1.932631852643849513e+01
6.138718671852302577e+00
4.903070968322104051e+01
2.814676701689597493e+01
5.884596851566672449e+00
2.001269610629202234e+01
2.379269712328115904e+00
1.455815905953523892e-01
1.997726383017932505e+01
3.336787587869495919e+00
1.932628065481915414e+01
5.964772809504832018e+00
1.141727148080720289e+00
2.535064477942669114e+01
5.919682727784059573e+00
6.944281959714255770e+00
2.355799580283558292e+00
5.437527770727118792e+00
4.749488929555962358e+01
5.987061915018952796e+00
2.199832480113283850e+01
2.346570915716156058e+00
1.649840430976624361e+01
1.994862641960014926e+01
7.895382540158718321e+00
1.613787185071412367e+01
1.141423747373940323e+01
9.690624620711023596e+00
2.448587921340409324e+01
5.611365796851036869e+00
2.199804124520633763e+01
2.352981193400278670e+00
6.573932409964638346e+00
4.264461353021383161e+01
1.495877938959896847e+00
2.077573147066204839e+01
4.974224146649366851e+00
2.354619767815796738e+00
4.898994581572959639e-01
8.621870213375439462e+00
2.129827299067806123e+01
3.715030333682910690e+00
1.534764963801482374e+01
2.071007667003715014e+01
1.444331819612340029e+00
2.155337356900274060e+01
1.310970558799965424e+01
1.333694312619525313e+01
2.851588328825944529e+01
3.805665873008523548e+00
2.129833641141835798e+01
3.925175712765507807e+00
1.536063270818357118e+01
2.004057428824565079e+01
1.689251305815888005e+00
2.129835460324257568e+01
1.555033245332560377e+01
1.534733889810023832e+01
1.154776105007162545e-01
8.470633002839360159e+00
3.070394404421234569e+01
3.017285846902495550e+01
3.278640018131909528e+01
1.759044581786675465e+01
5.662200980268022654e+00
1.167310515279325323e+01
6.790998085366494763e+01
3.443237242106108198e+01
2.407993868808495108e+01
7.292577170401109754e+00
1.136615973559476878e+01
1.576806008317873165e+01
3.583239866272126761e+01
2.308149020593783263e+01
1.167363211784683585e+01
1.774249546333805583e+01
4.009533291274735234e+00
2.667823234547273969e+01
2.070980297300734208e+01
7.034948761897982017e+00
1.325402418194006771e+01
1.372914736346353948e+01
7.181121938274871752e+01
3.463648811705046882e+01
7.045604191095777402e+00
1.158879449043222820e+01
1.576076239859376749e+01
3.402861991400710195e+01
1.135668896542349415e+01
1.105257732333366683e+01
1.693938612956802459e+01
1.649838554810951052e+01
7.082151172537113837e+01
3.132812367010365762e+01
5.795055159670087441e+00
1.442477860624039465e+01
3.012603507979895312e+01
9.340373310912985971e+01
3.126618496235179734e+01
1.105272964194777252e+01
2.461099214136623914e+01
2.870401957639270307e+00
1.454425581239465970e+00
8.918618215298801033e+01
7.326158789608030908e+00
1.137733224872161308e+01
1.675216094141497436e+01
1.718693339794049280e+01
3.308816547732580915e+01
1.105281171049097644e+01
1.693944825831017909e+01
6.616489201808211540e+00
5.437529095423878189e+00
4.751759180716803144e+01
5.396331636173921531e+00
1.383356638192263510e+01
2.152466734671491633e+00
1.535987625238429644e+02
2.325162703880505788e+01
1.165975320985274344e+01
3.037622570472379380e+01
1.538620570266547283e+01
7.252403283612439111e+01
2.070996696762833977e+01
4.260057550456051167e+00
1.774589381119361420e+01
1.539352161870507985e+01
2.268064763289128507e+02
2.879001659878805341e+01
9.601420589701861630e+00
1.772823133731982637e+01
1.538584173453821613e+01
4.170270503483688884e+00
3.575818530542295548e+01
2.648529469031876360e+01
1.915578952539891233e+01
8.189043501977984363e+00
1.165768956514653709e+01
1.081841337900867188e+02
4.245203715035882119e+00
1.773516256324151996e+01
1.538618306870944252e+01
4.168794582612024513e+00
2.268256537804520860e+02
1.453450768854620323e+00
7.303762143848636867e+00
2.162483684793191419e+00
1.097588222339505215e+01
2.652644066509422416e+01
5.682018958185049762e+00
1.177863060801269057e+01
1.735809706344025116e+01
1.467337622527460184e+01
3.461769388544342263e+01
4.688183990418560931e+00
1.830454518047386614e+01
1.484146016267384915e+01
1.760386103932679802e+01
4.924850314481796687e+01
4.973652566632353333e-01
1.351114412509634910e+01
3.696000673754785026e+01
1.042492815257748617e+01
1.499467431424086117e+00
1.166405491326490029e+01
1.774949252098406660e+01
4.188541906098948608e+00
2.878972766606227651e+01
2.071573675880551235e+01
9.599282453696636352e+00
1.774105613671422077e+01
4.289234702371675922e+00
4.854908690051947673e+01
2.928875222784680687e+01
4.261377290345897073e+00
1.775377395053784824e+01
4.278748962062516981e+00
4.854178263858903364e+01
2.506752028524877218e+01
8.758851469204723017e+00
1.773946419874117097e+01
1.112010203901934347e+01
4.172409642884220560e+00
2.928894617214083951e+01
7.371273697779365364e+00
1.368972992722596693e+01
1.383612510973120102e+01
1.036438930594801455e+01
2.311767362500791023e+01
4.246830775442377082e+00
1.774456241808148604e+01
5.494870825543048731e+00
4.004727205149286817e+00
2.268366694792419196e+02
1.105260818819978397e+01
2.458878429291845080e+01
2.344786669934462164e+00
1.649841892332419135e+01
3.132864460686339925e+01
7.390703581510419617e+00
1.413296541502215753e+01
1.385336445740737155e+01
1.672612325104941178e+01
3.584452012987637204e+01
1.105276911004107809e+01
1.693943794590381557e+01
2.351285217097112135e+00
6.573875838974665875e+00
4.749108551322259331e+01
3.568445233641090564e+00
1.693941959137032782e+01
2.344354301447304056e+00
6.580489831304638493e+00
9.835847064315249577e-01
9.596788216395497173e+00
1.622605552521393690e+01
1.554493398601578669e+01
1.538627893527840307e+01
2.070994247465606009e+01
2.622057974390840318e+00
7.596216341379178338e+00
1.522132078956620660e+01
1.577541502022874020e+01
2.486310655892325983e+01
4.245702067839576266e+00
2.253094642986482654e+01
4.001902882834609265e+00
1.538641012154174348e+01
4.854917059665449841e+01
4.244153951261480096e+00
1.773204271164295776e+01
1.531813931486656877e+01
1.538620472377550463e+01
5.269000266638536267e+00
4.687767097892569623e+00
9.896485538961476536e+00
4.967249164778428927e+00
1.484162000599530984e+01
1.822802809139212998e+00
6.813841058963316932e+00
2.322319841331209389e+01
1.932699391096564412e+01
2.535143009927736912e+01
2.030077239339500395e+01
1.105260034502364697e+01
2.468091821327773872e+01
2.006369728509023176e+01
2.791594050383062608e+01
3.132529372859352890e+01
1.216326216842169750e+01
2.298393092170735486e+01
1.932629857236877413e+01
4.902747692277262104e+01
2.817192541873506073e+01
5.524321885491616513e+00
2.476386946681233425e+01
6.920554057729426667e+00
5.437522748886042478e+00
6.254108767635791111e+01
7.334796572132784576e+00
3.887540338244173554e+00
1.524270031225552735e+01
1.232225598467576333e+01
2.769417588891377591e+01
3.568625527483212156e+00
2.460471554429685526e+01
2.035394606855338751e+01
5.437532574062267088e+00
2.232161973312922782e+02
6.410293763193842809e-01
1.361874386551554039e+01
2.568131995186415750e+01
1.180703412117909501e+01
1.173948489384602034e+01
5.797359031995658718e+00
1.162668051004050085e+01
1.188307346489756178e+01
1.448309993448467914e+01
3.443865412307038554e+01
6.184948543778918228e+00
1.425130132899960067e+01
2.516265809932674458e+01
9.708984053036756379e+00
2.262848698698052274e+01
6.173536588274785686e+00
1.345264888833534123e+01
2.563968113678090432e+01
2.678712198710483161e+00
1.573005683226668117e+00
1.482468456730889672e+00
1.418758282999483988e+01
2.508945688860805845e+01
1.185909666370202586e+01
2.650231926640111624e+01
1.425627084995449989e+00
1.447493512839469609e+01
8.767540550069385930e+00
8.352266163417636946e+00
2.750471037855590950e+01
3.869816748836397036e+00
1.546329676859580182e+01
2.129832588418467409e+01
1.536160772066269864e+01
4.854910339882348325e+01
4.374972001407946287e+00
1.425309981274766180e+01
2.490763940967458367e+01
1.183078598893193600e+01
1.488799610837346910e+00
6.401212697046938516e-01
1.361925729110899930e+01
2.568350583261781495e+01
3.695781187696957915e+01
1.181439464824295804e+01
8.725816234059189824e+00
1.768433660476237534e+01
1.930292358846126888e+01
4.005204851613211048e+00
2.071000352583740067e+01
3.336966943034548549e+00
2.308125596029483972e+01
1.932627846267023131e+01
5.716016750363944965e+00
2.815632753216341300e+01
1.496494760249614364e+00
8.322597017388545737e+00
2.199897392486211345e+01
2.333450108617530994e+00
2.232154690764138252e+02
1.733617175135093502e+00
1.769713961369432553e+01
1.930382384252785855e+01
1.555038262526497483e+01
4.159198744765384426e+00
3.568650842950308544e+00
7.469032460829861719e+00
2.199956415267358523e+01
2.326105937624441733e+00
8.234813835423793194e+00
1.673254674476044812e+00
2.314633386617846256e+01
2.129831934992205333e+01
1.555015998702380386e+01
1.535501377778291676e+01
