3.878088615122134541e+00
4.290311261943102750e+00
6.342462254139417333e+00
3.705858824374141935e+00
5.626912323946744898e+00
1.598938713554393987e+00
8.044489916460102918e+00
5.204790528450569553e+00
4.386941936907788886e+00
5.354565610969419076e+00
9.660068618872799107e-01
7.845426093271432144e+00
6.193957152026881907e+00
4.235091130511004387e+00
6.952218257154775038e+00
1.659415076304898262e+00
4.353041352960900667e+00
8.103742421049139111e+00
4.836514170681255109e+00
5.376501170642549177e+00
1.513878128586459981e+00
4.205163232656512484e+00
2.158538688647733128e+00
3.575375966286242768e+00
1.028483007184801501e+01
6.565441949546141132e+00
9.418837405548744712e+00
7.125073536228323512e+00
6.300794966994516244e+00
4.506753689229924476e+00
3.166992027241718688e+00
3.105877002311070445e+00
4.332696099475275453e+00
4.489426260483043052e+00
4.416144071733270060e+00
3.150769268800154066e+00
2.584607340941393883e+00
5.977202772406985609e+00
2.356775131657078415e+00
5.532497712834943293e+00
3.134231214038991187e+00
4.464276448122681096e+00
4.476061451594759433e+00
3.055992674014059052e+00
4.955038768939888705e+00
1.443891418108468772e+00
4.399631447932470962e+00
3.448678983987250035e+00
3.478043895860233103e+00
2.990352935184083183e+00
3.141312869796980767e+00
4.466875584495123341e+00
6.317581777295842471e+00
3.871376297571959668e+00
3.928809174399816584e+00
2.896312000236272777e+00
3.448737742725744848e+00
8.979519754650290508e+00
2.163395051303155014e+00
5.449586464222932136e+00
2.880119035160987551e+00
4.477331509093751549e+00
4.459704913488560685e+00
4.316846702430429339e+00
4.313865903038048621e+00
1.965716785262269894e+00
4.910748511394952054e+00
2.174737300455277023e+00
3.401164997696515702e+00
3.790085927355573148e+00
2.896738603060329265e+00
4.473531651637401296e+00
3.393338623638285867e+00
3.651543288952135757e+00
4.316015987007123300e+00
3.078010049334707343e+00
1.058327671601238196e+00
2.662813456747480156e+00
2.376445333376523195e+00
5.537517365320073104e+00
9.638701618822930195e-01
5.766219164922290474e+00
3.318584446820274536e+00
6.044725239603046418e+00
3.765676649138338661e+00
3.077974033118977104e+00
1.058164057136508518e+00
6.909631374178881735e+00
5.961440726463031581e+00
2.376183221958475311e+00
4.266980325950426867e+00
4.350718234624821434e+00
1.816449330240240245e+00
7.874314977226125611e-01
3.785895358658343923e+00
4.264726521202995890e+00
6.454671966227607527e+00
4.334535555599532408e+00
7.823886926667043440e+00
5.307140326072310010e+00
2.163941270787116622e+00
4.218505468765438415e+00
4.694480808809674777e+00
6.537366207047909938e-01
5.932070396295625159e+00
2.644260012951091809e+00
2.667171723906216929e+00
6.029043348669534730e+00
4.824187489844374177e+00
4.309184406468452799e+00
2.884101130520840162e+00
3.677114905645729070e+00
6.192633286133106374e+00
4.226316267174354380e+00
6.926421214388334135e+00
1.805106741470383858e+00
3.873942868948907492e+00
5.710476484080463599e+00
5.077284873185978320e+00
5.626447265822527299e+00
3.491666600164990086e+00
4.205128060879399499e+00
1.611650233782313535e-02
3.577665856313623660e+00
2.920058906612136962e+00
1.805118663202839313e+00
3.876317197772627399e+00
3.800561330650902736e+00
6.342456041118431642e+00
5.077245239074585470e+00
2.355474702075733617e+00
2.083379635901025040e+00
3.660798935711586211e+00
2.153992250043851531e+00
4.321872267079054808e+00
2.701916685685566311e+00
3.086069825522405718e+00
3.406102680773912539e+00
4.325912407818379712e+00
4.305843119707567723e+00
2.805248189822481919e+00
1.520069893088252799e+00
3.554288062855656793e+00
3.570648778042632809e+00
1.035041073252559052e+01
2.704055170708982825e+00
6.036707722508616314e+00
2.647670782555560098e+00
3.661903162157452485e+00
3.070753262797078609e+00
1.671498406706009687e+00
3.762781765669586775e+00
3.343321552052344714e+00
4.967464699617427648e+00
3.338485030039758072e+01
3.094678883038974870e+00
2.429570496108245603e+00
4.205198315610129356e+00
3.570193206489571391e+00
3.778045333345648515e+00
2.270511277803296757e+00
2.076917953910002890e+00
5.964103169731089338e+00
3.653450426782313354e+00
2.150238644668557075e+00
5.304188966290621643e+00
2.849446614863334393e+00
2.897133487178464861e+00
1.038655152980112462e-01
3.832038292099157584e+00
1.670115442549245932e+00
1.561911288785286844e+00
3.343350015199896941e+00
1.125989913643204687e+01
4.795707485062469466e+00
3.274452609050833463e+00
1.532344652071046198e+00
4.205207540122557930e+00
1.610418628045333020e-02
2.056705030211632135e+01
2.723891116757908293e+00
1.803484677662074320e+00
2.143493364579080662e+01
2.578174734911390598e+00
3.869193992145101735e+00
2.723868136796256056e+00
1.766565366618429778e+00
4.982134549283567249e-01
4.066032375861965420e+00
3.946908533474756009e+00
1.148224408233698313e+00
1.429637015980633974e+00
8.606570455273281073e-02
3.483365142148091564e+00
2.994727727226756286e+00
2.723887688252632611e+00
1.819645092350623772e+00
4.404106422721127956e-01
3.461484023281629074e+00
2.565164575598201768e+00
1.306893719006259502e+00
3.150816634486762080e+00
2.584775098274415317e+00
2.357025429765428726e+00
5.531874873179126517e+00
1.151333882578618573e+00
1.395459368347162554e+00
4.399567401633458275e+00
3.483640657475544078e+00
3.784194441808448772e+00
2.857330195000562068e+00
3.150762812467113871e+00
2.584412796667692191e+00
4.345139683371045614e+00
4.539144411428537751e+00
1.144232464840798214e+00
7.178687563823468176e-01
4.399622234391621589e+00
2.783912911155492220e-01
3.668721914003109763e+00
2.805458588143796117e+00
3.147044823695409388e+00
3.674851356325946394e+00
3.553009071378435468e+00
5.002858942337013559e+00
2.522953226566103435e+00
1.443792033007195386e+00
4.399631341744584923e+00
1.367796354250240543e-01
3.486274950619380864e+00
2.798231277556091356e+00
2.060501658040018835e+00
4.084235745216150626e+00
2.800119063519076690e+00
4.123465242041675083e+00
3.493016625506044193e+00
1.326116580265936706e+00
4.878923958058763333e+00
3.401172084048161626e+00
3.790066290042032104e+00
2.798215122793266119e+00
2.538787886918431269e+00
4.024705036042424133e+00
3.649854608722640226e+00
4.231552436483878132e+00
2.859564722968562567e+00
1.739536447733724289e+00
4.866950206947474378e+00
7.411783335761394642e-02
3.790087305959084940e+00
2.653044805124361805e+00
2.876888613113131044e+00
3.049378195993710960e+00
3.393373008328666174e+00
4.321293078319675907e+00
1.043381185384790477e+01
2.379372747919622721e+00
3.899025350825359393e+00
7.411274547974262827e-02
3.401192740936637815e+00
2.952668824569779193e+00
6.890901650479079876e-01
3.986890767496902299e+00
3.821853875364060737e+00
2.097951211127511684e+01
2.921055975601186017e+00
2.674520605413487573e+00
2.293613774602519584e+00
3.791073662453678050e+00
2.124433471349211455e+00
2.952577407991263669e+00
7.794522873813889419e-01
3.969848453163734803e+00
3.821695602211833798e+00
3.732612223074549096e+00
3.760327952426850473e+00
3.471909505418949493e+00
3.993648702422878838e+00
3.412256465591274601e+00
2.250284949043418692e+00
1.519602360514205941e+00
8.061621788092887542e+00
4.221564979658475991e+00
4.856893235218052496e+00
5.359001660179028015e+00
3.054553663789993490e+00
7.266627716747845689e+00
6.193030140276508000e+00
5.003377437092002999e+00
4.765815330144628881e+00
2.094954467896040118e+00
4.460013101062809682e+00
6.317797365703299306e+00
5.284445948871128174e+00
1.089817486140131386e+01
3.093792296722121193e+00
4.399620382274435748e+00
3.448682073245819879e+00
2.099885975257462789e+01
3.048187910753906138e+01
2.549074388065662333e+00
4.495834404046906485e+00
6.449424970894024334e+00
5.408621094931184814e+00
5.290774602499112689e+00
3.265391328022301476e+00
4.913902201697699645e+00
3.400264719052273676e+00
2.792020437799834554e+00
9.889454386971314293e+00
2.408217612901556226e+00
1.596761834795979551e+00
8.052549741381085369e+00
4.392862744160187738e+00
5.370205097272486405e+00
7.504293272998765474e+00
4.910696661477056857e+00
2.535835481547503267e+00
2.131250203956347278e+01
3.790084270796798993e+00
4.284967125578494240e+00
6.219820240930322264e+00
6.607452616884766705e+00
5.201374334713834813e+00
5.365244521016090395e+00
2.724689418536921703e+00
1.386351181374088526e+00
3.678646910643026846e+00
4.238581828250279848e+00
4.731152519605889673e+00
5.581110139119753732e+00
4.780530122507930635e+00
1.820056024794600491e+00
2.161767913114328010e+01
3.793727771277927818e+00
8.607687878707963591e-01
9.525536877695467419e-01
7.747327300674279549e+00
6.201121163030475891e+00
4.239197095805432802e+00
3.294409449820998592e+00
4.371733503602608373e+00
1.533705716988566392e+00
1.052801380427273559e+00
3.727760823237824983e+00
1.481290310491267803e+00
2.998357212701179719e+00
4.363963990347521360e+00
6.672309295361425363e+00
4.836700203398095255e+00
5.424120187089864764e+00
8.029265213421629133e-01
4.694469485843851153e+00
7.942511050259971617e-01
3.346140339220551763e+00
3.267634021327436411e+00
1.634637934141692339e+00
3.400266291652370487e+00
4.012228038560966326e+00
3.789017480866457621e+00
2.093121135348786410e+00
3.113187076058415048e+00
5.285378990672114696e+00
5.284511745467227684e+00
5.787465024965446680e+00
3.267200287897180200e+00
1.675657531466625327e+00
7.412008265609415503e-02
3.401185827053646360e+00
3.790085603848079909e+00
3.239246204963528442e+00
3.518335783080111412e+00
4.591233694841321267e-01
5.985844287593105939e+00
2.565662542006992286e+00
4.573445575800306528e+00
3.118488130383975321e+00
7.048528610814408957e+00
5.003006208122097398e+00
6.474008947448872675e+00
1.333211383583045917e+00
7.145751231814436721e-01
4.399571305309726732e+00
2.088187383192029145e+01
3.783993661277689657e+00
2.727212463090057160e+00
3.137960122720229617e+00
7.744316468476899473e+00
6.191587528147588948e+00
4.225858379446587598e+00
3.093774645590672723e+00
1.395860325631248289e+00
4.399605102744257756e+00
6.250458116382068274e-01
3.654869832668734997e+00
9.618696932799603028e-01
3.129020431477789632e+00
4.661827511637503640e+00
6.508461141214932688e+00
3.989454996112944851e+00
1.339143473418822339e+00
7.113917879096641750e-01
4.399625235318370464e+00
6.273046356604320417e-01
3.481559218068743800e+00
1.492219225461063559e+00
1.511405485176331664e+00
5.080525129477886814e+00
3.970539964502487695e+00
3.738498858808991354e+00
2.614871843284345854e+00
1.339640652998156156e+00
4.910915337408478187e+00
5.972172504542480276e+00
3.790063539542129600e+00
3.265870926372331784e+00
1.297164491005225129e+00
4.914155765989131730e+00
2.136765798438386454e+01
4.011819827694993457e+00
7.504409840528050601e+00
1.632931788664012229e+00
4.910752135151753350e+00
2.533594382005612378e+00
3.790086768531162331e+00
5.158168400435386047e+00
7.818304100782901278e-01
1.611804416385195227e+00
6.603920572050157034e+00
4.365392981720522592e+00
5.771566446852129495e+00
1.835697290958316019e+00
4.910929003519527214e+00
7.411418201801230066e-02
2.136791689693309948e+01
5.536781321162545844e+00
1.564943697746948859e+00
4.780587578906988711e+00
4.694382797771766036e+00
9.758540254687178006e+00
2.990154577772651923e+00
3.159547898955759937e+00
1.386457338312313992e+00
7.680465639356139462e+00
3.642045999836161396e+00
3.390277120580243775e+00
1.625996101935766491e+00
4.780901012073196732e+00
4.694423505490146198e+00
2.161960323743398860e+01
1.424360699469022107e+00
3.482119406414001972e+00
4.438689515861615753e+00
4.694469793773063948e+00
6.436830565365738721e-01
5.710021721283690788e+00
2.723889206444824129e+00
2.143953981550346910e+01
4.066015776618887578e+00
3.467033979203448357e+00
2.566173841541900646e+00
1.805166940699902911e+00
5.710323506632533963e+00
3.750092832159538148e+00
1.073687424723926931e+01
3.093789606530125358e+00
1.148411939457381292e+00
9.426462740725582989e-02
1.690178149237997474e+00
1.011342669063660082e+01
3.235756483486127877e+00
2.723888158250495461e+00
4.929704874211751076e-01
4.444947131739911406e+00
4.066024962642132756e+00
3.026611423909711274e+00
3.253531648807685084e+00
3.626870773781073698e+00
4.243603918295785427e+00
1.029955208385747234e+01
3.093790226665227294e+00
1.150738724883543229e+00
4.399612986824394056e+00
2.441640287417399691e+01
1.011407385302136142e+01
2.689764702260115659e+00
3.250853771296222217e+00
7.187060944192039891e+00
4.945555002058020122e+00
3.657414965328030121e+00
3.448889905209748807e+00
5.304464835481915941e+00
2.895745725788520186e+00
1.052062470871675259e-01
3.832276699399320474e+00
2.094634385216735950e+00
1.613966248726436126e+00
4.450937942605007969e+00
6.317661850100090071e+00
5.284498808024598482e+00
3.093796581003092516e+00
1.150005216176509082e+00
2.202042592772575968e+00
5.815361359803006280e-01
3.484879372030356137e+00
1.117831165716019193e+01
5.212606712000069642e+00
2.947950038020015651e+00
4.626203572221631255e+00
3.840888272995147901e+00
5.718514866161409138e+00
3.493017760897668467e+00
4.881749073297655173e+00
1.841638885478849241e+00
3.790065951239645958e+00
5.847471510021624574e+00
1.042224510476014920e+01
4.879540895444161031e+00
3.400269940261657187e+00
3.970083963784588832e+00
7.464534766875307703e+00
2.818027676336926302e+00
4.297364377086824838e+00
7.411898605671278506e-02
3.790086560726585674e+00
6.709819914244595118e+00
4.312623474961685410e+00
6.098597207171219559e+00
2.250000561192123882e+00
3.534558767428469306e+00
5.781211728107341408e+00
1.042820463344758330e+01
4.882012578491615962e+00
7.411301834913312792e-02
3.401193759151765139e+00
1.755311596615153347e+00
5.302549996878950900e+00
3.358673836120308120e+00
2.901296714991103531e+00
3.832603837309931816e+00
1.678661864753261623e+00
5.360576094999895069e+00
1.242634713293646520e+01
3.048558759392399509e+00
2.759068362611424075e+00
5.873409292683011707e+00
1.385768144703990856e+01
3.310570538218792880e+00
2.777729949934368392e+00
4.663253427901690173e+00
3.449637308908629851e+00
5.303644491333868949e+00
1.253154620336418468e+01
2.896116582231957892e+00
1.024551131760963046e-01
5.736968493257241342e+00
3.427545619057743576e+00
1.722788873293932710e+00
2.578767988150700408e+00
3.872059091105425122e+00
3.093766841313012605e+00
2.807895141766552083e+00
7.075238499149207883e-01
3.483620022390059745e+00
3.784043142039394070e+00
1.172330416691404364e+00
2.723886824359806891e+00
1.774090295937736927e+00
3.460779514328740092e+00
4.066025863977078991e+00
3.253864634149628898e+00
2.784897267982115121e+00
1.645915605506951040e+00
2.172071980154039128e+00
3.790085251720171300e+00
3.234403693034631377e+00
2.723885742871960058e+00
1.739242498943591952e+00
4.907895300335904376e-01
4.066026533934490317e+00
3.256578453726353128e+00
1.042613592394422817e+01
1.670217528631834369e+00
7.411397475909591026e-02
1.864792701658285035e+00
1.316316835095006299e+00
2.808019258522033379e+00
7.046099414965626417e-01
2.205292622453261853e+00
1.011401072808501134e+01
3.049393301726569749e+00
1.869874328570610977e+00
3.110360899329415840e+00
3.658794623574443960e+00
3.637741194112161569e+00
1.327250684808727099e+00
2.808289769724106488e+00
7.070944949316976258e-01
2.331651317252349198e+00
4.575426628712722987e+00
1.319299341860064034e+00
3.390886667879434047e+00
7.032145692286656535e-01
2.312171237469453189e+00
4.193377563768005412e-01
3.593199664680724936e+00
3.493018110250652342e+00
1.146610648803491728e+00
4.613670211107780972e+00
3.790064999106146360e+00
6.367809766289785678e+00
3.792139718126842585e+00
4.139991011913276786e+00
5.774344091942666068e+00
3.714640073657143660e+00
7.472840233197577398e+00
1.043414391733978341e+01
1.206503298453984740e+00
3.045566135792668661e+00
3.401186233586779739e+00
3.508413182198116598e+00
3.493004282759290646e+00
1.386498831230592144e+00
4.872321860726145815e+00
7.411276483441042728e-02
3.957962710278877694e+00
5.398794752950320408e+00
1.200103184682612012e+00
1.247007203462777625e+01
3.070419485617225774e+00
1.992492267380614690e+00
5.710651729563186230e+00
6.342573595158779831e+00
3.083396958812452571e+00
1.073699978430160407e+01
2.006530135881315235e+00
3.879484231545691220e+00
5.043889389007184754e+00
5.076950651980051354e+00
1.035452714572863187e+01
1.835140216460854790e+00
4.473227474339124932e+00
6.029868317445557402e+00
5.284312706733866882e+00
1.089803398068679030e+01
3.573865381775310990e+00
4.399611100516192863e+00
3.448672273699548096e+00
7.991447067755029110e+00
3.040383908908516375e+01
1.834820742856206666e+00
4.472806074543410837e+00
6.022836677937998040e+00
5.430451535860025380e+00
3.194378028090559152e+00
1.689741507633090833e+00
2.063893969637665915e+00
6.666666666666665186e+00
4.309223844623328858e+00
4.335659147527735513e+00
3.640224582550847909e+00
2.761423577213648173e+00
8.061377804899208854e+00
5.881071253598928017e+00
4.353273936299274283e+00
3.089438793844417663e+00
4.910821286800583607e+00
2.536009953534886563e+00
5.972116041302683698e+00
9.892845326918177307e+00
1.071514164503618360e+00
3.070520085672347133e+00
2.662674253256218204e+00
3.652085924257070904e+00
4.318325930768689425e+00
2.456022590593467836e+00
3.628047795824699051e+00
3.497004284544763753e+00
2.579625254513738586e+00
5.589367401231613464e+00
1.621637042492497072e+00
5.329898597817570582e+00
4.205197337264164226e+00
3.570192132120054485e+00
1.035118297735657578e+01
4.707665425012876881e-01
1.532255568661957001e+00
7.410226482471499843e+00
6.217074677827885587e+00
2.512276562280097547e+00
3.965874190439615976e+00
4.334218138528631137e+00
4.694416264646992687e+00
3.291778562032239730e+00
3.804115334373922241e+00
6.871998221158610143e+00
3.353365356798775565e+00
6.622187647671551325e+00
1.067732362774265198e+01
5.494742638088088604e+00
9.155231273926839330e-01
1.529213481738456837e+00
2.605370017751726497e+00
2.218050039474235291e-01
2.056781176024664504e+01
3.896036919604578319e+00
1.756145959287795932e+00
5.985831097526556732e+00
2.935603893592485747e+00
3.863677993917200126e+00
1.668408711580300574e+00
3.164312149610047253e+00
2.685450262853299019e+00
4.365951214616160314e+00
4.431222989948659041e+00
3.089556566666696202e+00
1.666453235123669829e+00
7.411870288339154900e-02
5.972304491533246384e+00
3.790090215052715816e+00
2.739135620407566307e+00
3.160132379837948591e+00
3.105894022552149636e+00
3.957554518088647555e+00
4.346104052318433553e+00
1.954874896703121978e+00
3.124727173480353670e+00
7.903691220932366868e+00
4.891724657145469557e+00
1.029996481452481838e+01
3.573831427488362689e+00
1.373211692536036255e+00
4.399576057076417079e+00
3.483636481825725273e+00
1.011363102937621328e+01
2.902367984089707420e+00
3.077962532242176419e+00
2.662387025826942644e+00
5.958045588237091295e+00
3.637068261223220134e+00
3.573857450404659630e+00
1.396480669026911814e+00
2.316509039076503740e+00
5.066761397304399006e-01
3.831775417756178026e+00
2.523606230106385961e+00
3.137074652897124949e+00
4.467906785273791037e+00
4.561643783871407898e+00
3.928225509568458396e+00
3.573897633562642451e+00
1.421253300742612025e+00
4.399630464420360987e+00
4.881740663845069439e-01
2.098449334982460712e+01
7.110678187422886376e-01
2.703669581766131813e+00
4.024646859947367261e+00
3.279865637449271620e+00
4.110477812877375570e+00
3.088261974347199956e+00
1.272604967225021255e+00
4.911048612553614134e+00
3.401170914542340995e+00
3.790063953515252937e+00
5.948948847227532033e-01
5.777844841843205792e+00
4.024744279517520340e+00
3.649769171351826103e+00
2.799256408340985214e+00
3.028109091130512187e+00
1.535652032943800149e+00
4.910881618408363458e+00
2.173675927949005882e+00
2.889175494824549162e+00
1.076180513915841575e+00
3.053504752135815181e+00
3.066926795430271913e+00
2.642591964357043022e+00
4.317015441633856199e+00
1.304641576784725032e+00
1.731398437583947070e+00
4.911083208009775269e+00
2.533655971410605279e+00
3.401189716868602719e+00
2.629680957789454876e+00
3.711908237119998066e+00
6.199896399659590607e+00
6.480518508129375910e+00
3.716622624234085404e+00
4.251744690681959149e+00
4.378975785303866886e+00
6.188129735769220652e+00
5.563638347468686796e+00
2.706201503716358925e+00
2.471898183938937787e+00
2.967095377943698598e+00
2.769601359628116821e+00
5.487374624993511141e+00
4.057332654389692372e+00
2.904068345152835295e+00
3.333012275652567524e+00
6.190166295063264101e+00
6.480563752893771401e+00
1.016484228293705883e-01
2.471499918483198943e+00
3.426179541595131273e+00
3.460514532347136907e+00
4.065911826222528447e+00
3.859962894473559558e+00
1.977093731717455283e+00
1.805020844655281564e+00
5.710624765032743078e+00
3.098711987110391419e+00
4.729559764050530468e+00
2.129675527149084591e+00
1.151073037668840726e+00
9.094862301220985046e-02
3.483382777583339251e+00
1.011189626380357076e+01
1.758212758054869651e+00
2.043221709015902388e+00
4.279574428381185847e+00
5.936033547800648513e+00
4.371510232632260795e+00
2.209189140769474591e+00
3.873487096749602898e+00
3.330386819716874669e+00
2.539943854446808924e+00
4.431913830310200808e+00
1.583565339483113066e+00
3.532395439894020939e+00
2.158485370945469217e+00
3.570197367410430811e+00
3.778416823501951516e+00
2.036098325123939734e+00
2.875840263768775884e+00
3.877463715955534074e+00
5.043466098172513234e+00
4.302951653734926829e+00
2.056902016247200038e+00
3.383568973210290043e+00
2.202142417677835251e+00
3.448669717090761200e+00
3.036790941296603208e+01
2.536527884832999291e+00
2.839598121303538392e+00
4.469687445498028211e+00
6.012168496044722588e+00
3.930034866543934413e+00
9.152245054185451645e-01
3.217545410813156703e+00
4.205209475353655080e+00
1.682113440890494263e-02
3.583677140052628829e+00
6.100341399944468890e-01
2.797530219854365896e+00
4.025167701398615350e+00
4.231383631502629861e+00
1.098128251527244537e+01
3.340695752108468586e+00
3.532565378379878496e+00
1.528017246633619264e+00
4.732024795266859485e+00
1.035132631093333089e+01
5.899962761003010314e-01
2.798063368602715428e+00
4.024818700488836498e+00
4.590357434120782898e+00
4.231517503712365347e+00
2.762562321665650078e+00
2.858247579247553460e+00
4.878008177414429269e+00
1.883888881570949136e+00
3.790087643046017529e+00
1.038233252295782449e+00
2.721415943673660465e+00
3.104374351201561577e+00
3.406034267270337867e+00
4.326416706934371526e+00
9.169329164529523846e-01
3.506731411724787861e+00
1.533830415732670760e+00
1.027355035461236382e-01
2.056727829552579934e+01
3.333333333333333148e-01
5.399426332836253728e+00
1.105989421932677708e+01
3.067884820769317233e+00
3.834383352510020604e+00
2.923113716589554656e+00
4.087618185935164128e+00
3.629624320652112601e+00
3.506405554518276180e+00
2.587961123700987631e+00
1.629310739001574859e+00
3.532518135522897396e+00
5.330119851492109539e+00
4.205205784024324878e+00
2.056739152053825492e+01
2.590421079735056420e+00
5.405708661027833095e+00
1.108274324620797557e+01
3.046745500178323685e+00
1.869525418215431500e+00
2.401763704860741200e+00
3.430172047201390573e+00
1.690237114155783926e+00
2.578401429304603365e+00
3.863355134275233471e+00
3.573833350704930467e+00
1.146768228065508710e+00
1.340170835443133202e+00
3.483625030458209704e+00
3.784933185602807892e+00
3.333333333333357018e-01
2.723894207476838858e+00
1.744411035809225297e+00
3.460692942379939296e+00
2.578867294992766457e+00
2.071336130627168703e+00
2.800301487447891535e+00
7.137809136984382130e-01
9.432756594935180761e-02
3.787176243704804879e+00
1.011205166585890991e+00
2.723888028570449205e+00
1.701046975535544847e+00
4.434706061898054941e-01
4.066024482415329544e+00
2.083030253170425450e+00
1.145144110979401164e+00
7.067398740850627803e-01
3.448676342646493254e+00
3.483563862207007755e+00
2.105487736275816868e+00
3.511452004746503430e+00
7.039712747148444416e-01
4.399574482604332815e+00
3.784873121118634831e+00
2.741531000634898074e+00
2.857384196087406014e+00
3.150726681170218146e+00
2.584166565522937109e+00
3.607523804991122685e+00
1.760268220090451363e+00
3.511420052011725801e+00
7.058943580200830459e-01
2.331617030850870353e+00
4.648685228213708776e+00
6.085761170553330990e-01
3.370554924314215217e+00
1.389774462651824249e+00
8.873060537993447960e-01
3.125685875251775769e-01
2.763669342118035388e+00
3.493034659352732163e+00
1.114509100104871919e+00
4.879407287959352857e+00
3.790039966517099401e+00
5.913957954767899983e-01
3.260740419368980625e+00
3.330282873936253996e+00
4.024758812358659732e+00
2.799539322964420762e+00
1.158428435473737750e+00
3.493017901549004378e+00
1.177552713829654207e+00
4.890056424377249300e+00
1.839322772771233794e+00
4.530274602284383723e-01
3.492999414241426681e+00
4.665099735997682906e+00
4.879263948996836575e+00
7.411748107746518599e-02
2.933261979846358170e+00
4.596363395257120565e+00
9.051857540707485938e+00
8.504831087906888243e+00
6.480639781706217128e+00
1.997211586723333765e+00
2.883943625984215942e+00
5.043342047125707772e+00
3.716968175916643080e+00
1.073646115359882636e+01
2.540615970894686715e+00
2.098029401593222598e+00
6.019212619870368819e+00
3.936993120380634537e+00
1.089812851718231990e+01
3.780821584878348407e+00
3.268029546019917575e+00
2.538788917225673458e+00
4.424894188704159070e+00
3.790084600834782602e+00
2.454748422340597980e+00
2.561388532755716430e+00
4.592846653686915026e+00
5.406974718429922611e+00
4.588620909118958480e+00
2.458299876892219515e+00
2.185735927019460956e+00
4.202869972958336753e+00
4.463429273805606279e+00
8.419643327147459999e+00
3.573824021867115786e+00
3.093768646206707107e+00
4.399569479495863078e+00
5.990610057952340917e+00
1.011376557182637903e+01
2.041491884718039440e+00
3.542061425577510025e+00
8.033609354613055586e+00
6.342203960360424553e+00
5.077098320005660526e+00
3.573874789661194651e+00
6.080362764337540860e+00
9.400503896907584922e-01
9.239446845480898673e-01
2.996853028876947178e+01
2.551808724576356102e+00
2.099333075413809979e+00
4.467242917710657402e+00
6.317648009779432527e+00
5.284490277277645198e+00
3.573902143106641116e+00
3.093802594282877294e+00
2.286114156669329933e+00
3.448676844897685445e+00
3.483076708738375604e+00
1.908597334336763707e+00
2.910612569779407632e+00
6.754449368358782513e-01
1.337792976281754598e+01
4.744593915167796716e+00
3.776195744843917623e+00
7.504714585872936716e+00
4.910974933664675746e+00
5.972138190223225784e+00
3.790064254411844136e+00
1.309877181566998727e+00
3.267020386870067572e+00
4.914177212220356417e+00
2.136777410974635316e+01
2.582683303085529847e+00
3.090153482547629782e+00
3.264808701851845907e+00
4.910806920733183922e+00
2.173719214357726859e+00
9.320077327813939050e+00
8.717548720283241792e+00
4.732606823922083095e+00
2.409388067354081731e+00
8.065983199949679161e+00
9.413676353830766175e+00
1.304926398221461170e+00
3.266386537694813796e+00
4.910994893336696698e+00
2.172916183096153642e+00
2.136883530325706104e+01
4.679011090556386421e-01
1.804458882597894442e+00
7.582382477272725518e-01
3.612327338215797656e+00
3.831158671476314392e+00
2.003816918763078547e+00
2.910014620803138996e+00
5.529216609584669762e+00
3.912900326739892076e+00
3.736909080725828058e+00
1.452571724006508136e+00
3.390247428277847863e+00
4.780924509804687084e+00
4.694362943820482137e+00
3.346635026724884998e+00
3.333333333333357018e-01
3.338047372082627362e+00
1.247354588421120525e+01
3.031489127987660570e+00
9.246587597979498696e-01
3.777629502591191457e+00
3.267864091355813461e+00
1.256562571829685337e+00
2.582677022661930888e+00
3.789042853833239466e+00
3.089440841817089112e+00
3.267676758478621935e+00
1.286770410711501000e+00
3.401175284295117507e+00
9.894346286025761827e+00
1.310317050872287892e+00
3.268784794131837312e+00
1.283624688618753451e+00
3.400271034275323956e+00
4.011722756827272640e+00
3.029325194685933642e+00
3.267337689732068728e+00
2.366994868425340570e+00
2.174789144898847670e+00
9.894411774260136738e+00
2.566845523469863277e+00
2.619315025315697820e+00
3.125893710698105732e+00
4.882491021891510741e+00
3.968687169461107001e+00
1.305468697454943650e+00
3.268495777907747257e+00
1.648461247662915241e+00
2.535747990165243326e+00
2.136995887817655060e+01
3.573834309126989073e+00
6.074876119426913412e+00
7.034360009803393154e-01
4.399578379553115148e+00
1.011371387268610533e+01
2.573321503717423298e+00
3.234337789860598722e+00
3.130093580676543308e+00
4.460299533613173217e+00
3.931282302334314860e+00
3.573887944376693326e+00
3.093796454144862818e+00
7.053855651291366380e-01
2.331666948684945506e+00
3.483646363153147352e+00
1.079362796372575817e+00
3.093796210796521340e+00
7.033062904341905730e-01
2.324628780906667913e+00
6.254959059655836873e-01
3.088609512524617795e+00
2.614838884492068249e+00
3.575411558537012979e+00
4.911020730548756319e+00
3.790064548271801836e+00
7.639319228644675386e-01
1.464916443123399858e+00
4.566396236869861625e+00
5.080693436087780235e+00
3.970518726787931829e+00
1.305092499210928736e+00
5.360953903813880039e+00
1.200570864850384112e+00
4.911142847423438873e+00
3.401186192724532820e+00
1.304576511955453100e+00
3.265683766878536343e+00
4.595441794459968143e+00
4.911034102692468650e+00
3.335946068062947578e+00
1.452432773727593940e+00
1.503588021101203820e+00
1.490174749433530677e+00
4.780977785477593223e+00
5.357096304841478807e-01
2.381053224952476288e+00
5.737496078582988268e+00
2.724002029193542285e+00
4.065919638201500597e+00
3.861929239665357727e+00
3.573831694996381092e+00
6.097638617398028593e+00
2.807760280912303674e+00
4.575441452504668938e+00
1.011400606420190051e+01
4.164015280734950863e+00
5.678382933598285831e+00
2.723893608397229382e+00
3.460344406405749140e+00
2.580332957212089440e+00
1.951256484434355398e+00
6.118132456506576666e+00
1.141675438277846011e+00
3.448671036121339739e+00
7.504930521162947343e+00
2.554687697491855314e+00
8.701833127204400276e-01
2.803946908937149374e+00
5.294296116095627447e+00
3.207161048821461691e+00
1.079422888310155315e+00
6.078812075649811852e+00
4.176697243015465411e+00
3.448678343769282950e+00
2.098463240232910820e+01
3.333333333333309834e-01
3.364630837362663218e+00
5.399821283876669042e+00
3.900536883934970778e+00
7.918621441633444391e+00
2.042259765364152546e+00
2.872474008362947639e+00
1.805237300796315836e+00
3.862159982529246971e+00
3.716632333118563114e+00
2.171443349641511755e+00
3.520909740105783836e+00
5.227505036849151132e+00
2.589062414143134649e+00
3.337739321280854821e+00
2.167639744871983964e+00
3.323595607706380406e+00
5.409308289906608280e+00
8.243006051223874531e-01
9.704693062644006440e-01
4.521356464884907500e-01
3.505167522704605521e+00
5.208635257706018429e+00
2.963437472748168489e+00
3.837634114711297340e+00
4.324087240596578563e-01
2.488366794262160564e+00
1.296531540286830264e+00
3.118895128382798365e+00
4.628712800829134721e+00
1.179809922387174081e+00
2.756774414001898155e+00
3.493016266687988480e+00
4.890867213916948231e+00
3.401176371824426781e+00
1.568178168069269018e+00
3.521354071384716011e+00
5.291229971058044157e+00
2.959702767369684295e+00
9.199796553540977584e-01
3.333333333333309834e-01
3.364757683685752454e+00
5.399396584548657785e+00
1.247280195412488979e+01
3.903260121985976383e+00
2.798314550811923596e+00
3.254909960846395389e+00
2.786105995926221102e+00
1.201561455483961538e+00
3.790039462000815096e+00
1.011134516226659175e+00
5.702427943131667121e+00
2.723890053214642393e+00
1.639033379589212247e+00
2.579426331114612392e+00
6.087817035911958774e-01
1.366509141202608246e+00
3.511528680615262576e+00
7.000350325852574551e-01
2.098455938361689732e+01
4.678146044725248198e-01
3.257858944380951360e+00
2.786374023142312861e+00
4.665114787579492273e+00
2.168034338685392637e+00
1.079431325955335863e+00
1.325169634607014757e+00
3.511596355494246868e+00
6.978317812873319204e-01
2.195950356113012703e+00
4.476957830028685525e-01
5.718506013997028958e+00
3.493016873110766252e+00
4.665047996107140271e+00
4.885482912897198382e+00
