2.811549678803044117e+01
2.307252005845834830e+01
4.749261056515839385e+01
1.994146279252282028e+01
6.059066741364762976e+01
2.653705743999192279e+01
4.010687360675863289e+00
2.927619593099309725e+01
1.527873385877101597e+01
3.446370419730371282e+01
1.521792358573109127e-01
2.232067829285919345e+02
9.987840437971554408e+00
2.329101149263189541e+01
1.392616082974942060e+01
3.404989783667681280e+01
6.573999319474162384e+00
2.232124285518590057e+02
1.377652369369514496e+01
7.650805459081313487e+00
2.426939654852337114e+01
2.071018475755970911e+01
7.199443940627506144e+00
1.980995838698044054e+01
1.635390069143158698e+01
2.267768481211396931e+02
1.852444076681713270e+01
1.528942716579900996e+00
1.671360302144330490e+01
1.760382398674989091e+01
1.554984836630418066e+01
2.071009909565036722e+01
1.141320989935815078e+01
2.653514459536035375e+01
1.555012834752397310e+01
4.854911694959630353e+01
1.555005230135444627e+01
1.154913238684591725e-01
1.699450442599967914e+01
1.649842539197200963e+01
1.554959247889849472e+01
1.538584047253246645e+01
2.199634137745526274e+01
1.993981295436193335e+01
1.613902888426645887e+01
2.173390315381518079e+01
2.199649630821651058e+01
2.791591984196321974e+01
2.193511938912082826e+01
1.505020173109251069e-01
2.091116146515666330e+01
1.576839125879969750e+01
2.129827157623926936e+01
1.533766678390406746e+01
2.006553143537546191e+01
1.699548980250344243e+01
1.772293846125799988e+01
2.927774173118798018e+01
1.316031469384453167e+01
3.395941890956726894e+01
1.772732472373337487e+01
4.854913935727875440e+01
1.772687999500830358e+01
1.154924526958711339e-01
7.538498759555231743e+00
1.649838839957455505e+01
1.770418469556505769e+01
1.538580031840864848e+01
1.772471536216426102e+01
1.554983119953413251e+01
2.449518136006540558e+01
2.006318044741285078e+01
1.105213467401258320e+01
3.133191705890422440e+01
1.038125359922183932e+01
2.961372864265883820e+01
1.105261435751248023e+01
4.749178456564205675e+01
1.105279416610090415e+01
1.657655284968800324e-01
8.379398293739566128e+00
9.984729848429729770e+00
9.590640999402419098e+00
1.538596047362894126e+01
4.241949174876451067e+00
1.554986922001912575e+01
1.105215096861209467e+01
2.006359574053459838e+01
9.594679598024949740e+00
1.772857554203206831e+01
