2.747887214781923770e+00
4.099388488546358289e+00
1.988012852554619458e+00
5.911332507617345300e+00
1.668995953758040995e+00
6.663034279644487690e+00
5.465240610411169264e+00
2.900238594877244225e+00
4.860213168406610329e+00
1.268715371311356366e+00
1.519285171920265798e+00
4.544180687210948477e+00
3.991471694181413454e+00
7.650169804511534721e+00
5.094098649779330579e+00
1.709115151952269684e+01
3.865527104365449329e+00
3.568705767262297712e+01
7.342199597199652317e+00
4.133708886531498372e+00
4.290564476440414943e+00
8.689089484194838064e+00
1.022804970237780076e+01
7.927131902627711391e+00
1.173543221999728026e+01
6.750112722502014329e+00
8.079513221240246068e+00
1.111698073311219481e+01
5.373701047841545453e+00
6.752757310001253899e+00
4.119522732683949862e+00
8.207297696314261870e+00
1.775197441993372394e+01
4.686288452867726662e+00
1.309360380499574283e+01
1.641394080058101324e+01
2.617512907888894347e+00
1.774220616313878951e+00
1.613724818796821170e+00
2.956182102918622601e+00
4.331560428559118492e+00
4.686224926780600875e+00
6.850482758423548368e+00
5.278235914926199257e+00
3.726463444687718152e+01
1.778012072241429875e+00
4.763905464536743573e+00
4.312034286610469280e+00
3.588387329836807194e+00
5.192430222927072236e+00
2.645114092905733738e+00
3.022259408521886570e+00
3.403742606026535444e+00
4.220128784234474573e+00
1.785707948248828503e+00
1.443589955931382063e+00
3.586900818408879754e+00
1.062619748907951189e+00
9.637160213806504894e-01
4.944543299109795065e+00
7.143218583827575685e+00
2.471305286635119725e+00
3.785564378941880026e+00
1.379797744199878906e+01
2.210026548050275608e+01
1.104926369926673146e+01
7.628117972544345093e+00
1.663896884241528440e+01
1.262572057185073682e+01
1.861150762745267784e+01
3.989803695460485411e+00
3.748474530727560960e+01
2.191565021821618942e+01
1.042739498409408050e+01
2.362188754468508023e+01
6.170370166417927571e+00
1.963744500434252771e+01
8.660907384155839495e+00
3.319650975090553402e-01
7.617513097168600034e+00
1.184740183618748688e+01
5.729685427656647789e-01
8.970944785544693545e+00
1.558469493217727120e+01
4.869345486265797440e+00
7.015591038066517626e+00
7.876461109155606266e+00
1.763191826495371473e+01
6.937028273147045176e+00
6.826047146013062950e+00
