M6,25.817132922683204,36.08985161141551,38.09301546590129
M7,47.28282481848265,48.564533107085346,4.152642074432002
M8,14.513693381209125,1.0746550243364745,84.4116515944544
M9,90.55878823656121,8.567812375214004,0.873399388224783
M10,8.44036848592012,84.25009214811789,7.309539365961996
M5,51.168538740773904,27.60159192966841,21.229869329557687
M7,55.11191179199159,42.933265125309845,1.9548230826985673
M8,12.80718579267585,4.472273746657076,82.72054046066707
M9,91.58041290536168,7.514150733377351,0.9054363612609659
M10,8.031848416454132,85.67087123666937,6.297280346876505
M5,48.55098970716908,30.6038994306565,20.84511086217442
M6,31.76813913990715,37.425012304106275,30.806848555986576
M8,14.290935728040317,1.069791984635554,84.63927228732412
M9,91.3526366957665,6.316352510153512,2.3310107940799822
M10,10.428327385732164,84.47877517252509,5.09289744174275
M5,51.20305464950092,27.510877385542653,21.286067964956427
M6,26.52956202944135,34.51309651620929,38.95734145434936
M7,55.191333609806016,42.84438636842629,1.9642800217676921
M9,92.25477125602188,5.17723839985464,2.5679903441234773
M10,8.064751755963822,85.58069043994848,6.35455780408769
M5,52.27081719287969,28.813535481091233,18.915647326029077
M6,26.30774484898477,38.14299378122385,35.54926136979138
M7,45.721717057903284,51.7621919670284,2.516090975068316
M8,9.1689325395513,4.636936050570639,86.19413140987807
M10,10.263068219688648,74.57275489222798,15.164176888083375
M5,56.7190611610746,20.15183707568079,23.129101763244613
M6,34.12825610832312,33.295466741629156,32.57627715004773
M7,51.05899608958126,44.312389695657515,4.628614214761228
M8,14.451192450491778,0.9007489930734268,84.6480585564348
M9,91.76013053384489,7.311251956384781,0.9286175097703326
M4,20.68455347884718,15.249511959137426,64.0659345620154
M7,45.1145383336052,50.341184496533394,4.544277169861402
M8,11.499044149212914,4.993464322296325,83.50749152849076
M9,91.73413939072456,3.5748208001146984,4.691039809160737
M10,6.624216107599903,87.71440452604189,5.661379366358204
M4,20.820217162660402,15.273846096799769,63.90593674053983
M6,23.87691101141209,36.28415112699035,39.83893786159756
M8,13.301626798236125,1.0341958413895223,85.66417736037435
M9,88.53516269748562,9.032187273014365,2.4326500295000173
M10,8.298746569252417,88.46574678128601,3.23550664946157
M4,23.08105095868486,15.298653178941516,61.62029586237363
M6,26.696414672184023,35.93250922834702,37.37107609946896
M7,51.5362446983346,48.28590782260786,0.17784747905754017
M9,83.06578761642949,7.350223372549422,9.583989011021089
M10,7.432558153409835,86.91975650317846,5.647685343411709
M4,22.165837127162703,19.659470275853465,58.17469259698383
M6,26.59944717189871,38.578605792934965,34.82194703516633
M7,41.362796203693414,53.46418532032571,5.173018475980875
M8,9.51281798482203,4.782934156209647,85.70424785896832
M10,4.485529402776127,87.20335156238856,8.311119034835315
M4,23.085841283309716,15.288030695304526,61.62612802138575
M6,26.700313376742685,35.9234763117397,37.37621031151762
M7,52.714608951459134,45.523627334056236,1.7617637144846299
M8,6.142375398052816,4.192935553642058,89.66468904830512
M9,90.89321376159972,8.274940005038713,0.8318462333615617
M4,24.344468000354407,18.400613529437123,57.254918470208466
M5,55.17310661408862,26.80095306428478,18.025940321626603
M8,18.469279631975432,5.776801370554567,75.75391899747
M9,88.24509257695473,9.049938447683225,2.7049689753620427
M10,8.174379696334396,88.11876174428647,3.7068585593791283
M4,24.32017855274148,18.40992687241627,57.26989457484225
M5,50.72854445119896,23.284002736359373,25.98745281244167
M7,49.40728947085068,48.31044262976716,2.2822678993821626
M9,91.28219875797991,3.5247299463543547,5.193071295665733
M10,6.470798854557071,87.08765184792574,6.441549297517184
M4,22.948575177893407,19.83639902778195,57.215025794324646
M5,42.63387723290757,33.243377607254025,24.122745159838402
M7,46.08612929912108,51.737894049317084,2.1759766515618324
M8,9.70841926343985,4.898252503455227,85.39332823310492
M10,5.685128891033362,88.2639809094872,6.05089019947944
M4,24.345107904590495,18.400384520443794,57.254507574965714
M5,50.75569325800479,23.289702522543898,25.954604219451312
M7,44.73441589283273,50.17557617170984,5.090007935457429
M8,10.338875384824084,4.522685066571802,85.13843954860413
M9,91.27899407948478,3.525976019489315,5.19502990102591
M4,20.980211110929076,15.38298492599794,63.636803963072985
M5,48.41250849259814,30.796081143389273,20.791410364012584
M6,23.99422018512122,36.443157234043646,39.56262258083513
M9,88.56466800006478,9.030340852688724,2.4049911472464913
M10,8.306276047980111,88.49425337248387,3.199470579536026
M4,21.06393249074713,18.554194757176557,60.381872752076305
M5,41.350671252616564,32.20441171907169,26.444917028311743
M6,20.064709744335453,35.022123329769585,44.913166925894956
M8,10.084723021394757,0.9329121405954339,88.98236483800981
M10,5.648514973707511,87.55966392905624,6.791821097236252
M4,20.98052195281848,15.383038950321538,63.63643909685999
M5,48.41275391429524,30.795969293503976,20.791276792200787
M6,30.364447061268322,37.997939697079445,31.637613241652232
M8,13.401456391161362,1.0578389103054557,85.54070469853319
M9,88.56427483293771,9.030307950185962,2.405417216876325
M4,18.114776617922693,15.484752893151661,66.40047048892563
M5,43.47392264806277,33.14301910607836,23.38305824585887
M6,21.33729630724181,37.27532600463964,41.38737768811855
M7,44.15362390918197,54.665228844234115,1.1811472465839188
M10,5.678843037987513,88.35974687293925,5.961410089073226
M4,23.147722070767635,13.60291021819551,63.24936771103686
M5,54.11877721275376,20.31799205065859,25.56323073658765
M6,26.5018033333993,34.50543558958958,38.992761077011124
M7,54.28095196192426,43.264169609999435,2.454878428076306
M9,92.96071048910846,2.8662117479816773,4.173077762909858
M4,23.17815839750354,20.067753508677136,56.75408809381933
M5,43.67224179685184,33.062400691157364,23.265357511990793
M6,27.041721213214508,39.2409649615806,33.71731382520488
M7,44.29777634161111,54.7216187273317,0.9806049310571865
M8,11.329694846777455,1.101894405556559,87.56841074766598
M3,6.6385047567922495,69.39510522378112,23.96639001942664
M7,47.18940631871212,50.999242414140674,1.8113512671472023
M8,11.915038233478121,0.956434976995694,87.12852678952618
M9,79.78111217490202,7.982606590331419,12.236281234766562
M10,6.463776609702682,87.0830585050441,6.45316488525323
M3,5.866544946363652,74.32615169578126,19.80730335785509
M6,25.515672358468596,36.14090404807614,38.34342359345527
M8,14.288949929199655,1.0720975781194368,84.6389524926809
M9,91.33947440076153,6.329083166264061,2.3314424329744075
M10,10.389631821582503,84.62828322637642,4.9820849520410775
M3,7.292339887794422,71.39110353089332,21.316556581312256
M6,25.810914303423363,36.1039295720971,38.08515612447954
M7,51.74296327959473,46.434285273879304,1.822751446525963
M9,92.61592730977897,3.2525002965392322,4.1315723936818
M10,8.43967089873379,84.25164154450513,7.308687556761072
M3,7.730272025378085,75.23749990024749,17.03222807437443
M6,26.3076920913191,38.14299846134935,35.54930944733155
M7,45.02417475350673,54.975825246493265,7.105427357601002e-15
M8,9.149975669608681,4.633501215529569,86.21652311486176
M10,4.380088359918206,86.89101155192834,8.728900088153452
M3,7.292322005195739,71.39108863036411,21.316589364440148
M6,25.814475796658943,36.09582579893782,38.089698404403244
M7,50.55057929014048,49.299158004023646,0.1502627058358712
M8,14.513684061677644,1.074671164521377,84.41164477380097
M9,92.61586785861188,3.252522730729261,4.131609410658861
M3,7.468779142317233,68.99800880456917,23.5332120531136
M5,46.87493054614846,30.005775312763227,23.11929414108831
M8,10.30988997169204,4.50880159643262,85.18130843187534
M9,88.23098837506578,9.049906166891315,2.7191054580429075
M10,6.482808400618585,87.0755829515307,6.441608647850714
M3,6.603979239324726,69.34314573214692,24.052875028528348
M5,45.37089526171639,30.592768138149054,24.036336600134554
M7,44.721554790609176,50.169291188229955,5.109154021160869
M9,91.29708369891158,3.5111313882724304,5.191784912815992
M10,6.458764679561349,87.06093774165794,6.480297578780707
M3,5.792127715266278,70.28291915919249,23.924953125541236
M5,52.28010483963238,28.809944989394822,18.9099501709728
M7,41.301492396462024,53.36707550925449,5.331432094283485
M8,9.20803550116095,4.644026832936053,86.147937665903
M10,10.541202798842415,74.47438390121161,14.98441329994597
M3,6.598887504416526,69.34502973952,24.056082756063475
M5,48.201006629539926,22.74393178669715,29.055061583762924
M7,47.26793217926192,51.02849382616666,1.7035739945714212
M8,10.29914635029625,4.507145256763817,85.19370839293993
M9,89.60612989419562,9.223233672354109,1.170636433450273
M3,7.492752389940982,71.32366998318952,21.183577626869493
M5,53.62460530690354,24.35582735149562,22.01956734160084
M6,25.014982328078517,37.563522033171104,37.42149563875038
M9,92.45119704942614,3.215050164638771,4.333752785935087
M10,39.383300844213174,39.922724549403625,20.6939746063832
M3,14.64201832455846,67.10390010418489,18.25408157125665
M5,53.64435574416237,26.670811486725977,19.684832769111654
M6,26.307797473415196,38.143025624110955,35.54917690247385
M8,9.211738707700007,4.644710190265645,86.14355110203435
M10,5.66706800001847,87.92137442157556,6.4115575784059615
M3,7.681473010770353,68.9127600725247,23.40576691670495
M5,46.884623069134996,30.001770679433502,23.113606251431502
M6,28.946154754596634,36.43623126002789,34.61761398537548
M8,10.381622157395018,4.519824359826535,85.09855348277846
M9,88.22535796700284,9.049185103148425,2.7254569298487397
M3,4.9998036752094,77.95628344943593,17.043912875354664
M5,48.97917307551008,26.746657002194915,24.274169922295002
M6,23.36412702328674,40.981573207480956,35.6542997692323
M7,44.84420172705298,55.05164198993393,0.10415628301308999
M10,5.748057438148738,89.53923277630193,4.712709785549336
M3,7.494826836176132,71.31912454405963,21.186048619764236
M5,50.55059313856159,27.65713306682207,21.792273794616342
M6,25.015025022799843,37.56357778097295,37.421397196227204
M7,35.05430778051194,48.055843514839985,16.889848704648067
M9,92.1935612275937,3.831643253360424,3.9747955190458715
M3,5.088321086423752,73.39740998610534,21.51426892747091
M5,52.29851697810657,28.802933278216717,18.898549743676714
M6,26.307811310183837,38.14298142629877,35.549207263517395
M7,45.02415627942068,54.97584372057933,-7.105427357601002e-15
M8,35.85057545317448,9.482747427003034,54.66667711982248
M3,5.914163324863136,70.92643384047807,23.159402834658792
M4,22.70522701649311,19.67235702972218,57.62241595378471
M8,37.15240046868621,9.631857904812529,53.21574162650126
M9,88.58281605858821,10.284446043778878,1.1327378976329143
M10,5.80379098821765,88.02211933971934,6.174089672063005
M3,5.914197794805615,70.92640457015366,23.15939763504072
M4,22.649848049927648,19.69489395031522,57.65525799975714
M7,45.51242006958541,54.252679817607465,0.23490011280712508
M9,90.68011125392934,3.9009514362070523,5.418937309863608
M10,5.920362800212135,87.71351520660997,6.366121993177899
M3,11.72233661235055,68.61703371929627,19.66062966835318
M4,22.14445552397095,19.66815778119081,58.18738669483824
M7,44.924768202019244,54.94613324115166,0.1290985568290992
M8,9.468628933854392,4.774952286777866,85.75641877936775
M10,4.492091590840137,87.20828531218969,8.29962309697018
M3,5.9141684676210495,70.92642470175835,23.159406830620597
M4,22.72946763852594,19.662502782971394,57.60802957850267
M7,45.481672549418526,54.33938403659183,0.17894341398964286
M8,9.732586563503403,4.807773965077556,85.45963947141904
M9,88.59240124431253,10.255345619084776,1.1522531366026971
M3,8.03965942149061,70.71666454261252,21.24367603589687
M4,20.819913370570372,15.273775048269856,63.90631158115977
M6,23.877162647411623,36.284186012026915,39.83865134056146
M9,88.53553814464814,9.03223196474757,2.4322298906042867
M10,8.297812309768691,88.46530393238288,3.2368837578484317
M3,11.72700082386793,68.61529153854326,19.657707637588814
M4,22.093189052520746,19.689011619537318,58.21779932794194
M6,26.59935110245019,38.57861263023825,34.82203626731157
M8,9.466311602269327,4.774539013786686,85.75914938394399
M10,5.676291662712675,88.10070483049937,6.223003506787961
M3,5.827750391604127,74.28599529250084,19.88625431589503
M4,20.82032517543083,15.273855781299327,63.90581904326984
M6,23.87661919500154,36.28406741970801,39.83931338529045
M8,11.517709525056567,4.996238579113683,83.48605189582975
M9,91.8087166171428,3.543806652127016,4.647476730730178
M3,11.716348697261198,68.61927106900102,19.664380233737788
M4,20.90295133567106,20.173851798902458,58.923196865426476
M6,26.59943335158743,38.57858293156924,34.82198371684333
M7,44.72104668811233,54.861366375214345,0.4175869366733238
M10,5.503082871004665,87.97014098749735,6.52677614149799
M3,5.919278201971883,74.2081878822157,19.872533915812426
M4,21.914168479969018,15.279432764456883,62.806398755574094
M6,25.51227703448892,36.1436348708455,38.34408809466558
M7,50.20073241681466,49.67048639293235,0.12878119025299384
M9,92.50428841350552,3.2922197019465136,4.203491884547966
M3,6.215570160150842,70.67569798026297,23.108731859586186
M4,22.165688049510795,19.659523231201526,58.17478871928768
M6,26.599447012616878,38.57859795822394,34.821955029159184
M7,44.871046931387525,54.92378361547494,0.2051694531375361
M8,9.444428644802183,4.770587574070924,85.78498378112688
M3,6.215022933965051,69.58763014970081,24.19734691633414
M4,23.090752487060026,18.66954238034917,58.2397051325908
M5,44.744088263851694,29.12955811832408,26.126353617824225
M9,89.20017859527862,9.659265287774756,1.1405561169466285
M10,6.1851978630625135,87.26176484331197,6.553037293625522
M3,4.760475061740934,74.11543364922036,21.124091289038702
M4,21.59220063352457,20.396974236874335,58.010825129601095
M5,42.681614062911855,33.11268219199047,24.205703745097672
M8,9.70834843919833,4.898241873927754,85.39340968687391
M10,5.685099435063044,88.26399444573285,6.0509061192041
M3,6.2150018208756554,69.58767549493444,24.1973226841899
M4,23.808181830377645,18.39111704278192,57.80070112684043
M5,43.96294244593636,31.34938878461319,24.687668769450447
M8,9.81226358898432,4.525218086916035,85.66251832409964
M9,90.94390583160421,3.6526713452741824,5.4034228231216055
M3,5.710652915547155,71.62655459809807,22.662792486354775
M4,22.609304671600587,19.928481103801925,57.46221422459749
M5,42.69957468957879,33.06375263401477,24.236672676406442
M7,44.928659086805865,54.960164163157714,0.11117675003642091
M10,5.685130958938625,88.26392564380477,6.050943397256603
M3,6.6144200874449695,69.40601270486849,23.979567207686543
M4,24.315332919669697,18.411812246704134,57.27285483362617
M5,45.425932706009434,30.615811738833045,23.95825555515752
M7,44.73437706878063,50.17556341872637,5.090059512492999
M9,91.29940910101953,3.5180603825204866,5.182530516459979
M3,25.65071778077186,63.564656385022,10.784625834206146
M4,23.569059121879437,19.52667412129883,56.90426675682174
M5,44.15146197376196,32.489310775236426,23.359227251001613
M7,44.928662164325814,54.96016871745457,0.11116911821961395
M8,9.708346430318414,4.898210888595043,85.39344268108654
M3,7.661995793559044,74.42900323685467,17.909000969586288
M4,19.994477704980174,18.971887047447968,61.033635247571866
M5,44.01966384875465,31.23405100882907,24.746285142416284
M6,25.73278081304609,37.28641292668646,36.98080626026745
M10,10.637542925597176,58.53073183308732,30.831725241315503
M3,5.618416036598224,72.17714809076026,22.204435872641525
M4,24.011780908120233,18.183980793929017,57.804238297950754
M5,46.66803108881921,29.891548249277008,23.44042066190378
M6,22.46109822507763,34.31338950631948,43.225512268602884
M9,88.18665020702382,9.052043199826597,2.7613065931495857
M3,7.662436156742339,74.42886611198689,17.908697731270763
M4,20.353253878944685,18.830821568927917,60.8159245521274
M5,44.0452273202544,31.22435879729187,24.730413882453732
M6,25.732543403317752,37.285912183367806,36.981544413314445
M8,8.734097878493143,4.4010816653881735,86.86482045611868
M3,9.235073750372061,75.64049192864027,15.12443432098766
M4,25.207864258128428,16.930729279042712,57.86140646282887
M5,44.00952694636568,31.237753808757393,24.752719244876925
M6,19.91862914516733,34.96298615644576,45.11838469838691
M7,45.78140948190167,51.62457257643487,2.5940179416634592
M2,68.77722746871318,17.27940354077131,13.943368990515513
M7,55.1677499147719,42.90756731786067,1.924682767367429
M8,5.93870149195158,3.6676525305122905,90.39364597753614
M9,92.28533985282708,5.3156814151102925,2.398978732062629
M10,8.03850249026854,85.65008424281807,6.311413266913391
M2,66.44149466297773,19.58183049568499,13.976674841337278
M6,30.899941575121765,37.84469832897507,31.255360095903157
M8,14.289545210414762,1.0720863784114354,84.6383684111738
M9,92.505066155638,3.291941413919632,4.202992430442363
M10,7.148722995216942,86.98920166619247,5.862075338590586
M2,68.49564150572542,13.361926792430523,18.14243170184406
M6,26.690019651594216,35.94557119195034,37.364409156455444
M7,52.71492260901453,45.52330395144505,1.7617734395404199
M9,92.92666892330669,3.1404265830124465,3.932904493680861
M10,13.547326962094681,73.65273770789803,12.799935330007287
M2,72.11099992973989,17.52968851534329,10.359311554916818
M6,26.599430573411656,38.57859319865775,34.8219762279306
M7,41.362788529410636,53.464188360720634,5.17302310986873
M8,36.49828962886194,9.655023129111207,53.84668724202685
M10,32.06908338325792,44.2771813386914,23.653735278050682
M2,67.85258782850484,18.823611582098493,13.323800589396669
M6,26.743751606070358,35.6843712468807,37.57187714704894
M7,52.89979165418287,45.325862543658964,1.774345802158166
M8,13.11293164239678,5.048092374479579,81.83897598312365
M9,92.93616190374867,3.116212508367056,3.947625587884275
M2,72.30847398437338,17.589613007660073,10.101913007966548
M5,42.62914669745345,33.24997134595918,24.120881956587368
M8,9.70801565393911,4.899602921421585,85.3923814246393
M9,86.0837179785894,5.811969343300249,8.104312678110347
M10,10.629643037017258,75.16581841954303,14.20453854343971
M2,68.60459658873083,12.783076991916838,18.612326419352335
M5,51.16073938544971,27.60485724780603,21.23440336674426
M7,55.13807180809272,42.92117538792837,1.94075280397891
M9,91.58929411624028,7.515120988558316,0.8955848952014023
M10,8.055307645908734,85.60706263108881,6.337629723002465
M2,58.74356009050185,23.05190213979098,18.20453776970717
M5,42.633955007784415,33.24308696776442,24.122958024451165
M7,42.292781165483134,53.90346561219561,3.803753222321255
M8,36.96875305934521,9.791931414934464,53.23931552572033
M10,5.685126406195202,88.26396925686026,6.050904336944541
M2,76.42745068836774,14.169598099640849,9.40295121199141
M5,56.122907881214,20.670269638604516,23.206822480181486
M7,50.4518621718389,45.08882107467285,4.4593167534882525
M8,12.802061502070753,4.472378021041157,82.72556047688809
M9,93.04786678152414,2.8423614558222985,4.109771762653566
M2,67.16863496484586,13.744330907348752,19.08703412780538
M5,49.48227852310986,28.438194704829005,22.079526772061133
M6,25.517970365964537,36.16059967315272,38.32142996088274
M9,91.35787274237542,6.312556171889397,2.329571085735183
M10,7.096728779408834,87.11944812717937,5.783823093411797
M2,61.62833479132037,22.043800870199373,16.327864338480257
M5,42.829204816238104,33.404976130656514,23.765819053105382
M6,21.32146643464648,37.2699159628081,41.40861760254542
M8,37.42651869671492,9.908390485783416,52.665090817501664
M10,5.690591656916889,88.36781942685995,5.941588916223154
M2,69.61123456390617,14.09761225428764,16.291153181806195
M5,48.57116946834568,30.59351475128925,20.83531578036507
M6,31.620990951011418,37.48965800696491,30.88935104202367
M8,14.301681744545713,1.0698129448104245,84.62850531064386
M9,91.35879564370815,6.3120763816672225,2.3291279746246287
M2,65.0583858252685,16.25437119556303,18.687242979168467
M5,43.44239974459609,33.155788986921394,23.40181126848252
M6,19.516919728701474,42.300558575482846,38.18252169581567
M7,43.86744141754363,54.55335651181546,1.5792020706409104
M10,5.591641234856738,88.300160079657,6.108198685486258
M2,68.79657730391287,17.2219354657369,13.981487230350229
M5,52.006733535902015,25.50246418094823,22.490802283149755
M6,26.54594598552128,34.5253172635679,38.928736750910815
M7,50.534781202528976,44.99153605695786,4.473682740513162
M9,92.25505030509714,5.3456553147793295,2.3992943801235276
M2,61.8638197193652,21.947704711361343,16.188475569273454
M5,51.2014608641173,30.002928917895943,18.795610217986756
M6,27.041704228765774,39.24095099565917,33.71734477557505
M7,44.14624435696698,54.66237898549402,1.1913766575389957
M8,9.872574923685796,4.980789491169176,85.14663558514503
M2,72.31128741601736,17.59016361597379,10.098548968008846
M4,22.37270099690369,20.079255904308848,57.54804309878746
M8,9.707993851403433,4.8996005625214485,85.39240558607513
M9,90.59565445912969,3.98165794215855,5.422687598711759
M10,5.6835262212996875,88.26708590096402,6.049387877736294
M2,68.49384385314497,13.366474443831853,18.13968170302318
M4,23.065609052109753,15.330219385912379,61.60417156197787
M7,49.565017271977474,47.07193151399183,3.3630512140306976
M9,92.92676761820084,3.1404087792386615,3.932823602560497
M10,8.681197537448172,84.21059137567664,7.108211086875187
M2,72.31527268219972,17.58552774964605,10.09919956815423
M4,22.48529947749078,20.028186819709155,57.48651370280006
M7,44.928642354138084,54.960177521877775,0.11118012398414123
M8,9.708362251040864,4.898221259419528,85.3934164895396
M10,5.6851284057721205,88.26393820864567,6.050933385582212
M2,72.54818833946989,17.310680967975404,10.141130692554707
M4,14.72249632537983,22.918884729973904,62.35861894464626
M7,45.491613273063884,54.3113149457738,0.1970717811623146
M8,11.258931860401724,1.0212335686103349,87.71983457098793
M9,88.59204183781496,10.256451975195528,1.1515061869895113
M2,76.72904924974038,15.131119113960075,8.13983163629954
M4,21.8952689883091,15.322267804424037,62.782463207266865
M6,30.572792916221612,37.98764765759704,31.439559426181347
M9,92.50450931218315,3.2921237728344734,4.2033669149823805
M10,4.7212141036041794e-14,80.2889865788267,19.711013421173263
M2,69.2821670686986,16.99981707537457,13.718015855926833
M4,20.894668636271057,20.177194048501104,58.92813731522783
M6,26.59935695796459,38.57860412755575,34.82203891447966
M8,36.32281074788044,9.623360586869465,54.053828665250094
M10,5.675990491916534,88.10047223783737,6.223537270246098
M2,67.12443609048599,13.784745214878928,19.090818694635086
M4,21.908168805707504,15.293059815919657,62.79877137837284
M6,31.616474702715347,37.530308687175406,30.853216610109243
M8,14.287381292221378,1.072069199506555,84.64054950827206
M9,91.33878756916988,6.330029351415638,2.3311830794144814
M2,72.1109749715244,17.52968699686161,10.35933803161399
M4,22.093790488446878,19.688776243869615,58.21743326768352
M6,26.599407654116384,38.5785781516372,34.82201419424641
M7,44.3538204217118,54.70861086083089,0.9375687174573102
M10,5.482304749003099,87.95448537105294,6.563209879943955
M2,71.37720030911507,13.55719546008006,15.065604230804873
M4,23.448487342562746,15.306469352783317,61.24504330465394
M6,26.992741267456257,35.87631427456019,37.13094445798356
M7,52.97263687805927,45.2373082881776,1.7900548337631292
M9,90.98418249416942,8.160865674790353,0.8549518310402302
M2,69.32993038747846,17.008715210128234,13.661354402393311
M4,20.88654625948374,20.18054142238076,58.93291231813551
M6,26.59943785297755,38.578595678599854,34.82196646842259
M7,44.351431502017775,54.70761154449158,0.9409569534906481
M8,9.483616976792046,4.77766117289688,85.73872185031107
M2,68.97334224137282,17.238328838191595,13.788328920435585
M4,21.69101545413057,20.576092773633928,57.732891772235504
M5,42.37921230578317,33.61242418276316,24.008363511453673
M9,90.52952149552995,4.044190053246268,5.426288451223783
M10,5.607748288213488,88.41170264447226,5.980549067314257
M2,70.69515605510281,18.227151709823705,11.077692235073481
M4,21.627165237802,20.382295741695234,57.990539020502766
M5,42.63362699388728,33.243719762525046,24.12265324358767
M8,11.239601592702822,1.0417412431862765,87.7186571641109
M10,5.6850953093131915,88.26400996752565,6.05089472316115
M2,72.3090260430966,17.589780346461904,10.101193610441502
M4,21.511728006312598,20.43401873019524,58.054253263492164
M5,42.6287663510163,33.250794086691165,24.120439562292532
M8,37.051486976575795,9.809780391879134,53.13873263154507
M9,90.59543297585374,3.98227025845751,5.422296765688751
M2,58.743385239207925,23.0524252733382,18.204189487453874
M4,22.377398408544074,20.07199927445194,57.55060231700398
M5,42.63387179727237,33.243325877294595,24.122802325433035
M7,42.295199120638216,53.904409306353365,3.800391573008419
M10,5.685130152796741,88.2639611800949,6.050908667108359
M2,77.73725260065308,9.259051717982825,13.003695681364096
M4,18.962486092550023,21.172745615117435,59.86476829233254
M5,51.21539559766618,27.582293375422207,21.202311026911612
M7,50.44039488405145,45.094119141924764,4.465485974023785
M9,91.54808947258078,7.512108948131619,0.9398015792875967
M2,61.342650329721806,22.005685195855726,16.651664474422468
M4,22.753545936437472,19.916762867026087,57.32969119653644
M5,42.63360649472071,33.24392585545444,24.12246764982485
M7,44.928642291836,54.96018643513698,0.11117127302701846
M8,37.05187534539965,9.806843739980172,53.141280914620175
M2,61.69482801825618,15.632057279271184,22.673114702472635
M4,21.640129988551333,20.70728555806909,57.652584453379575
M5,42.82911863163952,33.40499939590771,23.765881972452775
M6,27.04157419665765,39.241001122037005,33.717424681305346
M10,10.659206693338366,75.36218961796924,13.978603688692402
M2,66.6140844110279,19.485231866658978,13.900683722313119
M4,21.920462844331155,15.26067815156636,62.818859004102485
M5,49.45543428591908,28.464879706612447,22.07968600746847
M6,31.52069845903421,37.533098666078736,30.946202874887057
M9,90.46306899975424,8.641351049360553,0.8955799508852049
M2,72.46115994280021,17.624255738070158,9.914584319129634
M4,21.79687805754127,20.642116095362375,57.56100584709635
M5,42.828648481890205,33.40518316518102,23.766168352928773
M6,27.04163525823522,39.24097618048686,33.71738856127792
M8,37.42940485615098,9.908879044118304,52.66171609973071
M2,69.82578617990606,17.136541049203533,13.037672770890406
M4,14.776820890378994,23.56142217322394,61.66175693639706
M5,43.341965726207576,33.19659047213604,23.461443801656387
M6,27.041704690659593,39.24094698307356,33.71734832626684
M7,44.30861556648528,54.72585984870986,0.9655245848048608
M2,61.434967418074464,21.739987221092658,16.825045360832878
M3,5.914166190332763,70.92644012036499,23.15939368930225
M8,37.159309723255205,9.633424865589015,53.20726541115578
M9,90.68005573115961,3.9009763350716677,5.4189679337687195
M10,1.1703283623116185,84.79944903119483,14.030222606493552
M2,67.48718779552262,13.663551442164534,18.849260762312852
M3,7.292249588950149,71.39108023417516,21.316670176874695
M7,51.74269975757582,46.4345147400512,1.8227855023729802
M9,90.62513924823931,8.3963782905031,0.9784824612575935
M10,13.079385740561895,73.8946886291411,13.02592563029701
M2,72.11100457882308,17.529679830972103,10.359315590204812
M3,11.722617909186074,68.61691672944889,19.66046536136504
M7,44.91608474747159,54.94251831141753,0.14139694111088374
M8,7.535267223856996,9.673443924730373,82.79128885141263
M10,10.589234521810953,74.8298599640451,14.58090551414395
M2,72.53948172416175,17.314153001067446,10.146365274770808
M3,5.914167762624254,70.92642360270902,23.15940863466672
M7,45.50956807165175,54.26054426886824,0.22988765948001344
M8,4.481043210409723,3.851536091980413,91.66742069760987
M9,90.68008382584888,3.9009625560368,5.418953618114317
M2,66.53314155190272,19.539917135864567,13.926941312232717
M3,5.6356142476478075,74.88029747321153,19.484088279140664
M6,25.44030616067161,36.45538482203106,38.10430901729733
M9,91.36540587744368,6.3087855685538035,2.325808554002519
M10,11.742806840113003,74.55067187421379,13.706521285673205
M2,72.11098920410443,17.529696135893413,10.359314660002159
M3,11.726108087325315,68.61562887120375,19.65826304147093
M6,26.59941948023659,38.578598268049525,34.821982251713884
M8,35.83172832905915,15.792875982201842,48.375395688739
M10,10.59189706392877,74.82888922046796,14.579213715603274
M2,74.03464705339017,14.725482388513772,11.239870558096055
M3,5.6364125065385595,74.87628065694433,19.487306836517106
M6,30.780591416288058,37.90969569829161,31.309712885420332
M8,12.41833250308703,5.056434027908635,82.52523346900433
M9,90.48612244799205,8.598254412043204,0.915623139964751
M2,64.82666514218538,16.475633769079167,18.697701088735457
M3,5.000968555644115,77.95669725322287,17.04233419113301
M6,23.362438588811187,40.98117999987159,35.65638141131722
M7,44.84219062936925,55.051124495428816,0.10668487520193537
M10,5.748415049098981,89.5393713964173,4.712213554483725
M2,68.49531368788793,13.362734734286967,18.141951577825104
M3,7.579050626910347,71.4022703930305,21.01867898005915
M6,26.67640691390751,35.97505806907621,37.348535017016275
M7,52.714786755455044,45.523507224849865,1.7617060196950902
M9,92.9267482120369,3.140418460371394,3.932833327591708
M2,72.11100684350968,17.529688027994954,10.359305128495361
M3,11.725007824264763,68.6160434815694,19.65894869416583
M6,23.303063889158864,39.870682410779494,36.82625370006164
M7,44.399911679909714,54.727784116119835,0.8723042039704509
M8,9.456032451782418,4.772680941954468,85.77128660626312
M2,57.677240060776796,31.767467485740287,10.555292453482917
M3,4.996634178566459,77.81891006800011,17.18445575343344
M5,48.93056573817902,26.647509204790957,24.421925057030023
M9,91.93930535833245,3.553823271332982,4.50687137033457
M10,5.761332409492719,89.48554442321294,4.7531231672943335
M2,61.42222770075789,15.559989433458687,23.017782865783424
M3,4.760473358653495,74.1154065015318,21.124120139814707
M5,42.67737639005352,33.12419419257337,24.198429417373113
M8,7.7624583282182735,9.799014847615423,82.4385268241663
M10,5.68509892685947,88.26398467800864,6.0509163951318925
M2,61.22879273496756,21.892715318236153,16.878491946796284
M3,25.633367657140223,63.674485505615735,10.692146837244039
M5,42.68068865683376,33.109111135219756,24.210200207946485
M8,9.707983713588266,4.899595089607517,85.39242119680422
M9,90.57416066740124,4.044874054323118,5.380965278275638
M2,58.80319784968704,22.884895450977577,18.311906699335385
M3,5.772958485494608,71.46335021740374,22.763691297101644
M5,43.97638883383954,29.57756460053022,26.446046565630237
M7,44.928658828130295,54.960162692784635,0.11117847908506917
M10,5.685129841089881,88.26392275588266,6.050947403027465
M2,59.93527012863311,17.375479276068766,22.689250595298127
M3,4.29197617133699,76.46893521244253,19.239088616220485
M5,40.85210418924317,35.5261913049089,23.62170450584793
M7,41.624999158211814,58.270936510683654,0.1040643311045315
M9,89.95988404345414,4.698161848857295,5.341954107688566
M2,61.32818240783899,21.856208222597278,16.815609369563735
M3,25.642306950171374,63.64139460985404,10.716298439974587
M5,42.676981132262576,33.125389444417394,24.19762942332003
M7,44.928658536133796,54.960171936342505,0.11116952752369968
M8,9.708342178253158,4.898209361272349,85.39344846047449
M2,67.36703260507727,16.91259598414448,15.720371410778249
M3,4.994336156412859,77.95382499531843,17.051838848268716
M5,45.191571960234164,35.03801075418046,19.770417285585374
M6,23.36961614187025,40.982328930616404,35.64805492751334
M10,5.748905755964897,89.53935641889171,4.711737825143388
M2,67.48200720287011,16.873726579620232,15.64426621750966
M3,5.018537259220806,78.04086414249984,16.94059859827935
M5,31.360479300595298,41.9670781533886,26.6724425460161
M6,23.515837510784372,41.05700062830423,35.427161860911404
M9,88.63219763298581,10.506404910931328,0.8613974560828641
M2,61.31534998759293,23.810113939024518,14.87453607338255
M3,23.056888150081832,49.21347782944014,27.72963402047803
M5,45.12247383587085,34.96585580732819,19.91167035680096
M6,23.306143345430456,40.860451579471096,35.83340507509845
M8,11.994880141852537,6.07106227136694,81.93405758678053
M2,64.82554403663706,16.475409621636025,18.69904634172692
M3,4.998803471452733,77.9554667370008,17.045729791546464
M5,31.20268069495372,41.94705499055941,26.850264314486864
M6,23.363267261079255,40.98090761226868,35.65582512665206
M7,44.846317330235856,55.05222121105454,0.10146145870960765
M2,61.39454726011414,21.756111834927864,16.849340904957998
M3,4.858681571413385,73.68083226376383,21.460486164822782
M4,22.5841833099409,19.72162204063256,57.69419464942654
M9,88.58238144187821,10.285770540347839,1.1318480177739492
M10,5.808088636658135,88.01074611235673,6.181165250985131
M2,72.11093034664343,17.52971991532609,10.359349738030481
M3,5.788157287350169,70.83545144289567,23.37639126975415
M4,20.876825526297495,20.184460248574887,58.93871422512762
M8,9.466497567835694,4.7745699664149095,85.7589324657494
M10,5.676064713059091,88.10052459746962,6.223410689471294
M2,69.67648714696404,16.758495625037106,13.565017227998858
M3,5.914169763460287,70.92641970563712,23.15941053090259
M4,22.66113544390661,19.69029033001565,57.64857422607775
M8,9.732160862671149,4.808830728506887,85.45900840882196
M9,90.68008625790624,3.9009612040343806,5.418952538059379
M2,72.29841089830305,17.582386052921397,10.119203048775557
M3,5.822654098026825,71.33319279023526,22.84415311173791
M4,22.409216887262694,20.059656520997738,57.53112659173958
M7,46.08469154044283,51.74189202976894,2.173416429788226
M10,5.685127877580258,88.26392551894375,6.0509466034759924
M2,72.53611291474533,17.315492624806616,10.148394460448053
M3,5.914171385692063,70.92642184242254,23.1594067718854
M4,22.608863748415388,19.711552493438404,57.67958375814621
M7,45.50842125579313,54.263815704949614,0.22776303925725472
M9,90.68008973588293,3.900960199098264,5.418950065018805
M2,72.30184039382918,17.58302728676035,10.11513231941047
M3,25.639203885916338,63.654111393640974,10.70668472044268
M4,22.47140235929611,20.033923933651643,57.49467370705225
M7,44.92864936091247,54.96017967694888,0.11117096213864386
M8,7.797189052487423,9.711531746923946,82.49127920058862
M2,69.14690708950774,16.97447525264251,13.878617657849755
M3,5.787971112216949,70.83552671388004,23.376502173903006
M4,20.869440174333697,20.187474737911142,58.94308508775515
M6,23.307938933679893,39.868748027009765,36.82331303931034
M10,10.591631776621757,74.82898390787248,14.579384315505763
M2,66.45982090124207,19.574089952589855,13.966089146168077
M3,7.195188507144086,71.38193381511459,21.422877677741326
M4,21.88984447526613,15.334458651005878,62.775696873727995
M6,25.488191935361662,36.199727072125974,38.31208099251236
M9,90.45661179116824,8.62935902381573,0.9140291850160267
M2,69.23469771165743,16.99087602721309,13.774426261129477
M3,5.787565345413842,70.83569910729413,23.37673554729203
M4,20.8756711624988,20.184970579898742,58.93935825760245
M6,20.893745049222012,36.50252302412147,42.60373192665651
M8,4.295828234709593,3.841031822221324,91.86313994306909
M2,69.17105034691387,16.978949012790096,13.850000640296031
M3,4.913669998180848,73.76277713979164,21.323552862027512
M4,20.865846646678794,20.18897520716421,58.945178146157005
M6,20.97406109396825,36.53174314379582,42.49419576223593
M7,44.5717335071472,54.7992598582876,0.6290066345652008
M2,64.61020050297891,16.15281989040568,19.236979606615407
M3,4.760472834624019,74.11543125818291,21.124095907193066
M4,21.198406687998705,20.521509285206537,58.28008402679477
M5,44.25052255709171,28.828972126246615,26.92050531666167
M10,5.68509749865922,88.26399471641376,6.05090778492702
M2,60.44828535056532,16.743286155476355,22.808428493958324
M3,4.44629556607869,75.68820957719026,19.865494856731047
M4,17.420404959531503,16.369608522598575,66.20998651786991
M5,41.338483862086,35.052401285616604,23.609114852297395
M9,90.19181011616455,4.4280398895142845,5.380149994321169
M2,58.79073965020363,22.919665631359248,18.28959471843712
M3,25.65121587600968,63.60417241520459,10.74461170878574
M4,21.32034553900014,20.489409408680835,58.19024505231902
M5,46.15072205184949,29.280928744461505,24.568349203689003
M8,9.708346753551696,4.898220649619832,85.39343259682848
M2,64.73738022670283,16.176377584403465,19.08624218889371
M3,4.760493575861066,74.11531096717938,21.124195456959555
M4,21.840070667979788,20.2396775788661,57.92025175315411
M5,42.69151720891078,33.08570118658421,24.22278160450501
M7,44.92865060813013,54.96018024461826,0.11116914725161564
M2,73.0405095361296,17.89643452928871,9.063055934581683
M3,5.00027193486388,78.09819212942548,16.90153593571064
M4,21.109558010580965,18.19984522297608,60.69059676644295
M5,31.294891948058332,42.03609574388417,26.669012308057496
M6,23.461600512704205,41.14402871572163,35.39437077157416
M1,34.04451668763601,35.44422171343491,30.511261598929075
M7,51.74323279813807,46.43402240565522,1.8227447962067131
M8,14.51386039273817,1.0746644007914716,84.41147520647036
M9,89.62509543821868,8.455492902283618,1.9194116594977029
M10,13.079637679618282,73.89450032354759,13.025861996834124
M1,34.08213955197546,35.427655651846514,30.490204796178027
M6,25.81922634731854,36.08361379473947,38.097159857941996
M8,12.56583408351078,5.066683813896039,82.36748210259319
M9,92.61542597797008,3.252689822963564,4.131884199066359
M10,11.920874634605175,74.46820928140706,13.610916083987775
M1,33.375630770831954,35.87707955385933,30.74728967530872
M6,26.709841211508685,35.902414482203255,37.387744306288056
M7,51.83687148523874,45.955197523831664,2.207930990929597
M9,92.9264690601008,3.1405193419196507,3.9330115979795495
M10,13.547095765324572,73.65294902896981,12.799955205705615
M1,38.860798072662966,32.60008648346359,28.539115443873442
M6,26.59941665077429,38.5785958200152,34.82198752921051
M7,41.36279531210662,53.46419627734406,5.173008410549322
M8,16.987170601632542,6.132388831670736,76.88044056669672
M10,32.14657766703545,44.394241366372256,23.4591809665923
M1,33.37487895651417,35.87735215777013,30.747768885715686
M6,26.70920911181512,35.90189562615399,37.3888952620309
M7,51.816280185584134,45.965744983093,2.217974831322863
M8,13.145677303790034,5.10161707875478,81.75270561745518
M9,89.79156704213584,8.14636036566602,2.0620725921981418
M1,30.965387738550366,34.58594664314878,34.44866561830086
M5,46.9041590455435,30.035740054435976,23.060100900020522
M8,14.468892298908326,0.0,85.53110770109167
M9,91.25216301615919,3.5361642330650067,5.211672750775806
M10,6.503488721291602,87.10677399811277,6.389737280595625
M1,38.96033687382627,30.974426922896058,30.06523620327767
M5,54.14213536582047,26.004404796965833,19.853459837213695
M7,56.98875015861545,42.90793329265119,0.10331654873336049
M9,93.82160688039839,2.538196915880804,3.640196203720804
M10,3.289514695754382e-16,83.47008909555109,16.52991090444891
M1,38.13415819076663,32.56817435775622,29.297667451477153
M5,42.633768069799125,33.243476419806065,24.12275551039481
M7,42.292544531227435,53.903440538470235,3.80401493030233
M8,11.239600423789541,1.0418259380459753,87.71857363816449
M10,10.631991615001395,75.16073200962273,14.20727637537587
M1,35.107271246755424,32.9694563402816,31.923272412962966
M5,45.39421987149148,30.6278771271248,23.97790300138372
M7,47.20965343039902,51.00598862011567,1.7843579494853046
M8,10.33404262169251,4.521871113614397,85.1440862646931
M9,91.28780080897401,3.5225111038469654,5.1896880871790225
M1,35.4007449359044,34.7832889499858,29.8159661141098
M5,54.2006106071721,24.55792830626295,21.241461086564946
M6,25.245506426817148,38.108556307684054,36.6459372654988
M9,88.86943788177061,9.005850424041403,2.1247116941879884
M10,8.384051101847422,88.77321010078633,2.842738797366252
M1,35.470013352323086,33.462442211415656,31.06754443626125
M5,42.005152103273645,32.73417072698137,25.260677169744987
M6,26.307796005896243,38.143029283020354,35.549174711083396
M8,9.211745621773863,4.644711801819919,86.14354257640622
M10,10.544340658449169,74.47322553396513,14.982433807585693
M1,33.569864183043514,32.79385018624807,33.63628563070842
M5,47.701616647007064,31.878436750275718,20.419946602717218
M6,31.115339723707248,38.855996443311696,30.028663832981053
M8,14.325612016741829,1.1551853677299717,84.5192026155282
M9,88.76841484342015,9.016600600677602,2.2149845559022516
M1,39.38841326895393,33.06039801670549,27.551188714340576
M5,43.49867279220705,33.132862178739586,23.36846502905336
M6,27.041624396970487,39.240908401810735,33.717467201218774
M7,41.45300371488917,53.60932844206247,4.937667843048359
M10,5.706173001560883,88.37838997744545,5.915437020993664
M1,43.807997331737916,27.89610957573907,28.295893092523013
M5,54.538769008204184,24.969951964801837,20.49127902699398
M6,29.933281471507325,30.710513969022138,39.356204559470534
M7,59.15893361885927,38.98401455838602,1.8570518227547055
M9,93.24211395713213,4.659970119314878,2.0979159235529883
M1,32.126715308910974,34.74479033260404,33.128494358484986
M5,52.293820222607685,28.804731242538814,18.9014485348535
M6,20.85550360421839,36.09194497337241,43.052551422409195
M7,44.79185783381245,54.875434660266414,0.3327075059211353
M8,35.85171764036996,9.482951849569751,54.66533051006028
M1,39.34405537940687,32.486050231483084,28.16989438911005
M4,22.63421893893169,19.701384712669704,57.6643963483986
M8,11.258727239529504,1.0212533537101627,87.72001940676033
M9,89.40340584038873,7.7861284059314,2.810465753679871
M10,5.795516990875804,88.04387567027463,6.160607338849573
M1,32.041151175100545,36.002613067370454,31.956235757529008
M4,20.70637092476959,15.25353177558493,64.04009729964548
M7,47.397815140094735,50.97182460572005,1.630360254185213
M9,91.54892682192424,3.6518733369158554,4.799199841159904
M10,6.646834484922988,87.7244705618367,5.628694953240313
M1,38.134334850000045,32.56810121240024,29.29756393759972
M4,22.46134592555712,20.038333927128388,57.5003201473145
M7,44.92867013015803,54.96015181551688,0.11117805432508732
M8,11.239690449641216,1.0415432627001304,87.71876628765865
M10,5.685135322579074,88.26393727452147,6.050927402899461
M1,36.49744389513048,34.11125953548087,29.39129656938865
M4,20.741796100106928,15.259801430243078,63.998402469649996
M7,45.114579605564174,50.341158966171776,4.5442614282640506
M8,5.264589074825261,4.063668222867029,90.67174270230771
M9,91.51915607847765,3.6642139541885426,4.8166299673338075
M1,34.010043037955825,35.42226930709886,30.567687654945317
M4,22.209130503925316,15.312909239779474,62.47796025629522
M6,31.85553683139855,37.43755938768525,30.7069037809162
M9,92.3375869857182,3.3644727230384954,4.2979402912433
M10,11.743244956537422,74.55005277821277,13.706702265249803
M1,38.860747141232544,32.600109451302956,28.5391434074645
M4,22.059817538804058,19.702606901644277,58.23757555955167
M6,26.599364085614628,38.57860729058416,34.822028623801216
M8,9.466351859059047,4.774545277261415,85.75910286367954
M10,10.590094224733692,74.82955345593568,14.580352319330629
M1,36.63892729243861,34.21462468369595,29.14644802386544
M4,20.980675707890015,15.383056201636737,63.63626809047325
M6,23.99358053874041,36.44298309002534,39.56343637123424
M8,13.387957276476884,1.0629316176443624,85.54911110587875
M9,90.45560239183483,5.8828429565403395,3.6615546516248303
M1,38.86078617560699,32.600084980391834,28.539128844001176
M4,22.094721003540364,19.68840241774366,58.21687657871597
M6,20.95617193118216,36.525236441385246,42.5185916274326
M7,44.479194009486484,54.760791780917856,0.7600142095956599
M10,5.747663126634268,88.15446508393545,6.097871789430286
M1,35.235389263781855,35.050020081377724,29.71459065484042
M4,23.082817089197004,15.294388020654312,61.62279489014868
M6,26.701860177910685,35.92033492271087,37.37780489937844
M7,50.3688855187825,48.15753432419289,1.4735801570246139
M9,90.89233826435269,8.277236423385675,0.830425312261637
M1,38.86084645034396,32.60007540006345,28.539078149592584
M4,22.131879951113923,19.673284617239492,58.194835431646595
M6,26.599445696630543,38.578587298711014,34.82196700465845
M7,44.49882492496615,54.76891397545709,0.7322610995767604
M8,36.47674002473691,9.651125588963565,53.87213438629952
M1,34.16083026324607,33.405771464867364,32.43339827188657
M4,24.0555043726492,18.29518960023077,57.64930602712003
M5,43.96302971007895,31.349396736633032,24.68757355328802
M9,89.91979845617391,7.180279050269228,2.899922493556864
M10,6.165716719316061,87.31335960470201,6.520923675981919
M1,38.1323929615208,32.567693965689,29.299913072790197
M4,21.45588772137505,20.453019729462483,58.09109254916247
M5,42.63342708116958,33.24421387957308,24.12235903925734
M8,9.708344897043123,4.898243628186488,85.39341147477039
M10,5.68509593027288,88.26400087764551,6.050903192081606
M1,33.877438121521195,33.514904205562935,32.60765767291587
M4,28.666767262764807,16.50548823827418,54.82774449896101
M5,43.96288358072372,31.349459634232733,24.687656785043547
M8,9.812204711818737,4.52534624297226,85.662449045209
M9,89.19888461251148,9.663581156347105,1.1375342311414176
M1,37.495480425616584,33.546683211079184,28.95783636330423
M4,22.128547937192167,20.17493011222353,57.6965219505843
M5,42.633677572387455,33.24369307808024,24.122629349532303
M7,46.08550106100999,51.73948610807649,2.1750128309135164
M10,2.029600907263664,85.66623675776317,12.304162334973157
M1,35.114270770873766,32.96716681198931,31.918562417136933
M4,24.58025712820372,18.31027834449759,57.109464527298684
M5,45.39960980685459,30.626108146590646,23.974282046554762
M7,47.29962150040344,51.036112053464436,1.6642664461321246
M9,91.28286574457124,3.5244768375492157,5.192657417879545
M1,32.75708240823814,35.456962365177084,31.78595522658477
M4,22.59709765637592,19.981639894892545,57.42126244873153
M5,42.63337518798534,33.24443905699744,24.12218575501722
M7,42.29511959969004,53.90439644319405,3.800483957115908
M8,9.708344985776412,4.898215424697097,85.3934395895265
M1,35.05545120296599,29.555478563315813,35.389070233718186
M4,17.65640990233424,16.775727741985758,65.56786235567999
M5,40.80736064258621,29.892794757924403,29.299844599489386
M6,18.33344259951755,31.945779638288382,49.72077776219406
M10,5.574933936351125,86.29700268803832,8.128063375610552
M1,35.964723527564516,27.122382963977063,36.912893508458424
M4,24.037973637565262,13.4315363220442,62.53049004039054
M5,42.934094657622815,27.783710738723354,29.28219460365383
M6,16.685570535721936,34.96897194307503,48.34545752120303
M9,88.45853992908151,5.940697744425462,5.600762326493028
M1,34.70744412203686,29.792152724091594,35.500403153871545
M4,17.993059708940102,17.55629722414435,64.45064306691555
M5,52.506525017851246,25.845597960557825,21.64787702159093
M6,18.870949737553175,32.89798832495656,48.23106193749027
M8,7.776683982604085,3.9140010184154628,88.30931499898045
M1,33.96004835702979,29.14389748227075,36.896054160699464
M4,18.56300907644172,16.43747251007943,64.99951841347885
M5,40.79380414501029,29.920946412394812,29.285249442594896
M6,18.333422328586835,31.94573204207251,49.72084562934066
M7,44.98330097085873,54.864226394897216,0.15247263424405588
M1,36.65020641944932,33.55704345827548,29.7927501222752
M3,4.860730687607305,73.67508395023309,21.46418536215961
M8,9.731618639713252,4.809228201479294,85.45915315880745
M9,90.67964619322782,3.9011322606662073,5.419221546105968
M10,5.78994434171034,88.05848234596901,6.15157331232065
M1,34.00316086838956,35.462479729186626,30.534359402423817
M3,7.292468733017081,71.39109382735175,21.316437439631173
M7,51.743130142375804,46.434062852450886,1.8228070051733098
M9,89.64806798066559,8.453985263998824,1.8979467553355889
M10,7.094339646075797,87.25482165220119,5.650838701723018
M1,35.95157438832541,33.742938902398215,30.305486709276373
M3,11.72660955650326,68.61544852696163,19.65794191653511
M7,44.9196102364331,54.943966829048584,0.13642293451831478
M8,9.468473500095323,4.774925833624985,85.75660066627968
M10,10.583075308950121,74.83215560429464,14.58476908675523
M1,31.722888570620164,36.1373191370823,32.13979229229753
M3,6.935167436476143,71.2151248520602,21.84970771146365
M7,49.05179456473311,48.58063835742822,2.3675670778386717
M8,13.137748744324789,1.0959496782990243,85.76630157737618
M9,91.55726534894839,3.6483543985828755,4.794380252468733
M1,34.83717611691126,34.97660759424296,30.18621628884579
M3,5.979714845870665,75.8102306451244,18.210054509004934
M6,24.995580229575314,37.78078381784722,37.22363595257747
M9,88.80991578167021,9.01147495443529,2.178609263894497
M10,6.647870745465305,88.18022076304428,5.171908491490427
M1,35.37738147868124,33.49796653054344,31.124651990775334
M3,4.70140684015897,73.12797933402393,22.1706138258171
M6,23.237728056418202,39.31723984637084,37.445032097210955
M8,9.21170351155769,4.644703948884357,86.14359253955796
M10,5.667625235252927,87.9218233811311,6.410551383615967
M1,34.161071254355804,35.393076233330106,30.44585251231409
M3,5.958880435593198,74.31376039565316,19.727359168753637
M6,25.816195573933303,36.08928663109496,38.09451779497174
M8,12.565199147258769,5.067354359848261,82.36744649289297
M9,91.45442748060239,6.251687326515553,2.2938851928820565
M1,35.77184919940097,33.81350382496983,30.414646975629196
M3,4.924646540184561,73.76997528273144,21.305378177083995
M6,23.303213626516754,39.870580960963395,36.826205412519855
M7,41.36282285983294,53.46417256453092,5.173004575636142
M10,32.155127114006284,44.44813588055094,23.396737005442766
M1,35.27031459932383,35.03447722792567,29.695208172750505
M3,6.236871580384018,74.25939718195531,19.503731237660674
M6,26.70453116824704,35.914078823162704,37.38139000859025
M7,51.782977960314994,45.981747255932916,2.2352747837520894
M9,90.8950522998159,8.270138276765545,0.8348094234185535
M1,32.12716324187218,34.74461501032662,33.1282217478012
M3,14.826318116219731,67.03768384813323,18.135998035647034
M6,26.307814213030483,38.14298236511845,35.54920342185107
M7,45.021700868192994,54.97476829838664,0.0035308334203634217
M8,9.100414246368048,4.624484289921058,86.2751014637109
M1,33.91298536313396,33.502065846857704,32.584948790008326
M3,6.214708871507853,69.5889957987106,24.19629532978155
M5,43.96224844790208,31.350490755234233,24.68726079686369
M9,90.94366954587788,3.652924552746056,5.403405901376063
M10,11.378804244262737,73.52807622709133,15.093119528645929
M1,38.5110436281627,32.29597993642109,29.192976435416206
M3,4.701151932430185,73.12778980683568,22.171058260734142
M5,52.29202586995043,28.805435971033077,18.902538159016494
M8,4.172469485743893,3.729493321355821,92.09803719290029
M10,10.544947716235228,74.4730105336,14.982041750164768
M1,33.86521204923074,33.51978236491971,32.61500558584955
M3,6.214940343832272,69.58796460326366,24.197095052904075
M5,43.962771949266745,31.349661807894343,24.687566242838912
M8,4.473158319782053,3.641305529036769,91.88553615118117
M9,90.94386409507709,3.652723744431452,5.40341216049146
M1,37.643843482498475,32.42202332690797,29.934133190593556
M3,5.712628631128673,71.62137147526903,22.665999893602304
M5,42.682987733878356,33.109053461738846,24.2079588043828
M7,45.929364732638085,52.174166677643576,1.8964685897183386
M10,5.685131464569027,88.263920270867,6.050948264563971
M1,35.057349878443674,32.9318035998492,32.01084652170713
M3,6.55494816314104,69.36292792134847,24.082123915510493
M5,45.34343847319766,30.603580179999653,24.05298134680269
M7,44.721688422728135,50.16926017636636,5.109051400905507
M9,91.29912158989683,3.5103749395984427,5.19050347050473
M1,32.124600625320575,34.74561521958851,33.129784155090924
M3,4.7399028824128155,73.15477444756637,22.10532267002081
M5,52.300745623599006,28.802095249887365,18.89715912651363
M7,44.91656761543281,54.929329129248,0.15410325531918545
M8,35.8509174432887,9.482808217126358,54.666274339584945
M1,33.01521656345051,33.361415978483194,33.6233674580663
M3,5.00354608418899,78.09913949925438,16.897314416556625
M5,33.41015867100983,32.44823028360327,34.14161104538689
M6,23.458630139478814,41.14319709167516,35.398172768846024
M10,5.75157502876503,89.5861526281152,4.662272343119767
M1,37.88467057488433,30.976608299919207,31.13872112519646
M3,5.9961371976482845,76.13142727890275,17.87243552344897
M5,54.18668225079114,24.55556351902183,21.257754230187032
M6,25.259608331777414,38.11067991406031,36.62971175416227
M9,88.88194168555148,9.007544242495198,2.11051407195332
M1,34.56469710900175,31.05603389149764,34.37926899950062
M3,4.701222796715653,73.12785790980003,22.170919293484317
M5,42.004820222761836,32.73430333788714,25.260876439351023
M6,26.307808676036487,38.143031435452684,35.54915988851083
M8,35.851087280807384,9.482855965512222,54.6660567536804
M1,36.30750266163225,34.078128957970335,29.614368380397416
M3,5.032616801446515,78.10856299154175,16.858820207011732
M5,33.37588513068804,32.60283714384639,34.02127772546557
M6,23.43315714003585,41.13696111023164,35.429881749732516
M7,42.6910052663498,54.504706606327055,2.8042881273231473
M1,36.476336083251326,33.626309474039786,29.897354442708888
M3,4.854741929197915,73.69096968170916,21.454288389092923
M4,22.535355671233674,19.7414251888362,57.72321913993012
M9,88.58232888819164,10.285273255765265,1.1323978560430952
M10,5.795032701412851,88.0451565520346,6.159810746552552
M1,38.860750026057396,32.600117212733494,28.53913276120911
M3,11.720152342098267,68.61785893701945,19.66198872088229
M4,22.010256253164698,19.722804154621993,58.266939592213305
M8,9.466436643472083,4.774562454312688,85.75900090221523
M10,5.677399778404214,88.10154064764554,6.2210595739502565
M1,33.16091805272209,33.71187659299275,33.12720535428517
M3,5.914158688784745,70.92642594489575,23.159415366319507
M4,22.616616553713833,19.708386302760598,57.67499714352556
M8,9.732089703956222,4.8089605864300955,85.45894970961369
M9,88.58232241871848,10.285978523770673,1.1316990575108505
M1,35.80747613420013,33.799528061740624,30.392995804059247
M3,5.799547768828163,70.83123464163643,23.36921758953541
M4,20.892569082492482,20.178102288055175,58.92932862945234
M7,44.91608219671113,54.94242645436484,0.1414913489240277
M10,5.680764365557206,88.10402445053849,6.215211183904302
M1,33.01358079532348,35.00322695455536,31.983192250121164
M3,5.914167957144324,70.92641882994575,23.159413212909925
M4,22.551570463303317,19.734845398052276,57.71358413864441
M7,45.48329505294879,54.33479409071529,0.18191085633591797
M9,90.68008076655302,3.9009632763770057,5.418955957069976
M1,35.836306456668,33.78823892308764,30.375454620244362
M3,11.717716166469101,68.61878894698975,19.663494886541145
M4,20.87472887525164,20.18538093587596,58.93989018887241
M7,41.36280284776456,53.4641826382657,5.17301451396974
M8,9.4669489167017,4.77465420668949,85.75839687660881
M1,35.89184278209276,33.76638882232096,30.34176839558627
M3,4.732821992880243,73.64355479695138,21.623623210168375
M4,20.867825338475594,20.18813157359667,58.94404308792773
M6,26.5993617239065,38.57860588833074,34.82203238776276
M10,5.67730968167795,88.10146755252234,6.221222765799709
M1,36.503817906933094,34.10847859401925,29.387703499047653
M3,5.82794641059723,74.2860762941311,19.88597729527166
M4,20.82063368285481,15.273909978244678,63.90545633890052
M6,23.87624984828441,36.283969103520825,39.83978104819477
M9,90.41128570748668,5.8865705011082525,3.7021437914050637
M1,36.14040233013568,31.768209697295045,32.09138797256928
M3,4.732869921982409,73.64359168170056,21.62353839631703
M4,20.87265281438247,20.18618872264766,58.94115846296988
M6,20.893867799404948,36.502574453723696,42.60355774687136
M8,1.0288903695590322e-14,8.026972157679426,91.97302784232056
M1,32.587135824417,33.850983913464354,33.56188026211864
M3,4.944167613528678,73.78288158782344,21.272950798647884
M4,22.084661693977736,19.692521655971042,58.22281665005122
M6,20.163625559980915,38.66904091930098,41.1673335207181
M7,44.68483564791637,54.84631147079586,0.46885288128776637
M1,37.64550401317705,32.42287675528093,29.931619231542015
M3,4.760448010970899,74.11556904175265,21.123982947276446
M4,21.116925698319204,20.554837951838103,58.32823634984269
M5,42.68088906806097,33.11449656571724,24.20461436622179
M10,5.68505994977565,88.26407480726076,6.050865242963596
M1,33.868875398922825,33.51821829429236,32.612906306784815
M3,5.10888937094653,72.43783084406228,22.453279784991196
M4,15.00457568909562,21.807886407390917,63.187537903513466
M5,43.96286178146201,31.349482890708114,24.687655327829876
M9,89.19930898444663,9.662110666473206,1.1385803490801631
M1,32.78292907501566,35.23764265321061,31.979428271773735
M3,4.760473147676494,74.11541019416731,21.124116658156197
M4,21.243204904733613,20.523124166010867,58.23367092925552
M5,42.664915363434126,33.158216598846245,24.17686803771963
M8,7.758984159156847,9.807766723972916,82.43324911687023
M1,32.910593660449926,34.179541190342654,32.90986514920741
M3,4.760500878637863,74.11527844299722,21.12422067836492
M4,17.748764421452403,15.25358597455107,66.99764960399652
M5,42.681104076504745,33.114152862099644,24.20474306139561
M7,44.92867882529431,54.96014495308949,0.11117622161619778
M1,33.84358139115807,29.100107030230465,37.05631157861147
M3,4.424528404189938,68.68092650292438,26.89454509288568
M4,14.229398550548128,12.192815138390646,73.57778631106123
M5,44.0366089588409,23.206144409298766,32.75724663186033
M6,18.333384363678544,31.94565596376213,49.720959672559324
M1,34.05763916234558,35.43817821773942,30.504182619915
M2,74.32591543897632,14.637825394024977,11.036259166998699
M8,12.565013070688561,5.066637879406459,82.36834904990498
M9,90.57545226387496,8.52287163811252,0.9016760980125156
M10,13.078114185047717,73.89530826960176,13.02657754535052
M1,35.28168787210828,35.02923608423375,29.68907604365797
M2,68.49905195157561,13.353903946034558,18.147044102389835
M7,51.80403858683814,45.97118107019445,2.2247803429674136
M9,90.90548968057095,8.2439767458426,0.8505335735864481
M10,13.547249487449635,73.65280722422652,12.799943288323846
M1,39.17123237731752,32.87691864763615,27.951848975046325
M2,72.31631995580062,17.585724363229254,10.097955680970124
M7,42.289635399463286,53.902181224698204,3.80818337583851
M8,4.414735259773968,3.947923457169799,91.63734128305624
M10,5.685126901252172,88.26393790501795,6.05093519372987
M1,35.391748086289404,34.7903745472215,29.817877366489107
M2,67.81109399731658,18.842082799133575,13.34682320354985
M7,51.71955718850143,48.11073001946963,0.16971279202893896
M8,13.110462077644879,5.04929439621315,81.84024352614196
M9,91.88293136367844,5.8153270767372724,2.30174155958429
M1,35.109719837929056,35.07772997740928,29.812550184661674
M2,68.29168148680961,13.4297146226612,18.27860389052919
M6,26.30430495943751,35.88970547727529,37.805989563287206
M9,91.69514391070841,6.030634163290204,2.2742219260013865
M10,11.761401085494398,77.37053500927881,10.86806390522679
M1,38.86073603280067,32.600117266457104,28.539146700742222
M2,72.11092277494573,17.529730194364326,10.35934703068994
M6,26.599354219243796,38.578614530844824,34.82203124991138
M8,10.951791348367221,1.0140849130714888,88.03412373856129
M10,10.590651219023233,74.82935164226043,14.579997138716337
M1,34.17544068969236,35.386797137384704,30.437762172922945
M2,64.73722957682355,20.313092138366265,14.949678284810183
M6,32.05041403191958,37.38883108572432,30.560754882356093
M8,14.513305940540638,1.0746650001933749,84.41202905926599
M9,92.61564748000849,3.252602001628736,4.131750518362773
M1,38.86081218449179,32.60006520351367,28.539122611994536
M2,60.87945585349369,21.95795715098895,17.162586995517362
M6,19.375668819905158,41.41007558453614,39.214255595558704
M7,44.03721999356425,54.576862979613615,1.3859170268221348
M10,32.11031405068485,45.04720456684579,22.84248138246936
M1,35.31159239338734,35.01612069347719,29.672286913135466
M2,68.50047309086965,13.350527296009638,18.148999613120715
M6,26.700864376565985,35.92253335552373,37.37660226791028
M7,52.714762955235315,45.52352798533085,1.7617090594338336
M9,92.92673541591647,3.1404217036099245,3.9328428804736073
M1,38.86085321465996,32.60009208553282,28.539054699807217
M2,72.1110168120479,17.529687079376423,10.359296108575684
M6,21.081444572161864,36.570828764996,42.34772666284213
M7,41.362799680711205,53.464185051942266,5.173015267346528
M8,9.471001000547286,4.775384936892434,85.75361406256027
M1,33.958761781935046,35.4041342195701,30.637103998494858
M2,66.80961275230705,19.36591885466911,13.824468393023842
M5,48.98683259474618,30.38086297965736,20.63230442559646
M9,68.99613746773711,5.936967888036565,25.06689464422632
M10,7.116890872751693,87.22511385188548,5.657995275362822
M1,39.164293617265876,32.87501498700839,27.960691395725732
M2,58.742928121190594,23.053350293082705,18.2037215857267
M5,42.633537599502986,33.243971817289626,24.122490583207387
M8,11.239582157589764,1.0417927146651584,87.71862512774507
M10,5.685096381617765,88.26400913839639,6.050894479985843
M1,32.75076496601862,35.4648157723505,31.78441926163088
M2,72.31052047618391,17.59001010412119,10.099469419694898
M5,42.628734181669465,33.25097752331911,24.120288295011427
M8,37.05166116461953,9.809784843256496,53.138553992123974
M9,88.38307920214827,10.490945752480028,1.125975045371705
M1,38.135230223821445,32.56853646865833,29.296233307520225
M2,72.31219164115114,17.585021411626624,10.102786947222231
M5,42.633789618900224,33.243568478450264,24.122641902649512
M7,46.08549714460538,51.73942117846341,2.175081676931214
M10,8.381825151938642,76.01988400827909,15.598290839782265
M1,46.576323080424864,27.33274396487302,26.090932954702115
M2,77.09891023588312,12.800752649147588,10.100337114969287
M5,46.38591789896888,30.438866520770336,23.175215580260787
M7,41.739823252184976,46.161201947890504,12.09897479992452
M9,73.77285608409258,7.106629385161272,19.12051453074615
M1,32.75516951627055,35.457389597332195,31.787440886397263
M2,72.31424640316006,17.585333403382165,10.10042019345778
M5,42.633507659994955,33.24413830434418,24.122354035660862
M7,46.08515435418737,51.74062572535577,2.1742199204568635
M8,37.05325295488559,9.807084806371712,53.139662238742694
M1,32.79814833641654,33.14019895169459,34.06165271188886
M2,67.29331167610316,16.89118512528592,15.815503198610923
M5,48.86264262840909,30.884430328054055,20.252927043536854
M6,22.334076653426667,43.08441435389703,34.581508992676305
M10,5.746738007214469,89.50336889152992,4.7498931012556085
M1,34.212978985866584,35.29274639227803,30.494274621855382
M2,74.36502193120471,14.5399354165428,11.095042652252491
M5,41.706175085622995,33.589489926190964,24.70433498818604
M6,25.869350490109838,35.99930813454612,38.13134137534404
M9,90.60536362108874,8.515126379798046,0.8795099991132123
M1,32.95693756607369,35.67885758600976,31.364204847916547
M2,72.4610688500622,17.624302292354567,9.914628857583228
M5,42.82861323529297,33.405196118956574,23.766190645750456
M6,27.04154441573072,39.2409976707972,33.717457913472074
M8,9.868383368028512,4.98004745991267,85.15156917205881
M1,33.08634223993122,33.37612058343691,33.53753717663188
M2,64.99292894187606,16.517138640523196,18.489932417600745
M5,31.289681173683196,42.05532694294443,26.654991883372375
M6,23.415446399129994,41.1317872928515,35.45276630801851
M7,43.819082843086896,54.79392901721618,1.3869881396969248
M1,39.16644425388679,32.88352762962362,27.95002811648959
M2,72.31168081406769,17.590115322966035,10.09820386296628
M4,21.40764518509096,20.477198672653568,58.11515614225547
M9,88.38314540911468,10.49087012487822,1.125984466007104
M10,5.683564280749857,88.26703095488764,6.049404764362492
M1,38.134161262725634,32.568196827229386,29.29764191004498
M2,72.31579729043659,17.58571784728134,10.098484862282067
M4,21.491302066596443,20.438853549470807,58.06984438393275
M8,9.708338987194951,4.898237073557325,85.39342393924773
M10,10.632826697806909,75.15848057096136,14.208692731231736
M1,32.75160556554646,35.46547557630843,31.782918858145102
M2,72.31274413319534,17.590433058002418,10.096822808802244
M4,21.476285512820994,20.449151520107137,58.07456296707187
M8,9.707980218123668,4.899593448587017,85.39242633328932
M9,90.59538867007868,3.982415864759091,5.422195465162233
M1,37.49000896535535,33.55397882667355,28.9560122079711
M2,72.31541441060705,17.585592123991056,10.098993465401897
M4,22.907107229841383,16.449507697361987,60.643385072796626
M7,46.08610927349267,51.73781628265173,2.1760744438556046
M10,10.632897056005396,75.1583823386098,14.208720605384812
M1,35.35218957798998,34.998078707214816,29.64973171479521
M2,67.8394606798422,18.928972537973547,13.231566782184249
M4,23.074831466663774,15.311159433952845,61.61400909938339
M7,48.335802303031805,47.676263467162734,3.987934229805461
M9,90.80326353050732,4.04696924580834,5.1497672236843375
M1,32.75601093321608,35.45820304618241,31.7857860206015
M2,72.31691631256473,17.585827354296892,10.097256333138379
M4,22.415453981282248,20.05723789021213,57.52730812850563
M7,42.292899268126355,53.90347874662578,3.803621985247865
M8,37.05493831726483,9.807384338493334,53.13767734424184
M1,38.860751463690484,32.600118783638194,28.53912975267132
M2,60.88768582085963,21.954734245694617,17.157579933445753
M4,20.866444712300602,20.188709289169903,58.94484599852949
M6,26.599367569329672,38.57861996827079,34.822012462399535
M10,10.590460866437498,74.82942919097084,14.580109942591662
M1,35.36972765729648,34.990254598279655,29.640017744423865
M2,65.7450449945904,19.8515066847909,14.4034483206187
M4,23.077747269637012,15.304859628985183,61.6173931013778
M6,26.69044930041976,35.944928559178386,37.364622140401856
M9,90.89692345350147,8.265753431548028,0.8373231149505003
M1,38.86083191656504,32.60009594115019,28.539072142284773
M2,72.11099927408092,17.52969540713637,10.359305318782706
M4,20.871335297735577,20.186743049958125,58.94192165230629
M6,20.893650160714756,36.50249957697258,42.60385026231266
M8,9.466269211486575,4.774530455270276,85.75920033324314
M1,32.44854466254095,35.11904419455887,32.43241114290019
M2,72.11100885707462,17.52968545912016,10.359305683805218
M4,20.866078061647144,20.188881374004144,58.945040564348716
M6,20.922701454845576,36.513056828639996,42.564241716514424
M7,44.35335306843161,54.708403072620015,0.9382438589483755
M1,38.13291426878693,32.56785033952012,29.299235391692953
M2,70.69082575816537,18.23143256857273,11.077741673261897
M4,14.63688266219448,23.264205911803174,62.098911426002346
M5,42.633468904176866,33.24412851895603,24.122402576867103
M10,5.685096822407703,88.26400313158895,6.050900046003349
M1,32.69157485171132,34.6458978842967,32.662527263991976
M2,68.75724293995509,17.1973746646851,14.045382395359809
M4,17.68429996925384,15.466105675441364,66.84959435530479
M5,42.37895984586833,33.612621610941254,24.008418543190416
M9,90.529463723399,4.044221909818102,5.4263143667828935
M1,32.755579156113015,35.45763874881639,31.786782095070592
M2,77.56500922291222,15.476421632808597,6.9585691442791795
M4,21.272770882901334,20.52808541437424,58.19914370272442
M5,42.63328572886484,33.244661719992536,24.122052551142623
M8,9.708342610946524,4.898220710913201,85.39343667814028
M1,32.75614216584034,35.456864767933176,31.78699306622648
M2,72.31334992050435,17.585175729813454,10.101474349682196
M4,17.833544151077678,15.27329315723237,66.89316269168995
M5,42.6334488459613,33.244346344166644,24.12220480987206
M7,41.436084639564214,53.559996258341364,5.003919102094422
M1,32.957499538242175,35.67864916059139,31.363851301166434
M2,70.07298527189029,17.182396759761517,12.744617968348194
M4,21.448130737776015,20.78713138637428,57.764737875849704
M5,42.82853332178361,33.40524403771728,23.76622264049911
M6,20.580234479514612,39.196435554273776,40.22332996621161
M1,36.42481834604755,33.64676149138116,29.928420162571285
M2,61.39375588212552,21.756516960999786,16.849727156874696
M3,5.913996956209686,70.92653789870818,23.159465145082137
M9,90.67970496300313,3.901120542697748,5.419174494299119
M10,5.792893859498036,88.05066819657858,6.156437943923379
M1,38.86074754249457,32.60011041225452,28.539142045250905
M2,60.85354207390296,21.968189570714756,17.178268355382286
M3,5.788359578631545,70.83538405027171,23.376256371096744
M8,4.295810872167457,3.841026949075545,91.86316217875701
M10,10.591618027951125,74.82899090369715,14.579391068351725
M1,27.25397707889757,37.29363943967874,35.45238348142368
M2,61.48242559960257,21.72107299317202,16.79650140722541
M3,5.914159587404155,70.92643893211277,23.15940148048307
M8,9.731884897611767,4.809483390391379,85.45863171199686
M9,88.58124343941174,10.289255996406398,1.1295005641818658
M1,35.51080194656493,33.916082780086604,30.57311527334847
M2,60.822801315240135,21.980307802994616,17.19689088176525
M3,11.712513157416772,68.62071014734228,19.666776695240955
M7,41.36279188683314,53.46420155898485,5.17300655418201
M10,0.0,78.74260421825558,21.25739578174442
M1,35.31935560722874,35.01267593900904,29.667968453762214
M2,71.09601772757456,13.69472503091934,15.209257241506098
M3,6.261991708454034,74.20592036340572,19.532087928140243
M7,49.5924851528181,47.05855582585656,3.348959021325342
M9,89.81074157323219,8.120800023358901,2.068458403408906
M1,32.44833595119376,35.11913433246523,32.432529716341
M2,60.88178188652528,21.957059819915226,17.16115829355949
M3,7.5749032743987135,66.16005086107809,26.265045864523202
M7,41.36279257883444,53.46418990551164,5.173017515653925
M8,36.47694860349366,9.651169555745414,53.87188184076093
M1,33.01451736330912,33.36130553318958,33.624177103501296
M2,64.953053743956,16.510420998903193,18.536525257140802
M3,5.005149076357944,78.09973192581501,16.895118997827055
M6,22.466830293610016,43.38397503229244,34.149194674097544
M10,10.849805423953203,78.12206783754984,11.028126738496965
M1,34.17725195915674,35.38613768888949,30.436610351953775
M2,74.30871101254442,14.608484577526767,11.082804409928812
M3,7.292144048805527,71.39121328450284,21.316642666691635
M6,25.793239973793867,36.14209654694971,38.06466347925642
M9,90.57494849967784,8.52582294348568,0.8992285568364746
M1,35.91891036119405,33.838254663268216,30.242834975537733
M2,64.71863538984132,16.447002970164345,18.83436163999433
M3,4.98402199718446,77.84125755527373,17.174720447541816
M6,23.883593621214704,39.5394768685445,36.5769295102408
M8,5.63374103053426,4.993391018078719,89.37286795138702
M1,35.78661821093781,33.96484140637017,30.248540382692028
M2,65.01460658844043,16.5209779447626,18.46441546679697
M3,5.04842873417991,78.11396243485991,16.83760883096018
M6,20.741552823085424,40.494898084598155,38.76354909231642
M7,43.764289685312704,54.780006355290695,1.455703959396601
M1,32.821796530267264,33.10204336479013,34.07616010494261
M2,64.74224871594309,16.42220128631608,18.835549997740827
M3,4.991551006696773,77.81295288655903,17.1954961067442
M5,48.900741186315514,26.654102604562233,24.445156209122253
M10,5.756451172066947,89.48701426636494,4.756534561568117
M1,32.85138691391051,33.10087082494601,34.047742261143476
M2,71.21084673182946,17.521703459563778,11.26744980860676
M3,8.055202689569755,70.80341464174874,21.1413826686815
M5,45.3216573074258,34.6149602146599,20.063382477914296
M9,91.9430692012437,3.548443040344817,4.508487758411481
M1,32.77727481574597,35.26971488358076,31.95301030067327
M2,71.66961415872056,17.465547462282284,10.864838378997153
M3,4.760475599968016,74.1154087374192,21.12411566261278
M5,42.66369917912458,33.16156955048391,24.17473127039151
M8,9.70834064803136,4.898235442263356,85.39342390970528
M1,35.179824112754254,33.672443139349646,31.147732747896093
M2,64.71796889292293,16.446808532131765,18.83522257494531
M3,5.259931298378619,77.93684495658707,16.803223745034316
M5,48.872055031006056,26.688390817939418,24.439554151054526
M7,43.84030459999529,54.77972591697356,1.3799694830311466
M1,33.01497137121114,33.361447942337165,33.62358068645169
M2,64.95286347447137,16.510391967685937,18.53674455784269
M3,5.003018484916002,78.09909487682299,16.897886638261014
M5,31.290797068812665,42.05459093244155,26.654611998745786
M6,22.46749321193362,43.38739697104535,34.14510981702104
M1,37.697471826217885,32.4383352757564,29.864192898025713
M2,72.29953615868597,17.582828782583626,10.117635058730407
M3,5.820841006110667,71.33801196002773,22.841147033861603
M4,21.274476460092355,20.527865723133583,58.197657816774054
M10,5.685059193001223,88.26405920118704,6.050881605811739
M1,33.013385151169864,35.00331662317012,31.983298225660008
M2,61.4463580853025,21.735442810329978,16.818199104367523
M3,5.914164920178034,70.92643342660925,23.15940165321271
M4,22.458550069383822,19.772685063440097,57.76876486717609
M9,88.58192292774896,10.287216568922956,1.1308605033280816
M1,32.586827444613206,33.84912991083826,33.564042644548536
M2,69.54899793445803,17.049763711803912,13.401238353738059
M3,4.732706979077103,73.64349259099198,21.62380042993091
M4,20.857802027649413,20.192250521228473,58.949947451122114
M8,36.476839075425346,9.65115429504015,53.8720066295345
M1,32.90531151058392,34.20172190670879,32.892966582707295
M2,72.30346328161143,17.58332513496,10.113211583428573
M3,5.820438965286534,71.33894431807316,22.840616716640312
M4,17.748743909491925,15.253583909138838,66.99767218136924
M7,46.0825094546295,51.74794849197191,2.1695420533985867
M1,32.448285803343495,35.119146988933004,32.4325672077235
M2,69.2179799863394,16.987754451910522,13.794265561750077
M3,4.732605466758632,73.64342315136794,21.62397138187343
M4,20.852229793899987,20.194517878031007,58.953252328069
M6,23.29392553416952,39.874265547122874,36.83180891870761
M1,32.908568460442886,34.1715436745043,32.91988786505281
M2,61.42224097900446,15.559990871355831,23.017768149639714
M3,4.760474690333851,74.1154180466633,21.124107263002855
M4,17.748749969754968,15.253678036084318,66.99757199416071
M5,42.6717756306542,33.13951755124308,24.188706818102716
