M5,51.35737967082982,26.87896326085568,21.763657068314497
M6,34.13099003227773,33.29421588303689,32.57479408468537
M7,54.89918768399773,42.583011901144,2.5178004148582716
M8,14.455134324637017,0.899524739066544,84.64534093629644
M9,92.98508281750667,2.7803772643041813,4.234539918189153
M10,14.772829322195355,70.35406876980399,14.873101908000663
M4,23.085375887479344,15.28916989177903,61.625454220741624
M6,32.967298727324206,37.11323539859355,29.919465874082242
M7,48.2945054780418,47.69662955898065,4.0088649629775475
M8,6.146660893483525,4.191477041678637,89.66186206483783
M9,92.92664669575979,3.1404576342786608,3.9328956699615536
M10,7.444771240603978,86.89314127032291,5.662087489073102
M4,24.342061359869916,18.40152530033707,57.25641333979301
M5,48.29431732285945,22.775139968575285,28.930542708565266
M7,49.42808148184486,48.3021757922962,2.26974272585894
M8,10.342407149199165,4.523227696323853,85.13436515447698
M9,91.29292407351726,3.520572266083215,5.186503660399529
M10,11.870444541545579,73.15544874356833,14.97410671488609
M4,26.22084565262663,19.74444658920707,54.034707758166306
M5,52.602700622864184,23.9809365086858,23.416362868450015
M6,21.94301078953799,41.610385966172885,36.44660324428912
M8,16.20597307729471,3.636792565033606e-11,83.79402692266892
M9,88.56427011876312,9.03029916433774,2.405430716899142
M10,8.306801134678693,88.49451351868555,3.198685346635756
M4,19.016926760267243,21.056583343733916,59.92648989599884
M5,56.63324569784735,20.69667506581965,22.670079236333
M6,33.95552301153419,34.122493677649345,31.921983310816472
M7,54.28129054672263,43.2640000098959,2.454709443381468
M9,91.54999879960891,7.48650242128269,0.9634987791083951
M10,9.203916140670788,83.16325289786884,7.632830961460371
M4,25.209379063413195,16.930931968794617,57.85968896779219
M5,44.04775002863449,31.224467399491544,24.727782571873966
M6,19.327984010541993,34.72766501944499,45.94435097001301
M7,45.78537113909838,51.62344959596381,2.591179264937807
M8,8.765572586173048,4.407088271575853,86.82733914225109
M10,10.680126695193747,58.48233033511477,30.837542969691484
M4,18.798916517217336,19.065288418264483,62.13579506451818
M5,60.22903872501264,19.647473167768972,20.123488107218385
M6,34.18711242220933,31.754648700626586,34.05823887716407
M7,56.070684246966145,43.82018952868876,0.109126224345097
M8,13.996888896524927,0.8408796527259025,85.16223145074918
M9,42.807060167317694,20.62109862358238,36.57184120909993
M3,7.292350760413014,71.39112529852892,21.316523941058065
M6,25.816133358974138,36.09276352665893,38.09110311436693
M7,51.74322760059636,46.43408484078157,1.8226875586220643
M8,12.566849656154336,5.06586943126826,82.36728091257741
M9,92.61604179196186,3.252455374633511,4.131502833404626
M10,13.079642433188882,73.89457874341247,13.025778823398653
M3,7.220264072222513,69.0968484475041,23.682887480273394
M5,48.187310978617425,22.740977916518258,29.071711104864317
M7,49.46819263642527,48.28243022051793,2.2493771430567975
M8,38.511925626624404,8.863519183751281,52.62455518962432
M9,89.60990940565537,9.223695601512157,1.1663949928324708
M10,6.459991029956028,87.06159233578894,6.4784166342550265
M3,7.707235399748619,68.90247594787863,23.39028865237276
M5,46.887189474584304,30.00077474609786,23.112035779317836
M6,28.946176690489793,36.43623446537484,34.61758884413537
M8,38.51528222459522,8.864018199405889,52.62069957599889
M9,91.20671116970277,3.5460164354701345,5.247272394827094
M10,6.587624542804344,87.1394966197008,6.272878837494858
M3,7.498259333507262,71.31184960664957,21.189891059843163
M5,49.64171663232987,27.436830559038032,22.9214528086321
M6,25.015227080887588,37.56385546036976,37.42091745874266
M7,30.534604728362854,47.01591585409806,22.449479417539088
M9,92.24539569835743,3.707807408252299,4.046796893390274
M10,39.26611691093006,39.78388157936339,20.950001509706553
M3,14.82812301653095,67.03702443367095,18.134852549798097
M5,52.30107907128803,28.801966354586277,18.896954574125694
M6,26.307839517408635,38.14299559403348,35.54916488855788
M7,45.02417237598007,54.9758276240198,1.2789769243681803e-13
M8,9.130989524959883,4.630038970458936,86.23897150458117
M10,4.360901272563622,86.87561316319643,8.763485564239943
M3,8.228852253702499,67.59732219080892,24.173825555488577
M5,51.35372153688744,26.880479870605686,21.765798592506872
M6,33.742541044367215,33.450210245124495,32.80724871050829
M7,54.89049537354497,42.58696004452647,2.522544581928557
M8,14.449895726954713,0.9011057991508052,84.6489984738945
M9,92.98630283543584,2.779918051644811,4.233779112919352
M3,14.552806456851842,67.59285086320034,17.85434267994782
M4,22.720940454029712,19.665976223630434,57.61308332233985
M7,46.587599321653684,51.21400780285592,2.1983928754903985
M8,37.1579476728021,9.63789400971929,53.20415831747861
M9,88.59539424728476,10.246259763107384,1.1583459896078576
M10,5.899025543923492,87.769982326614,6.3309921294625155
M3,5.827713090288651,74.28597840714058,19.88630850257077
M4,26.02754044782235,19.635218893570592,54.33724065860706
M6,30.243950498615778,37.86743951711326,31.888609984270964
M8,13.294654386303138,1.0368084157386024,85.66853719795826
M9,88.5349277869463,9.032165013906225,2.4329071991474773
M10,8.298886949803064,88.46581724617012,3.235295804026819
M3,7.19478216274299,71.38198413649715,21.42323370075985
M4,21.914044259145374,15.27953549805804,62.80642024279659
M6,25.513745731225633,36.140256261101236,38.345998007673124
M7,50.47248699426938,47.19109456373321,2.3364184419974094
M9,90.43712581614614,8.679345857336031,0.8835283265178333
M10,7.011557627071756,87.29637266266684,5.692069710261407
M3,11.732804392641482,68.61313110047259,19.65406450688593
M4,22.160301389277738,19.661714520627054,58.17798409009521
M6,26.599441465569768,38.578597198961354,34.82196133546888
M7,44.95288915886727,54.95784080595596,0.08927003517676724
M8,5.190203387574387e-16,8.028408925907808,91.97159107409219
M10,10.271387386517835,74.94732167075917,14.781290942723004
M3,7.178056269907217,71.10550887089694,21.716434859195843
M4,26.015762702134385,19.639954184838228,54.34428311302739
M6,30.243919003822725,37.86744478656554,31.888636209611732
M7,47.45235172820511,50.98723629225486,1.560411979540028
M8,11.46986200983149,4.989102461043241,83.54103552912527
M9,91.71543756322176,3.5825886622819514,4.7019737744962935
M3,5.120169341043808,72.40874305476318,22.471087604193016
M4,23.641165987870597,18.45593043286437,57.902903579265036
M5,43.962981593544725,31.34935625220603,24.687662154249246
M8,9.812304423332723,4.525144086449882,85.6625514902174
M9,89.19947027893579,9.661689030658295,1.1388406904059138
M10,11.379366906293981,73.52680219830773,15.093830895398284
M3,5.395681144436407,72.38259387570503,22.221724979858564
M4,24.31269596269261,18.41280075665908,57.274503280648304
M5,46.209730293422865,28.46047881678421,25.329790889792925
M7,44.734366338063616,50.1755621211924,5.090071540743985
M9,91.31148532261571,3.5133757239193626,5.175138953464928
M10,6.465993390858497,87.08478077228176,6.449225836859739
M3,4.760499817133625,74.11534008034158,21.124160102524797
M4,23.3788643438883,19.61387646859753,57.00725918751417
M5,42.68214111317573,33.11139462636553,24.206464260458738
M7,44.92865026126413,54.96017545751646,0.1111742812194052
M8,9.708361417337532,4.898219974847129,85.39341860781535
M10,5.685129285301751,88.26393809386494,6.050932620833308
M3,6.61884688154033,69.40419515366293,23.97695796479674
M4,24.33497652948236,18.404247033245746,57.26077643727189
M5,45.40411541821459,30.624320575526635,23.971564006258777
M7,48.389590881701416,51.40173379902129,0.20867531927729743
M8,38.85089769260648,8.920672526232119,52.2284297811614
M9,91.31010987931357,3.5139076209035287,5.175982499782899
M3,7.368310723718828,68.73880687646096,23.892882399820223
M4,24.010629449385796,18.184432052975897,57.80493849763832
M5,46.67100936658086,29.890411671587813,23.438578961831325
M6,28.75414217536089,36.22077505469257,35.025082769946536
M9,88.18082068176236,9.051307895030838,2.767871423206806
M10,8.154161036272805,88.04962899857463,3.7962099651525563
M3,11.620797544889808,67.26480121919182,21.114401235918365
M4,20.31449848720636,18.846046380246495,60.839455132547144
M5,52.3035241893831,28.224636509754692,19.47183930086221
M6,18.30628643771332,39.989372819671225,41.70434074261545
M8,10.083836468343465,0.9328341305545668,88.98332940110197
M10,10.659970554521696,58.50174627716277,30.838283168315535
M3,5.6262134565681,72.18145780546241,22.19232873796949
M4,24.018519526476,18.18142571213966,57.800054761384345
M5,46.67466543397326,29.889001129497995,23.436333436528745
M6,28.7541397505792,36.22076897043927,35.02509127898153
M8,4.6138702321944205,3.5830207652088375,91.80310900259674
M9,91.10694854317731,3.5484271348308143,5.344624321991875
M3,5.782279798599873,69.19340014191542,25.024320059484708
M4,25.205386559264948,16.93175029502074,57.86286314571431
M5,44.01744562029477,31.234896488231563,24.747657891473665
M6,19.37613993943475,34.74623168039414,45.87762838017111
M7,45.836507856996036,51.60602987436171,2.5574622686422543
M10,10.66107630926963,58.499046499585525,30.839877191144843
M3,7.290767232920799,68.76912669344144,23.940106073637764
M4,24.011106853092915,18.18425843777382,57.80463470913327
M5,46.30841917703635,30.029996876189138,23.661583946774513
M6,28.75414227783105,36.22078355728313,35.02507416488582
M7,48.014985297989185,51.30024612926167,0.6847685727491424
M9,90.62513523368018,3.732726403936022,5.642138362383795
M3,7.664016752974365,74.43011688027408,17.905866366751553
M4,16.958352840699504,14.167607361824706,68.87403979747579
M5,44.042743870347664,31.22530969315197,24.731946436500365
M6,19.31952410307936,34.72315424935632,45.95732164756432
M7,45.03946077015801,54.96053922984199,0.0
M8,8.706271662980503,4.395979202950203,86.8977491340693
M2,67.84994588697879,18.82475302171834,13.325301091302872
M6,24.393537835707345,40.72864651371237,34.87781565058028
M7,51.948219161247366,45.791336630589676,2.2604442081629585
M8,15.132055083122918,1.069786662932958,83.79815825394412
M9,92.93618019312349,3.116201732935107,3.947618073941402
M10,8.736267669043018,84.08443114801653,7.179301182940449
M2,66.73166161624009,18.111069593007564,15.157268790752347
M5,51.15477987550725,27.607483845543776,21.237736278948972
M7,55.144298074823226,42.91840302277747,1.9372989023993057
M8,12.803779450042494,4.472526223287274,82.72369432667023
M9,91.59357148942235,7.517553112600373,0.8888753979772819
M10,14.509002863529345,71.19543845093706,14.295558685533592
M2,67.16754147295438,13.749853349293183,19.082605177752434
M5,48.57007572666392,30.59406860062296,20.835855672713116
M6,30.933377805378683,37.790577870270035,31.276044324351282
M8,14.301145442093977,1.0697994343457344,84.62905512356028
M9,91.35849777745109,6.312336228171801,2.3291659943771075
M10,11.33812949952399,77.56078715762074,11.101083342855276
M2,68.57378867067487,12.017433617956685,19.408777711368444
M5,54.07951977695084,20.311333202433357,25.609147020615804
M6,32.867339527491644,34.57123564359578,32.56142482891257
M7,55.22740705929582,42.82774005554189,1.944852885162291
M9,93.05105221451016,2.830902834816402,4.118044950673434
M10,9.565209568634533,82.30654020221128,8.12825022915419
M2,72.4612692832167,17.624200759008385,9.91452995777492
M5,43.61174795000674,33.08699491169543,23.301257138297835
M6,27.041757028281726,39.240973729791236,33.71726924192704
M7,41.45301043567469,53.60927838685826,4.937711177467051
M8,37.42703176707732,9.908423936347646,52.66454429657504
M10,5.551092371840496,88.27245862870541,6.176448999454095
M2,78.85319302402745,12.888728606080521,8.258078369892031
M5,51.34429504332285,26.884261423606247,21.7714435330709
M6,34.13054635832966,33.29442532762391,32.57502831404642
M7,54.79708226617193,45.04949393526973,0.1534237985583431
M8,14.449998413845162,0.9010595367565598,84.64894204939827
M9,92.3472558397024,5.221006498973601,2.431737661324
M2,72.5132215310722,17.32460684112197,10.162171627805826
M4,22.681879386535712,19.68187284508796,57.63624776837633
M7,46.587618272397584,51.21398652622918,2.1983952013732377
M8,11.2589560489292,1.02123403048915,87.71980992058164
M9,90.68009763467543,3.9009586478429608,5.418943717481605
M10,10.80517482832874,74.77961980091534,14.415205370755913
M2,67.12301084247972,13.788208573979386,19.0887805835409
M4,21.90287141905344,15.304419666812583,62.792708914133975
M6,31.199267382180263,37.71297435973323,31.087758258086502
M8,14.287383058662662,1.07206258946535,84.64055435187198
M9,92.50450889359824,3.2920906255876714,4.203400480814087
M10,11.712629933971312,74.56321414960765,13.72415591642104
M2,68.85091777125359,13.251192099460864,17.897890129285543
M4,23.43490191719112,15.32268494635653,61.24241313645234
M6,26.98685230945308,35.89265786670964,37.120489823837275
M7,52.994266457945855,45.22654152117166,1.7791920208824834
M9,92.98220438516779,3.1236207364042263,3.8941748784279833
M10,8.774209184524711,84.19656508864676,7.029225726828528
M2,60.94818827425905,21.93088473070511,17.120926995035838
M4,22.129472580812124,19.67429568006242,58.19623173912546
M6,26.599455691996436,38.578616296707786,34.821928011295775
M7,45.133418353815394,52.04332319785942,2.823258448325184
M8,36.43767174289109,9.644077881271187,53.91825037583772
M10,4.469892143952558,87.1915729775974,8.338534878450034
M2,68.4956561548787,13.361878121643677,18.14246572347762
M4,23.084224645018026,15.2914530200749,61.62432233490708
M6,26.692431473692427,35.94071203835464,37.36685648795294
M7,52.714843407054076,45.523473705069776,1.7616828878761481
M8,15.176881360865393,1.0814195014526828,83.74169913768192
M9,92.92679171344184,3.1403969645577603,3.9328113220003957
M2,61.04511260454989,22.12956706660429,16.825320328845816
M4,21.573455260534544,20.40866833528544,58.017876404180015
M5,42.628813101332454,33.25079148378071,24.120395414886836
M8,36.96707666605738,9.794602170419319,53.2383211635233
M9,90.59562950829294,3.9817387004629787,5.422631791244077
M10,2.025292714666033,85.6671642379861,12.307543047347863
M2,71.72630140118576,12.420805337099088,15.852893261715147
M4,18.96118033270668,21.17323055737148,59.86558910992184
M5,51.20879862819704,27.5850454817517,21.206155890051264
M7,55.04831138037316,42.9628074912661,1.9888811283607453
M9,92.9905466497069,2.864845268329947,4.144608081963153
M10,9.5926574250828,82.33975259131178,8.067589983605416
M2,61.164433968171394,22.07773454140066,16.757831490427947
M4,22.748983971751013,19.918707712875683,57.3323083153733
M5,42.63359332263338,33.24394202485485,24.122464652511766
M7,44.92865455448839,54.96017367033467,0.11117177517694188
M8,9.708365468285875,4.89822147337158,85.39341305834255
M10,5.685129319595561,88.26394132536882,6.0509293550356205
M2,62.35941224783159,14.446799917016044,23.193787835152364
M4,24.071717930190843,18.28886704938441,57.63941502042475
M5,44.7280160178843,29.175077123250265,26.096906858865434
M7,48.23308939730018,49.50397638543995,2.2629342172598683
M8,37.50921344453922,9.08781196106998,53.4029745943908
M9,90.94391672113917,3.6526636759781206,5.403419602882705
M2,67.15063718339727,13.751627867453875,19.097734949148858
M4,21.916783766221712,15.268408600385907,62.81480763339238
M5,48.5490844138443,30.604782148547525,20.846133437608177
M6,24.83174858260017,37.66222857733742,37.50602284006241
M9,90.47023848047418,8.622533438465494,0.9072280810603264
M10,8.321162766502251,84.35119912466709,7.327638108830655
M2,61.952418486912705,21.911564651301536,16.13601686178576
M4,21.80073197612141,20.640519138274936,57.55874888560365
M5,50.5945811163128,30.249545240537934,19.155873643149263
M6,27.04163773993829,39.24098087029057,33.717381389771134
M8,37.426974616786424,9.908445354971184,52.66458002824239
M10,5.69083288236627,88.36795502720891,5.941212090424827
M2,67.14254800341331,13.758317782317352,19.099134214269338
M4,18.16133561584875,23.341101272324863,58.497563111826395
M5,49.44104392262514,28.48538280651613,22.073573270858727
M6,31.659810754030214,37.47252816488846,30.867661081081323
M8,5.756623015336237,4.122381789706715,90.12099519495706
M9,91.3500789833167,6.318678618438971,2.3312423982443224
M2,69.29153290841367,17.0376720591899,13.670795032396427
M4,22.607550234987166,20.30508056155548,57.08736920345734
M5,43.31180791492311,33.2088838382938,23.47930824678309
M6,21.309991093046627,37.2659038980831,41.42410500887028
M7,44.0808973843738,54.63679133960843,1.2823112760177722
M10,5.626362127191174,88.3238873067204,6.049750566088434
M2,68.5736327254256,12.014206383675996,19.412160890898406
M4,19.038680460675703,21.04867794171711,59.912641597607184
M5,54.11084565973922,20.315776217776985,25.573378122483795
M6,33.9614157785846,34.120070664558945,31.918513556856446
M7,55.16797393548245,42.855156034416034,1.9768700301015159
M9,93.00852253477179,2.8475249549225112,4.143952510305704
M2,72.46124109618471,17.624208782523468,9.914550121291825
M4,23.01836970924972,20.134188743504794,56.84744154724548
M5,43.44143315378786,33.15617715501815,23.40238969119399
M6,21.363862795285907,37.2844332604705,41.35170394424359
M7,44.26382599225606,54.70833434341221,1.0278396643317294
M8,37.42963612586413,9.908892283798961,52.66147159033691
M2,59.04178881085529,22.693800769496924,18.26441041964779
M3,5.91417070510305,70.92641732599212,23.159411968904834
M7,46.58757450193352,51.21403011089291,2.1983953871735764
M8,37.162582099313255,9.647922869506242,53.1894950311805
M9,90.6800851702184,3.900961409179918,5.418953420601677
M10,6.031179862543294,87.42005561101894,6.548764526437765
M2,69.76822897519152,14.235175679985048,15.996595344823433
M3,5.6349405193147435,74.88381771711276,19.4812417635725
M6,30.42935923014909,38.063804724191776,31.506836045659135
M8,14.343975820395578,1.0727253325937456,84.58329884701068
M9,92.53020702603163,3.2831768281380898,4.1866161458302775
M10,11.344737066798508,77.58694045685263,11.068322476348868
M2,65.74499300748255,19.85154871441386,14.403458278103592
M3,7.579034647238418,71.40227210544658,21.018693247315
M6,26.503575185647133,36.34542481453065,37.15099999982221
M7,52.71472702108826,45.52356623625372,1.7617067426580206
M9,90.04972141147476,7.782662096228277,2.1676164922969594
M10,13.54728114020562,73.65293323488822,12.79978562490615
M2,69.23752819581148,16.991403803230938,13.771068000957584
M3,7.2702944507245295,70.28138822945186,22.4483173198236
M6,26.599434155875958,38.57858818398865,34.821977660135396
M7,41.362788589870846,53.464183218436226,5.173028191692929
M8,9.50491529999154,4.78150367267767,85.71358102733079
M10,10.526167068119891,74.85317199133726,14.620660940542848
M2,67.48491935250563,13.669810661233967,18.845269986260405
M3,7.292338583125194,71.39112575361446,21.31653566326034
M6,25.069858907525536,37.739645653337455,37.190495439137
M7,51.74321205508999,46.4341002406472,1.8226877042628118
M8,12.566204325526943,5.067156326936371,82.36663934753669
M9,92.61603519111897,3.2524574949567,4.131507313924333
M2,64.37422244998062,16.11374180512151,19.51203574489787
M3,5.776494223646914,71.45663427621018,22.766871500142898
M5,42.68120632057908,33.107705592903635,24.211088086517286
M8,9.707982266196977,4.899589419905084,85.39242831389794
M9,90.58407587069173,4.015708878999797,5.400215250308469
M10,5.683525463083593,88.26708219347032,6.049392343446087
M2,59.93537138428166,17.375493688477537,22.689134927240804
M3,4.292009733122675,76.46898205184492,19.239008215032413
M5,46.43590268573537,28.087519946757958,25.47657736750667
M7,41.62500850503546,58.27087259203037,0.10411890293416803
M9,85.59246154421434,11.579897650913768,2.827640804871887
M10,5.039771121338848,89.54155847883666,5.418670399824492
M2,61.1899131460281,21.927538094316663,16.88254875965524
M3,5.771261597184187,71.46778233842441,22.760956064391394
M5,42.67730914420507,33.124471844217936,24.198219011576995
M7,44.9286364295981,54.960187783535986,0.111175786865914
M8,9.708337329178697,4.898210595015773,85.39345207580553
M10,10.519466762247625,75.4587511676675,14.021782070084882
M2,59.935197460710526,17.37549564140502,22.689306897884453
M3,4.291964249942871,76.46892068896156,19.239115061095575
M5,40.80600601594614,35.64552324281659,23.548470741237274
M7,41.62495354434012,58.27098745297729,0.10405900268258961
M8,9.557605837417215,5.518428796135482,84.9239653664473
M9,90.00936287143516,4.576689470394189,5.4139476581706525
M2,65.01172987879136,16.452423059922683,18.53584706128596
M3,5.018511322961648,78.04083146669701,16.940657210341342
M5,31.35557901038715,41.98889466938762,26.655526320225235
M6,23.515771918030104,41.056985033266855,35.42724304870303
M9,88.6321609752344,10.506433722932202,0.8614053018333987
M10,4.991990272131699e-12,79.82138106186608,20.178618938128935
M2,64.71848814219877,16.446972012725023,18.83453984507621
M3,5.259914136931505,77.93744384300737,16.80264202006113
M5,48.865345843141796,30.880046591055358,20.254607565802846
M6,23.102812658549013,40.81023972823931,36.08694761321168
M8,11.994876205502534,6.071059011062786,81.93406478343468
M10,5.746718091132391,89.50330514151932,4.749976767348286
M2,64.67746548500106,16.48891898228359,18.833615532715346
M3,5.246726983124199,77.98458367238965,16.76868934448615
M5,48.82405875000695,26.74718853703941,24.428752712953642
M6,23.27099352691221,40.928782838428155,35.80022363465964
M8,5.895725304602505,5.05103359492629,89.0532411004712
M9,91.93569393726783,3.526074737795478,4.538231324936694
M2,64.82430153300544,16.475229858049023,18.70046860894554
M3,4.998991406705519,77.95603580814621,17.044972785148275
M5,31.199654291295303,41.96033550518571,26.840010203518986
M6,23.363437182829486,40.98143544674418,35.655127370426335
M7,44.847068200839296,55.05240865159684,0.10052314756386238
M10,2.178391698129127,88.22828872096807,9.5933195809028
M2,65.01923326478995,16.45345457487637,18.527312160333683
M3,5.022933072394047,78.04227587030803,16.934791057297915
M5,31.348481956843926,42.02292193970923,26.628596103446846
M6,23.50939930773944,41.05531613159236,35.435284560668194
M7,44.95075666741486,54.94533690896207,0.1039064236230729
M9,88.62302022114041,10.504854066615083,0.8721257122445092
M2,63.78029478754987,22.315918683463288,13.903786528986842
M3,5.260116256619792,77.93819930130877,16.801684442071434
M5,48.873173797154614,26.689078292037774,24.437747910807612
M6,23.10292247985164,40.81095362392027,36.08612389622809
M7,44.8614882521002,55.052285527977574,0.08622621992222435
M8,11.995385271377627,6.071323520749493,81.93329120787288
M2,59.04176350771286,22.693826798837605,18.264409693449537
M3,5.914163231899883,70.92644404481128,23.159392723288846
M4,22.658529136827738,19.69136318051041,57.650107682661854
M8,9.732161035297798,4.808823825660331,85.45901513904188
M9,88.58194979867439,10.287127928284143,1.1309222730414703
M10,5.804719559796538,88.01966377094995,6.175616669253515
M2,61.373192555792755,21.764586734690507,16.862220709516738
M3,5.914188119078086,70.92641476486943,23.159397116052475
M4,22.59729904160671,19.716265848376114,57.686435110017186
M7,46.5876389212129,51.213967964367,2.1983931144200994
M9,90.68010613279138,3.9009538790828096,5.4189399881258105
M10,10.805184859143857,74.77960732966315,14.415207811193
M2,61.12354049735812,22.091855433862957,16.784604068778922
M3,5.822619678831926,71.33326108569737,22.8441192354707
M4,22.47267333352342,20.033576308532446,57.49375035794414
M7,46.08513622588744,51.74068860958932,2.174175164523241
M8,9.708343578393565,4.89820885543556,85.39344756617088
M10,5.685129548651828,88.26392372752399,6.0509467238241825
M2,61.466796527262545,21.727291739453506,16.80591173328395
M3,26.004139843551187,63.17388972447168,10.821970431977135
M4,22.677224644287158,19.683746839673077,57.63902851603977
M7,44.535455089556095,53.88148286059975,1.5830620498441519
M8,37.16458779105049,9.639524958054102,53.19588725089541
M9,88.59292311617519,10.253760517837964,1.15331636598685
M2,66.44848362345644,19.579002354025064,13.972514022518496
M3,5.627461246468398,74.8552867358208,19.517252017710803
M4,21.76928194176082,15.593861901573153,62.63685615666603
M6,25.388535214912817,36.421725669514636,38.18973911557254
M9,91.33877269877784,6.330421551341553,2.330805749880602
M10,8.276094570462678,84.4457042667198,7.278201162817524
M2,72.11098971768894,17.529697964142294,10.359312318168769
M3,5.787770787078692,70.83562213974359,23.37660707317771
M4,20.875506005516623,20.18503415639996,58.93945983808341
M6,20.893871862274914,36.50257740296741,42.60355073475767
M8,36.39034342887698,9.635536740168057,53.97411983095496
M10,4.726924203348367,90.6580092468755,4.615066549776145
M2,69.79295593916902,14.174820718685845,16.032223342145137
M3,7.194837713769993,71.38200109657197,21.423161189658032
M4,18.153719282627296,23.37932566539295,58.46695505197975
M6,30.904881557008917,37.842337390866426,31.252781052124654
M8,12.36942425036302,5.051497429262283,82.57907832037469
M9,90.9688438647092,5.687095681427441,3.344060453863359
M2,69.14683771193042,16.974417144019892,13.878745144049692
M3,6.134329443069097,70.70606172143124,23.159608835499668
M4,22.081997194334658,19.69360291884861,58.22439988681673
M6,26.599434072653057,38.578593917852885,34.82197200949406
M7,44.557702000638706,54.79342750482453,0.6488704945367658
M10,4.463258517375123,87.18656292707288,8.350178555551992
M2,68.49485978270545,13.364386428224151,18.140753789070402
M3,7.579129058630761,71.4022839093682,21.01858703200105
M4,23.069194286343276,15.32310776900809,61.607697944648635
M6,26.66012723171004,36.01050790078906,37.32936486750091
M7,49.057225996243865,47.321539121230096,3.621234882526039
M9,92.92683192152154,3.140389647182807,3.932778431295653
M2,61.011119620432844,21.906061972956714,17.082818406610443
M3,11.722229704729502,68.61708196269156,19.660688332578943
M4,20.877929404051695,20.184053250264792,58.938017345683505
M6,26.599440919011297,38.57859663187961,34.82196244910909
M7,45.15741490385997,52.0342772715364,2.8083078246036237
M8,4.295830033685525,3.841032065547103,91.86313790076738
M2,57.48171180384838,24.52149565420879,17.996792541942835
M3,4.446302984112395,75.68828300065407,19.86541401523354
M4,17.42047787176501,16.369660433692356,66.20986169454264
M5,41.33440787722165,35.06336406249875,23.6022280602796
M9,87.52203503214962,11.355320611598403,1.1226443562519801
M10,5.250185454227977,89.12343466146038,5.626379884311646
M2,61.42227358394591,15.55994182538262,23.01778459067147
M3,4.760486756712151,74.11534595973731,21.124167283550534
M4,21.35343020959471,20.48355869041854,58.163011099986754
M5,42.674421918429275,33.132348647286776,24.19322943428395
M8,9.708343095952065,4.898220091680465,85.39343681236747
M10,5.685118300167463,88.26394970436911,6.050931995463429
M2,58.80055293349748,22.884900563906836,18.314546502595686
M3,25.643047297873455,63.650563817439746,10.706388884686802
M4,21.31430920455137,20.50111458627085,58.184576209177784
M5,42.680071762112966,33.110712936450746,24.209215301436288
M8,37.05193032753404,9.809871904056337,53.138197768409626
M9,90.57067465990659,4.055102027364632,5.374223312728781
M2,61.42232740416046,15.559916649324823,23.017755946514715
M3,4.760500171615966,74.11532437157115,21.12417545681288
M4,21.949467909507014,20.200522307445958,57.850009783047035
M5,42.69232379493005,33.083584723456624,24.22409148161333
M7,46.02384263823463,51.91132952545617,2.064827836309199
M10,5.685131546748397,88.26392941005012,6.050939043201481
M2,60.448268714651945,16.743296304113983,22.808434981234072
M3,4.446291595350822,75.68822021678096,19.86548818786821
M4,17.420396968277657,16.36961952175635,66.209983509966
M5,41.5652338386841,34.454813596414944,23.979952564900955
M7,41.66954254277166,56.7032335080344,1.6272239491939402
M9,90.13040866866963,4.587355091928672,5.282236239401697
M2,58.79703683883951,22.90206465599202,18.30089850516847
M3,5.630265510524271,71.83710021189081,22.53263427758492
M4,23.06038192396411,19.738292228594275,57.20132584744161
M5,42.67273000942442,33.13699135081639,24.190278639759192
M7,44.92865009156249,54.96018252242041,0.11116738601710097
M8,37.053477407609435,9.807123335786441,53.13939925660412
M2,64.95006027893092,16.509896740754034,18.540042980315047
M3,5.0001998648500114,78.0981006608508,16.90169947429918
M4,21.109134471964943,18.19971870245359,60.691146825581455
M5,31.293427911459048,42.042499719589934,26.664072368951018
M6,23.46161158494871,41.14396351872103,35.39442489633026
M10,5.751137290420698,89.58601372036178,4.662848989217522
M2,65.01209166786496,16.452478200769203,18.535430131365832
M3,5.017823076842499,78.04077818730906,16.941398735848438
M4,21.138883328908726,18.14842788616184,60.71268878492944
M5,31.374115690918103,41.90554269953251,26.720341609549386
M6,23.51672931242053,41.05737382947245,35.42589685810702
M9,88.63316017410047,10.506570842869122,0.8602689830304104
M2,68.05896045029252,16.700794825032634,15.240244724674849
M3,4.63765630067625,72.09892891001486,23.263414789308882
M4,19.921430875066736,18.999632263985784,61.07893686094748
M5,41.34824856929331,32.203855811984354,26.447895618722335
M6,25.73242269576944,37.28570933904778,36.98186796518278
M8,8.73403929447418,4.401033623476519,86.8649270820493
M2,64.96396673925119,16.51226084929713,18.523772411451677
M3,5.002249153175827,78.09872766168782,16.899023185136357
M4,21.127383840281947,18.203169312922714,60.66944684679534
M5,31.29504869532256,42.03511365817343,26.669837646504007
M6,23.45930377468043,41.14335839726528,35.3973378280543
M7,44.83660013529234,55.054934561333084,0.10846530337457239
M1,35.2508686646304,35.04297624305588,29.706155092313715
M6,24.345051382842662,40.97036168347541,34.684586933681935
M7,52.7132961937543,45.52471948299099,1.7619843232547083
M8,13.14617716217689,5.100834193268777,81.75298864455434
M9,92.92600879045598,3.140708466128901,3.933282743415118
M10,13.546602539269527,73.65326243367016,12.800135027060307
M1,30.971489314509995,34.5840494318107,34.44446125367931
M5,45.38743306906882,30.629665532580358,23.982901398350823
M7,44.734073164768894,50.175667165416066,5.09025966981504
M8,10.336761624984637,4.522118392878297,85.14111998213707
M9,89.6165830190781,9.223027493799778,1.1603894871221154
M10,6.4775054296022825,87.0912505665378,6.431244003859916
M1,32.43094594114078,36.01416760665036,31.554886452208862
M5,48.41276710651656,30.79597765712632,20.79125523635712
M6,30.364470038072394,37.99795224731961,31.637577714607993
M8,13.413151566437444,1.0534363643611384,85.53341206920142
M9,91.86117056091898,3.5437988166346917,4.59503062244633
M10,8.306759623050201,88.49450088721653,3.1987394897332706
M1,37.23596899138447,30.542966163987206,32.22106484462833
M5,54.53874863483278,24.969932062213957,20.491319302953265
M6,29.933278286518938,30.71043883116956,39.3562828823115
M7,37.084634540242384,38.99201403551635,23.923351424241268
M9,93.24464200583212,4.65062621143079,2.1047317827370904
M10,16.56709207718202,68.73004178346687,14.702866139351102
M1,35.433527404348695,33.47635318605914,31.090119409592162
M5,52.286788850353524,28.807399655129316,18.90581149451716
M6,26.307736530678763,38.14294473051683,35.5493187388044
M7,44.78186371319015,54.87114370988855,0.34699257692130203
M8,9.155005766182619,4.634394941720127,86.21059929209724
M10,12.526026519149273,73.77251503619846,13.701458444652275
M1,37.23585659539988,30.54307635882096,32.22106704577916
M5,54.5386474625025,24.970031340825233,20.491321196672263
M6,27.607141095349412,35.45056065836823,36.94229824628235
M7,58.14752523225898,41.756737152418154,0.09573761532286795
M8,16.032889855343477,0.8717435539100721,83.09536659074644
M9,92.75407688689396,6.46114809755643,0.7847750155496147
M1,31.996567608189103,36.02129148679414,31.98214090501675
M4,25.558283309632174,16.12439313877916,58.31732355158867
M7,45.114544391653496,50.341188958146105,4.544266650200399
M8,13.255852804620467,1.0514608079878294,85.6926863873917
M9,89.46099053699817,9.151146973544591,1.387862489457241
M10,11.778492860562277,74.49425901329366,13.727248126144062
M1,32.43094991360861,36.01413934437521,31.55491074201619
M4,20.980682676938592,15.383063403284027,63.63625391977739
M6,23.9935719636581,36.442992680578946,39.563435355762955
M8,20.439103037053663,6.352151332754602,73.20874563019174
M9,91.86115787330176,3.5438009557573986,4.595041170940838
M10,36.966726878940385,39.358394791008024,23.67487833005159
M1,35.166869416833165,35.08051784570458,29.752612737462258
M4,23.080869398834633,15.298616665208845,61.62051393595652
M6,26.704394516312327,35.91512174058238,37.38048374310529
M7,52.7148078843799,45.52347323155329,1.7617188840668092
M9,92.92674621753642,3.140420216427326,3.9328335660362552
M10,7.356484888028283,87.08468722702307,5.558827884948656
M1,38.860791214479384,32.600107788323406,28.53910099719721
M4,22.129750447735173,19.674158248578525,58.1960913036863
M6,26.59940902692063,38.57861821762775,34.821972755451625
M7,41.36276532585327,53.46422135254126,5.173013321605474
M8,9.509466998550236,4.782331770634024,85.70820123081573
M10,9.9718269848572,75.05802168970088,14.970151325441918
M1,35.230589610385884,35.05217517227978,29.717235217334327
M4,23.085869681069678,15.28804998663762,61.6260803322927
M6,26.706114497802822,35.9113566816116,37.382528820585584
M7,52.714784443199534,45.52353113922128,1.7616844175791897
M8,6.130057940019725,4.197208104366201,89.67273395561408
M9,91.55774423129354,5.295571213429852,3.1466845552766074
M1,40.254180797112596,31.058690431152595,28.68712877173481
M4,18.072686755797925,14.208912315037715,67.71840092916437
M5,43.96291744280851,31.349446423780915,24.687636133410575
M8,4.467491088420606,3.643486163952441,91.88902274762695
M9,90.9439022999229,3.6526778185289537,5.40341988154815
M10,6.1561588207877405,87.33854032723887,6.505300851973388
M1,35.18608506232195,32.9391396709333,31.87477526674475
M4,24.515060043217243,18.335292369857186,57.14964758692557
M5,50.76252706014848,23.291117098048105,25.946355841803417
M7,47.23891314359023,51.01571374116866,1.745373115241108
M9,91.29638613662163,3.5192369693153758,5.184376894062989
M10,11.872102090554199,73.15480920781832,14.97308870162749
M1,37.492891503568536,33.54882359951047,28.958284896920993
M4,22.59852788926833,19.981156384069536,57.42031572666214
M5,42.6334030403189,33.24443372217977,24.122163237501326
M7,46.085831921192344,51.73870850824821,2.175459570559447
M8,9.708364236444098,4.898223596813129,85.39341216674278
M10,10.63249427295757,75.1594000825351,14.208105644507327
M1,35.110447720993584,32.9686689797265,31.920883299279907
M4,24.95198231851134,18.167832460416786,56.88018522107187
M5,45.381457534319004,30.633217248688215,23.98532521699278
M7,44.73441019873159,50.175571816247015,5.090017985021397
M8,10.335561412648307,4.52217552893315,85.14226305841855
M9,91.29417069614429,3.5200965302821903,5.185732773573518
M1,37.545630935621936,28.23587242729181,34.218496637086254
M4,20.89493055022658,13.318586668947,65.78648278082642
M5,44.476110609181205,28.665215620618685,26.85867377020011
M6,20.7110585566542,31.751342042444172,47.537599400901634
M9,88.9028716379547,9.209786129617715,1.8873422324275815
M10,6.690243619044488,86.2377693249308,7.07198705602471
M1,36.42588462673801,31.30847158280132,32.26564379046067
M4,21.339428705280124,18.644683366876812,60.01588792784306
M5,44.17944079051825,24.021083048824536,31.799476160657214
M6,28.50385877652239,38.4978525956314,32.99828862784621
M8,8.820327142371557,4.4449875619563395,86.73468529567211
M10,5.652230249443757,87.62719141830402,6.720578332252217
M1,37.54571871462068,28.235922657237595,34.21835862814172
M4,25.981484926720167,14.443967253710902,59.57454781956893
M5,44.51368580547399,28.654694565040003,26.831619629486006
M6,26.73556956643077,33.96599998260473,39.2984304509645
M8,9.940683414692554,0.8260940861040242,89.23322249920342
M9,88.90286457835,9.209778486912196,1.8873569347377988
M1,34.06565567318521,29.18357611520448,36.750768211610314
M4,14.458064706914561,12.254427124832318,73.28750816825313
M5,39.17965342561153,30.448103145040896,30.372243429347577
M6,18.333438385277233,31.94574842112178,49.72081319360099
M7,43.528414825112776,54.056772913695774,2.41481226119145
M10,7.16313629999128,88.22404008723419,4.612823612774534
M1,35.93696908328423,27.113271784124624,36.949759132591154
M4,15.006098608298903,11.313825803936213,73.68007558776489
M5,53.32130533836664,23.221026210150626,23.457668451482732
M6,25.40112761595958,32.39014557813735,42.20872680590307
M7,48.16090159604678,51.68408086533465,0.15501753861857281
M9,89.57252010865402,3.471518471135289,6.955961420210693
M1,34.707412236003506,29.792126855919932,35.50046090807656
M4,14.944284018884062,12.760279408640642,72.2954365724753
M5,32.98154765436954,33.336078510457355,33.68237383517311
M6,19.01620381776988,32.96299758975674,48.02079859247338
M7,45.03607745939758,54.91319967126148,0.05072286934093739
M8,7.6715692568370075,3.894285126900399,88.4341456162626
M1,31.39425320630466,36.27679130473282,32.32895548896253
M3,6.958460525388402,71.20462220263128,21.83691727198031
M7,45.11454428144476,50.34116056341375,4.544295155141491
M8,13.192469951762323,1.0753215180536213,85.73220853018405
M9,80.9516988030053,8.057940489786498,10.990360707208202
M10,36.434212510360844,39.95307120250628,23.612716287132876
M1,34.05506067090317,35.439630164573856,30.50530916452297
M3,5.950525736454818,74.33265151195468,19.7168227515905
M6,25.819707620364937,36.08361908756559,38.096673292069475
M8,12.566068454323993,5.066748330074009,82.367183215602
M9,92.61573427339188,3.252573327992336,4.131692398615785
M10,7.066356393308126,87.31705340409859,5.616590202593287
M1,35.23815710816039,35.04879905533598,29.713043836503644
M3,6.258797707300629,74.21277167196125,19.52843062073812
M6,26.712009902802652,35.898241473525445,37.389748623671906
M7,51.81243673895093,45.96721894286478,2.2203443181842886
M9,83.0969091909028,7.336928023318972,9.566162785778221
M10,7.415940456306555,86.95558478231122,5.628474761382222
M1,37.475694761227004,32.944435128120475,29.57987011065252
M3,7.427236914117229,75.58571687656655,16.98704620931622
M6,29.687163104169315,40.38834126127511,29.924495634555576
M7,48.509339252095366,51.49066074733607,5.68562086300517e-10
M8,35.52844344913421,9.792981662971801,54.67857488789399
M10,31.36774122825422,43.4162345520697,25.21602421967608
M1,34.1294196858652,35.40713656321791,30.463443750916888
M3,7.292381189428613,71.3911323153298,21.31648649524159
M6,25.820725659517628,36.08280606262064,38.09646827786174
M7,51.74331478826207,46.43399898660768,1.8226862251302478
M8,14.513953968902646,1.074673008412892,84.41137302268447
M9,92.61606662685038,3.252447709298709,4.131485663850908
M1,28.004157955340954,35.77785670963514,36.217985335023904
M3,6.214835005355977,69.58862809349935,24.19653690114467
M5,43.96264211741358,31.3501062966748,24.68725158591162
M8,9.812030612204854,4.526091897787095,85.66187749000805
M9,89.19884505238386,9.663035855868971,1.1381190917471695
M10,6.15659649945196,87.3373862640668,6.506017236481242
M1,34.98862237820437,32.9586657302372,32.05271189155843
M3,6.560036525814799,69.36095087673955,24.079012597445654
M5,45.33787775577382,30.605815303869477,24.056306940356706
M7,44.7215736149883,50.16933020893657,5.109096176075127
M9,89.61835152585202,9.224762177795538,1.1568862963524413
M10,6.4678450503884966,87.06657099430484,6.46558395530667
M1,38.51086812188254,32.29586344414748,29.193268433969983
M3,14.56454024495732,67.13170551497578,18.303754240066908
M5,52.29594623208059,28.803871539617596,18.900182228301816
M7,45.992072364660046,51.66402311447117,2.343904520868783
M8,10.634992769479874,0.9921469648851365,88.37286026563498
M10,4.386567154143862,86.89612087870586,8.71731196715028
M1,35.05651743139481,32.932089431348736,32.011393137256455
M3,5.381591587179938,72.31597564305706,22.302432769763
M5,45.32655863333045,30.61013779373735,24.0633035729322
M7,47.25683928643445,51.02468490124726,1.7184758123182888
M8,10.296388188777545,4.506748839114423,85.19686297210804
M9,91.30973622709709,3.506257775142924,5.184005997759986
M1,35.46059760142898,34.69375694829971,29.845645450271306
M3,5.993862106408474,76.13080436296995,17.875333530621575
M5,54.19011528137586,24.556081632532905,21.253803086091235
M6,25.26060042680912,38.11083147211624,36.62856810107464
M9,88.88150483699812,9.007467473542373,2.111027689459508
M10,8.358048250769114,88.76566134898741,2.8762904002434766
M1,35.384101885208814,33.49540757269859,31.12049054209259
M3,13.663037410532061,69.2036512756939,17.133311313774044
M5,52.305352808324756,28.800347632985492,18.894299558689752
M6,26.30785258936357,38.143022163201394,35.54912524743504
M8,9.211728617427935,4.644706244242278,86.14356513832979
M10,5.667669831835198,87.9218441153472,6.410486052817603
M1,34.76990453199188,30.091690420953118,35.138405047055016
M3,5.639993305195071,75.44757342498741,18.912433269817512
M5,49.895136831409,30.232603675499323,19.87225949309168
M6,24.813518927141406,37.519557712278456,37.66692336058014
M8,6.09222941934343,4.454812652007843,89.45295792864873
M9,88.76652505483318,9.016354107259483,2.217120837907336
M1,35.62560677779425,33.92953805688806,30.44485516531769
M3,5.031925347914731,78.10812676511597,16.859947886969294
M5,33.30069077239859,32.94262043556277,33.756688792038645
M6,23.4336338668134,41.13687458843525,35.42949154475136
M7,43.73480584575057,54.772416808796336,1.4927773454530922
M10,5.748913157398146,89.58509134942896,4.665995493172886
M1,38.026959238057216,31.00188448597626,30.971156275966525
M3,5.918284968557688,76.11074781705595,17.970967214386363
M5,54.08308456995484,24.53857871972396,21.378336710321197
M6,25.314594003324746,38.12126610404224,36.564139892633015
M7,47.67791356592131,50.91682756359365,1.4052588704850422
M9,91.50626110333714,4.91189062419525,3.581848272467612
M1,34.557318180824396,31.053668113022834,34.38901370615277
M3,5.1080549795040255,73.41115948941109,21.480785531084877
M5,52.310254911191585,28.798456134175257,18.891288954633158
M6,26.307833920307402,38.142989562911225,35.54917651678137
M7,45.02416743153139,54.975832568468604,7.105427357601002e-15
M8,35.85248927271087,9.483092785023636,54.664417942265494
M1,39.40240352647864,32.462650198265756,28.1349462752556
M3,7.5368211343778535,75.3972546445372,17.06592422108494
M4,22.614564989444755,19.70924945452094,57.6761855560343
M8,11.258892239553495,1.0212365296931771,87.71987123075333
M9,88.5820547788372,10.286692022971957,1.131253198190839
M10,5.792010617319586,88.05329719096572,6.1546921917146875
M1,36.15004131809162,33.755940355060524,30.09401832684786
M3,5.9141743029404195,70.92640686400784,23.15941883305173
M4,22.548388926870015,19.736122055986815,57.71548901714317
M7,46.58753113775962,51.21405931379668,2.198409548443699
M9,88.59616862109765,10.243758210324518,1.160073168577835
M10,5.844937163395785,87.91319239608539,6.241870440518824
M1,35.94960211342082,33.743709720196044,30.306688166383132
M3,11.723940840659218,68.61644182839942,19.65961733094136
M4,22.103558403719088,19.6848254082377,58.21161618804321
M7,46.04567155431233,51.699558877680296,2.254769568007376
M8,10.950436342183812,1.0146841491846113,88.03487950863158
M10,5.681024217775949,88.10424221794058,6.214733564283463
M1,33.161251708187656,33.70685508001411,33.13189321179824
M3,5.914167961794195,70.9264232297878,23.159408808418007
M4,22.654503303761473,19.692988942401378,57.65250775383715
M7,42.060021120822675,52.96953348013613,4.970445399041196
M8,37.16474747867821,9.63792060502854,53.19733191629325
M9,88.59046568046338,10.261238211232234,1.1482961083043843
M1,32.30287444958675,35.891223365610394,31.805902184802854
M3,5.827914338049034,74.2860724281763,19.886013233774676
M4,20.820664839559477,15.273917866662023,63.905417293778505
M6,30.24397691561184,37.86744474404788,31.88857834034028
M9,91.80859663914323,3.5438590294143255,4.647544331442442
M10,8.29896639389272,88.4658500176718,3.2351835884354756
M1,36.00153174310391,33.72331205183129,30.275156205064796
M3,11.730300015217788,68.61406037191058,19.655639612871624
M4,20.87385858713992,20.18569960055716,58.94044181230292
M6,26.59941939290788,38.578597161809334,34.82198344528279
M8,9.46624464568871,4.774523941897552,85.75923141241374
M10,5.677257529143645,88.10141311165727,6.221329359199089
M1,36.504619430427695,34.10812536861032,29.387255200961988
M3,8.042095855556127,70.71555714970215,21.242346994741723
M4,26.437938279175818,19.469750786558823,54.092310934265356
M6,23.876184135453375,36.28396006607931,39.83985579846732
M8,11.530384114191364,4.998128493545293,83.47148739226334
M9,91.80860897603696,3.5438508347915536,4.647540189171481
M1,35.775105956023246,33.81224168428235,30.4126523596944
M3,6.067428366713217,70.7310570748624,23.20151455842438
M4,22.08170842724685,19.693704131335508,58.22458744141764
M6,26.599422771402594,38.57857967230498,34.821997556292416
M7,45.521335925986975,51.89714552949553,2.5815185445174933
M10,5.7352730978362745,88.1451203478391,6.119606554324633
M1,35.18332700775138,35.0731853227512,29.743487669497412
M3,6.245788766252726,74.24042593386417,19.513785299883097
M4,23.078939199199088,15.302428071920005,61.61863272888091
M6,24.346079877699363,40.970140510909516,34.68377961139112
M7,48.29035500310479,47.698667839908595,4.010977156986613
M9,92.92671884061373,3.140430398769338,3.9328507606169314
M1,36.12067268460035,31.762160926431957,32.11716638896769
M3,5.1926197546959765,73.94667958814576,20.86070065715826
M4,20.872201175989797,20.18639187437238,58.94140694963782
M6,26.59944459761012,38.5786003313135,34.82195507107638
M7,44.71698599171244,54.859692501262465,0.4233215070250935
M8,9.397507343555388,4.762112741920097,85.84037991452452
M1,33.94854688614135,33.48755719347021,32.56389592038845
M3,6.214973593651029,69.58775352307588,24.1972728832731
M4,15.004546348243796,21.80790583240541,63.1875478193508
M5,43.962795966983926,31.349529464327397,24.687674568688678
M9,89.1990400183557,9.66296804300257,1.1379919386417274
M10,6.161499668186603,87.3243633770431,6.514136954770294
M1,37.73197005786626,32.44841477518369,29.819615166950044
M3,4.7604757329836,74.11542048147146,21.124103785544946
M4,21.277195085065316,20.51813791680701,58.20466699812768
M5,42.665013735434584,33.157996836051126,24.17698942851429
M8,9.708344921929921,4.898238456633332,85.39341662143674
M10,5.685101307716151,88.26398935216046,6.050909340123383
M1,33.86728755458581,33.518827462534645,32.613884982879554
M3,6.214989496607875,69.58772548199772,24.197285021394407
M4,18.07184395017546,14.210937687588137,67.7172183622364
M5,43.96287013229533,31.349475084755223,24.687654782949448
M8,9.812056159706625,4.52569726076834,85.66224657952503
M9,89.19869474669024,9.664245898246008,1.137059355063755
M1,37.60943163327964,32.411795725539854,29.978772641180505
M3,4.76050742381432,74.11532642900315,21.124166147182535
M4,17.74878536712312,15.25362234659373,66.99759228628315
M5,42.68134758522642,33.113567608822784,24.205084805950797
M7,44.928626138333364,54.96017097394691,0.11120288771972753
M10,5.685132456904467,88.2639366623426,6.050930880752929
M1,34.49043454140237,32.37122300799403,33.13834245060359
M3,5.285905262402762,71.5370931085139,23.177001629083335
M4,18.258146085013525,13.640111001740832,68.10174291324564
M5,44.71065607194054,30.283713387671813,25.005630540387646
M7,48.407207348671626,51.47442512519247,0.11836752613590562
M9,91.11576099009515,3.5343138152849685,5.349925194619877
M1,32.90808219249514,34.18514086707181,32.90677694043306
M3,4.76049308739809,74.11529218607411,21.124214726527796
M4,22.536679486104017,19.981993600228495,57.48132691366749
M5,42.66190710903064,33.16650949256047,24.171583398408885
M7,44.92865352121655,54.9601775747673,0.11116890401614654
M8,9.708334501702142,4.898206471736886,85.39345902656098
M1,33.9973808772822,29.157821589608755,36.844797533109045
M3,4.424529495817086,68.68081041961806,26.894660084564862
M4,14.229357721185389,12.192758500751689,73.57788377806291
M5,39.184407184313194,30.428941095483076,30.38665172020373
M6,18.333362891808697,31.945553810709995,49.721083297481314
M10,5.574935078291769,86.29688736979497,8.128177551913254
M1,27.60030645839478,24.3883742429231,48.01131929868212
M3,5.1543232490103605,67.08718699669747,27.75848975429217
M4,15.006006562402678,11.313791185577685,73.68020225201964
M5,41.31697841259166,28.28524916438691,30.39777242302143
M6,19.575395695713546,30.012710186508055,50.41189411777839
M9,87.23277036920646,9.047080843705828,3.720148787087709
M1,30.241801216540622,25.8940506114585,43.86414817200088
M3,4.287550164411117,63.24975203221691,32.462697803371974
M4,18.931597405556477,11.982855796665321,69.0855467977782
M5,34.66427955702989,33.401812177923894,31.93390826504622
M6,20.941093721030626,30.24973576388444,48.80917051508493
M8,5.680440226809639,2.851753518492782,91.46780625469758
M1,33.72933484323845,29.057147743917717,37.213517412843835
M3,4.42452883375151,68.68087579480866,26.894595371439834
M4,14.45777782995596,12.254293099423887,73.28792907062015
M5,44.03657367274697,23.206107163019265,32.75731916423376
M6,18.333375878674058,31.945608371271764,49.72101575005418
M7,44.983332075247596,54.86419714556223,0.1524707791901747
M1,35.3881693614011,34.792035867225366,29.819794771373537
M2,71.12108421238337,13.605113043116864,15.27380274449977
M7,52.895875751308644,45.329278216159594,1.7748460325317623
M8,15.130137235367053,1.0698113749110931,83.80005138972184
M9,92.93395619701097,3.1171310694038312,3.9489127335851975
M10,13.617523688275995,73.46710682963945,12.915369482084557
M1,34.05265508053158,35.44064091262171,30.50670400684671
M2,64.73734563962385,20.313040532577688,14.949613827798458
M6,31.978146245986192,37.420687327683595,30.60116642633021
M8,14.51342065967081,1.0746612253706354,84.41191811495855
M9,90.57542750192127,8.524650615429113,0.8999218826496183
M10,11.465970839041159,77.49602253087177,11.038006630087068
M1,35.27796931823374,35.03096120720428,29.691069474561978
M2,68.50109661518229,13.348835845319593,18.150067539498117
M6,26.70394502869103,35.91538790479279,37.380667066516175
M7,52.71455648522882,45.523644586427814,1.7617989283433673
M9,92.92655623676768,3.140485942113294,3.9329578211190253
M10,7.393568418162824,87.0041365712424,5.602295010594773
M1,38.860841232224544,32.60007937944609,28.539079388329363
M2,60.898743960243614,21.950364311717983,17.150891728038403
M6,26.599439994339267,38.578590621098236,34.8219693845625
M7,41.36279784640263,53.464179863216614,5.173022290380757
M8,9.523614277976533,4.784880830541342,85.69150489148213
M10,10.115050034891187,75.00508271590223,14.879867249206583
M1,35.30969761975792,35.016898175088755,29.673404205153332
M2,68.49881787448726,13.35415112968396,18.147030995828782
M6,26.70665162008429,35.90973515481916,37.38361322509655
M7,48.35576255111991,47.666540075139295,3.9776973737407957
M8,6.13231206561853,4.196391096497884,89.67129683788357
M9,91.83799505084562,5.8892426248196905,2.272762324334689
M1,38.129818450923764,32.574832263942746,29.29534928513349
M2,58.73834353368283,23.05899429652424,18.20266216979293
M5,42.62872267722649,33.25102201874423,24.12025530402928
M8,9.70799760465377,4.899603437343177,85.39239895800306
M9,90.59536698837861,3.9825062709747883,5.422126740646597
M10,8.369622933127754,76.0285629448036,15.601814122068646
M1,46.57609059310539,27.332848784932068,26.09106062196254
M2,77.3702054236387,8.940308000280385,13.68948657608092
M5,47.59214872850099,24.334567645977877,28.073283625521135
M7,41.73865881176511,46.16187295767526,12.09946823055963
M9,73.7311085736765,3.5169982057295086,22.751893220594
M10,18.815422727143645,67.46039691896584,13.724180353890517
M1,37.4906879608066,33.55190834589563,28.957403693297763
M2,61.18365232396999,22.070592852520072,16.74575482350994
M5,42.63352417110805,33.24415975641912,24.122316072472827
M7,42.292856524849924,53.9034995852129,3.8036438899371774
M8,11.2396581343833,1.041648833038165,87.71869303257853
M10,8.37489451349827,76.02186788046697,15.603237606034753
M1,57.73338941146321,22.444269411812172,19.82234117672462
M2,77.10002877884544,12.800143446932886,10.099827774221673
M5,54.345864553815545,25.167239834679165,20.48689561150529
M7,41.740886550565584,46.16027390867822,12.098839540756195
M8,18.568512405393083,4.273616741457198,77.15787085314972
M9,94.78853573704087,3.689162636845293,1.522301626113833
M1,32.45546401711334,36.06194664541954,31.482589337467118
M2,67.54637091428027,13.611077065251342,18.842552020468382
M5,48.98650261796605,30.381149080958256,20.63234830107569
M6,25.865910381451165,36.005388970458185,38.12870064809066
M9,90.61224578586747,8.49596975413543,0.8917844599970977
M10,11.487773312118344,77.47218938677779,11.040037301103865
M1,38.40403874657555,32.772471913874334,28.823489339550115
M2,61.69321147828758,15.631722469869384,22.675066051843036
M5,42.82811407957716,33.40540115461724,23.7664847658056
M6,27.04162912836918,39.240978764862255,33.717392106768564
M8,9.86852324868589,4.980069101740133,85.15140764957398
M10,5.691021221227213,88.36808455127789,5.940894227494894
M1,32.456397973575896,36.06106572839806,31.482536298026048
M2,67.54599939819379,13.613812425130842,18.840188176675372
M5,48.98773259073448,30.380125873455253,20.632141535810266
M6,32.15836570939648,37.26101576541609,30.580618525187433
M8,12.580172261253974,5.046721092906523,82.3731066458395
M9,90.60447806141266,8.517662492748867,0.8778594458384692
M1,40.68912238146564,34.905391627260315,24.40548599127405
M2,67.29333005572873,16.89120986634,15.81546007793127
M5,45.07406256175714,35.073279099300635,19.852658338942227
M6,23.102945991134984,40.8105386850918,36.08651532377321
M7,47.7858422702588,48.701636460907174,3.5125212688340284
M10,7.270047462886539,90.07786790760838,2.652084629505083
M1,41.95725508196825,28.742251358854634,29.300493559177117
M2,75.86660303609563,10.308310102294158,13.825086861610217
M5,41.7767134660278,30.372504975119792,27.850781558852407
M6,31.889138427028833,30.306446193531652,37.80441537943952
M7,60.5979804589067,37.51605130244595,1.8859682386473509
M9,93.49044456054474,4.0133042531772505,2.4962511862780046
M1,32.95544483813091,35.679474976429,31.365080185440085
M2,72.4612241271731,17.624216110695958,9.914559762130946
M5,43.46980980033238,33.144641647310806,23.385548552356816
M6,27.04170042683803,39.240948343629114,33.71735122953285
M7,44.18098260076321,54.67596558901975,1.1430518102170453
M8,37.42727549113483,9.90847426689578,52.66425024196939
M1,37.481542210373114,33.56300465106335,28.955453138563534
M2,72.31337323097445,17.59054833176294,10.096078437262612
M4,21.500119441208167,20.439438426430065,58.060442132361764
M8,7.730877968919743,9.880168104400312,82.38895392667995
M9,90.59551973981176,3.982047082391296,5.422433177796941
M10,5.6835174249901685,88.26710802818695,6.049374546822875
M1,35.20931676999342,35.061551112700634,29.729132117305944
M2,65.74542444827529,19.85129170010401,14.403283851620703
M4,23.06522613144221,15.331205052588297,61.60356881596949
M7,49.26457838484656,47.21959917506002,3.515822440093423
M9,90.90122885974249,8.25482023076726,0.8439509094902515
M10,7.396702411048722,86.99747068707137,5.605826901879908
M1,37.48831573795204,33.55518417489457,28.956500087153387
M2,72.31742872769975,17.585931680214248,10.096639592086003
M4,22.41855908955959,20.056043216380488,57.52539769405992
M7,43.64868500018134,54.44704010267977,1.9042748971388903
M8,11.239706311958983,1.0414557421222443,87.71883794591878
M10,10.633278582717223,75.15731397514581,14.209407442136964
M1,33.1611475177133,33.707135331581725,33.13171715070497
M2,77.84660095796009,15.198942941769289,6.954456100270619
M4,22.630103668842967,19.702909880120547,57.66698645103649
M7,42.1928611969568,52.918023316407385,4.889115486635816
M8,9.731629178195993,4.810151278291566,85.45821954351244
M9,88.58987255229198,10.263047334980447,1.1470801127275738
M1,35.238175488420005,35.04878628368429,29.7130382278957
M2,67.77331807790544,18.95809672889092,13.268585193203638
M4,23.069515218193395,15.322289912054522,61.608194869752076
M6,26.68502229728559,35.95676676062291,37.35821094209149
M9,92.92669867970062,3.1404426524676787,3.9328586678317
M10,11.725099616344576,77.60654533711883,10.66835504653659
M1,38.860825177675316,32.60009357588421,28.539081246440475
M2,60.918786271585994,21.94246796385051,17.138745764563495
M4,20.872423973543555,20.186292702061138,58.9412833243953
M6,26.599425243154588,38.578603385280935,34.82197137156448
M8,9.46633844143651,4.774542085670741,85.75911947289275
M10,10.590904136435855,74.82926061675667,14.579835246807477
M1,34.06247040007818,35.39993511265014,30.537594487271676
M2,66.56103246956994,19.527739493707518,13.911228036722544
M4,22.215431675175697,15.322906012765648,62.46166231205866
M6,31.841961912045168,37.44408906059032,30.713949027364514
M8,14.342940659536154,1.0731069625150982,84.58395237794875
M9,92.3495092416454,3.3594993294371895,4.290991428917403
M1,38.86082205299893,32.60007247217783,28.539105474823245
M2,60.867724205715874,21.96258945107507,17.169686343209058
M4,20.877201517058356,20.184336818486592,58.938461664455055
M6,26.59943223860534,38.578583507525025,34.82198425386963
M7,44.25890216449357,54.66909852010262,1.0719993154038079
M10,10.272639148795028,74.94685042702287,14.780510424182111
M1,39.692255661167785,33.067705797699276,27.24003854113294
M2,65.7461345418962,19.85101904679001,14.402846411313792
M4,23.080424923212625,15.301112473475667,61.6184626033117
M6,26.695251027932276,35.93567245573849,37.36907651632924
M7,52.715159652397844,45.522999879334336,1.7618404682678204
M9,92.92669203539197,3.1404560613133894,3.9328519032946447
M1,32.58696523031176,33.848511480117125,33.56452328957111
M2,72.11101040922371,17.529688666130873,10.359300924645417
M4,22.095742432414138,19.688014267545448,58.21624330004041
M6,23.300689432370227,39.871620180945946,36.82769038668382
M7,41.362788024264766,53.46418821531072,5.173023760424513
M8,9.445289480749102,4.770741592295866,85.78396892695504
M1,38.128931928296026,32.57461747625695,29.296450595447027
M2,60.98466505876124,22.15464273264526,16.860692208593502
M4,21.188789526644026,20.566832450648153,58.24437802270782
M5,42.845010732502004,32.660466770774065,24.49452249672393
M9,90.59537696101582,3.9824431643651668,5.422179874619017
M10,5.683502864027459,88.26713726086544,6.0493598751071005
M1,38.13356460408931,32.56792101802075,29.298514377889944
M2,72.31409386068447,17.585337466707426,10.100568672608109
M4,21.292232022348234,20.520209084330684,58.18755889332108
M5,42.63327015771524,33.24468382763074,24.122046014654025
M8,9.708338323108812,4.898218524757908,85.39344315213327
M10,10.632594325037594,75.15910306215306,14.208302612809348
M1,39.16198160071807,32.882350184107175,27.955668215174754
M2,72.31197809730946,17.59033244192433,10.097689460766208
M4,21.26687732467238,20.53489502257429,58.19822765275333
M5,42.62839173638351,33.25182679840555,24.119781465210934
M8,37.0523203066236,9.809932331602848,53.13774736177355
M9,88.38304883521589,10.490980589123135,1.1259705756609772
M1,38.13417655849532,32.56808650747745,29.297736934027228
M2,72.31431896189581,17.58535379311316,10.100327244991032
M4,11.45837046398017,24.57490982080625,63.96671971521357
M5,42.63344047343002,33.244368982946085,24.122190543623894
M7,44.92863468179898,54.96018117419888,0.11118414400213794
M10,8.376200705391414,76.02123182033625,15.602567474272334
M1,32.69940600015362,34.57443791173205,32.72615608811432
M2,64.29356025471299,16.353457362185768,19.352982383101246
M4,17.667761595982594,15.508930078743777,66.82330832527363
M5,42.37888137154323,33.61270409120442,24.00841453725235
M7,41.42401102386082,53.81843600046054,4.757552975678642
M9,90.18463607572079,5.033293710859635,4.782070213419576
M1,32.75549434134031,35.45783369460518,31.786671964054513
M2,72.31579140202759,17.585622096761853,10.098586501210562
M4,22.1988165537293,20.145997058048277,57.65518638822242
M5,42.63318990684136,33.244965606645934,24.121844486512707
M7,44.928648906709604,54.960180630433776,0.11117046285662013
M8,9.708348196528632,4.89821411979801,85.39343768367335
M1,38.204411512716554,32.714066577889966,29.08152190939348
M2,61.69380599904513,15.631830970259804,22.674363030695062
M4,21.469396137314636,20.778291951136215,57.75231191154916
M5,42.82803115185285,33.40542997569502,23.76653887245213
M6,21.3209133776438,37.269671294454064,41.40941532790213
M10,5.6912298443759015,88.36822463902656,5.940545516597538
M1,44.65841729528611,30.734318109185295,24.607264595528598
M2,74.26639894500661,14.725948859194185,11.007652195799201
M4,22.093156818154615,15.281169611521358,62.62567357032403
M5,49.13783517331469,30.344719510627982,20.517445316057326
M6,31.78335852750543,37.41923243461954,30.797409037875035
M9,91.15172564705887,5.94875352581542,2.8995208271257127
M1,32.95672117860083,35.6789597450816,31.36431907631757
M2,72.46120430309878,17.624230694386476,9.914565002514742
M4,21.542142669081006,20.748060271457437,57.709797059461565
M5,42.8278216627478,33.40551568182242,23.766662655429776
M6,23.80825318382836,40.55568116507304,35.636065651098605
M8,9.868347180731854,4.980034285844457,85.15161853342369
M1,33.11062472759974,34.455821272945904,32.433553999454354
M2,72.4612167343967,17.624216841876354,9.914566423726946
M4,18.10367491864694,15.482173822767445,66.4141512585856
M5,43.227743000134076,33.242996758234796,23.52926024163113
M6,27.041690986269074,39.24094061175297,33.71736840197796
M7,44.348980728061285,54.74165604026127,0.909363231677446
M1,39.42672317843472,32.45295686422882,28.120319957336463
M2,61.4154874606712,21.747764406093662,16.836748133235137
M3,5.914134533319846,70.9264453423366,23.159420124343555
M8,7.7633899310731005,9.692824132212957,82.54378593671393
M9,88.58079729034367,10.290455584416513,1.1287471252398191
M10,5.789774957059196,88.05917784298485,6.151047199955954
M1,35.2789316785496,35.030646079466536,29.690422241983867
M2,67.7307161435704,18.976893838189365,13.29239001824023
M3,7.5790062690602795,71.40226130945156,21.018732421488167
M7,52.71451286765335,45.523732992745764,1.761754139600889
M9,92.92661610385726,3.1404707382854355,3.932913157857308
M10,13.547179370378334,73.65298295643292,12.799837673188748
M1,38.86085706744652,32.600088682730025,28.539054249823458
M2,60.83824299489749,21.974226327994607,17.1875306771079
M3,11.724498512029516,68.61624453598472,19.659256951985768
M7,46.03998398458473,51.70170254500679,2.2583134704084813
M8,9.468570521866653,4.7749453679544285,85.75648411017892
M10,10.588634549603283,74.83010519751205,14.581260252884661
M1,33.01333582591459,35.003328800069404,31.983335374016
M2,59.041783192286616,22.693805967473242,18.264410840240142
M3,5.914169181150975,70.92642189985996,23.159408918989058
M7,42.196287385792964,52.91669425659407,4.887018357612966
M8,9.729714821917083,4.814897803547445,85.45538737453548
M9,90.68008658498523,3.9009613148710836,5.418952100143684
M1,33.98981163530125,35.4682900134894,30.541898351209348
M2,70.05066987070744,14.08034883563032,15.868981293662243
M3,5.8060877094443155,74.6485527251308,19.54535956542489
M6,23.52581109365037,41.1437914274467,35.33039747890294
M9,90.31674789151602,4.225925846274143,5.457326262209841
M10,7.193348663995743,87.0333422992764,5.773309036727852
M1,38.860819806674215,32.60009675049137,28.539083442834418
M2,72.11098916464532,17.52969907185471,10.35931176349997
M3,11.727689678359011,68.61504453501189,19.657265786629097
M6,23.29692797475856,39.873089524426675,36.829982500814765
M8,9.466292143774831,4.774534239712085,85.75917361651308
M10,10.591820093487476,74.82892327536793,14.579256631144602
M1,34.17215352861975,35.388382643737735,30.439463827642506
M2,67.47986256583182,13.68119119250154,18.838946241666637
M3,5.903812423960813,74.43521234650865,19.660975229530536
M6,25.803924869980907,36.118894120547864,38.07718100947123
M8,14.513590740612095,1.0746748502658332,84.41173440912206
M9,92.61585388395743,3.252533432271775,4.131612683770797
M1,33.07285920987441,33.373857900199596,33.553282889925995
M2,67.47316225889583,16.9422999403668,15.584537800737372
M3,5.047250560983201,78.11339457774987,16.839354861266926
M6,23.419646159469114,41.13374030383366,35.44661353669723
M7,43.76827781407037,54.78099568071234,1.4507265052172897
M10,2.1178231228344133,88.29784948182935,9.584327395336246
M1,35.317418885340125,35.013537814043715,29.669043300616167
M2,68.50124727616328,13.348639276341318,18.1501134474954
M3,6.251092021581829,74.22907388863297,19.519834089785206
M6,26.692656803831945,35.94012541639066,37.367217779777405
M7,51.78076974677465,45.98271290673109,2.23651734649426
M9,90.90073086075265,8.256119620596975,0.8431495186503799
M1,35.18027778280874,33.67305522160772,31.14666699558355
M2,63.45743309961239,22.813769232479217,13.728797667908395
M3,4.984015609017972,77.84127333811365,17.174711052868375
M6,23.102434876232675,40.810301798406776,36.087263325360546
M7,44.86148828297245,55.0522771635374,0.08623455349015074
M8,5.627101530440223,4.9922711350021345,89.38062733455763
M1,32.85113589015582,33.10083711182664,34.04802699801754
M2,64.77304333619648,16.41484681869998,18.81210984510354
M3,4.996924950179975,77.81985692398005,17.18321812583997
M5,48.91773585722488,30.847549063013705,20.23471507976141
M9,88.60661985944988,10.518038781508539,0.8753413590415828
M10,5.761720862404445,89.48558108852498,4.752698049070574
M1,37.84533751200105,32.48217008347717,29.672492404521776
M2,58.77010718288567,22.97728447358621,18.252608343528124
M3,4.760475446645602,74.11540938727575,21.124115166078653
M5,42.663579406298055,33.16189663030976,24.174523963392183
M8,7.738648670094796,9.85899407758794,82.40235725231727
M10,10.524429279238463,75.44560723482599,14.029963485935554
M1,32.90259642619997,34.18371924524002,32.91368432856
M2,58.7757849299972,22.954156457417618,18.27005861258518
M3,4.75933120363383,74.12108394030335,21.119584856062815
M5,51.10777705957522,26.223307031421975,22.668915909002806
M8,37.0529703777617,9.810049667736857,53.13697995450144
M9,88.38304631679914,10.490982858511638,1.1259708246892242
M1,35.17965344016404,33.67236636506811,31.14798019476786
M2,67.29267500637638,16.890996243522604,15.816328750101011
M3,5.259914286017695,77.93678093377959,16.803304780202723
M5,42.306527202279796,41.18015476578095,16.513318031939257
M7,44.861563311773345,55.052205642224955,0.08623104600169995
M10,5.746711575217441,89.50307646982316,4.750211954959397
M1,35.2060432569812,33.63451476077938,31.15944198223943
M2,64.74234470288715,16.42224765722272,18.83540763989013
M3,4.991559276670377,77.81309702939375,17.195343693935882
M5,31.162593741567807,41.83443814051429,27.00296811791791
M7,43.88552094342197,54.73366407500599,1.380814981572037
M9,91.95300368459934,3.5147025510646555,4.532293764336007
M1,32.90652827931581,34.18285785946854,32.91061386121565
M2,71.86794502303707,17.502330539908105,10.62972443705483
M3,4.76049618754966,74.11529767755883,21.12420613489151
M5,43.887921936920044,32.66048933828943,23.451588724790525
M7,45.85135226683703,52.39152030499373,1.757127428169234
M8,37.05376249570016,9.807167623093928,53.13906988120591
M1,33.01286778910942,33.36094647042012,33.62618574047046
M2,64.95141556660292,16.510135225163648,18.538449208233434
M3,5.002949938004656,78.09901378110578,16.898036280889556
M5,31.28904082788033,42.06236061524248,26.64859855687719
M6,23.458400691870178,41.14320661448792,35.398392693641895
M10,5.751329998389534,89.58608574685744,4.662584254753028
M1,33.05534239837819,33.30224236961379,33.64241523200802
M2,64.99386517594827,16.46962881775113,18.5365060063006
M3,8.027366602244589,71.20609343927605,20.76653995847937
M5,31.342042054133962,41.98277245373743,26.6751854921286
M6,22.582934703317555,43.15501918351663,34.26204611316581
M9,88.61837890159336,10.51871277831643,0.8629083200902095
M1,32.79759840223852,33.139692333866364,34.062709263895115
M2,64.71813204243723,16.446875808868125,18.834992148694642
M3,4.9839681329441845,77.84071830602444,17.175313561031373
M5,45.09576446314465,35.0240008272704,19.880234709584954
M6,23.305916222786944,40.86001009636023,35.834073680852825
M8,11.994590121338518,6.07091237162361,81.93449750703788
M1,36.3333134740391,34.08381453298888,29.582871992972017
M2,67.53198777729563,16.952393578389707,15.515618644314667
M3,5.028019480361459,78.10715129169506,16.864829227943474
M5,31.289007100206693,42.061970186116326,26.649022713676985
M6,23.429847355193466,41.1362746436897,35.43387800111684
M7,43.70080488121493,54.76370807209888,1.5354870466861925
M1,36.42043001574889,33.64859068230613,29.93097930194498
M2,69.32874644724247,16.693683131241794,13.97757042151574
M3,4.8511738852996,73.7003314130707,21.4484947016297
M4,22.457104084598637,19.773307156468032,57.769588758933324
M9,88.58140906332444,10.288153655299668,1.1304372813758885
M10,5.7951137667746435,88.04494672791247,6.159939505312877
M1,38.860818390886365,32.6000946503024,28.539086958811232
M2,72.11098844423597,17.529698410579304,10.359313145184725
M3,11.717493410507108,68.61885360568607,19.663652983806827
M4,20.85907776986481,20.191725344816025,58.94919688531917
M8,10.951938186102801,1.0140396060843342,88.03402220781285
M10,10.591752572019606,74.82894609847497,14.579301329505427
M1,33.161199253870485,33.7067327158281,33.13206803030142
M2,61.47580933358446,21.723702132244355,16.800488534171187
M3,4.8480530638286,73.70853334838952,21.443413587781876
M4,22.595436882765814,19.71701216686157,57.687550950372625
M8,37.16517394321787,9.6341479452393,53.20067811154283
M9,97.82588768516756,1.0330261463224122,1.1410861685100298
M1,35.67305139610705,33.85233251056972,30.47461609332324
M2,72.11098304131521,17.529683667079908,10.359333291604884
M3,5.800592106650898,70.8308170310295,23.368590862319607
M4,17.411079882199587,14.951818041860019,67.63710207594039
M7,46.03825451765201,51.702362382071,2.2593831002769917
M10,5.676830846712601,88.10108090363988,6.222088249647513
M1,33.013316390338716,35.00333047789735,31.983353131763934
M2,61.422845601183305,21.744804356490533,16.832350042326162
M3,5.914169941319028,70.92641531897986,23.159414739701106
M4,22.5077687569418,19.752660486024443,57.73957075703376
M7,45.50574021688544,54.271390610214624,0.2228691728999337
M9,88.59284801924882,10.25399651937356,1.1531554613776205
M1,32.5875868588161,33.84209639714173,33.57031674404216
M2,72.11101129207307,17.5296881351465,10.359300572780427
M3,4.740641432324653,73.64872301029037,21.61063555738498
M4,22.061382192332612,19.702010107759893,58.236607699907495
M7,41.362789671571115,53.46418745051847,5.173022877910412
M8,9.466753910935276,4.774616915144857,85.75862917391986
M1,38.860815441229036,32.600088543213936,28.53909601555703
M2,72.11098695856548,17.529696134071568,10.359316907362956
M3,5.7877040144221485,70.83563765951192,23.376658326065936
M4,14.370550140924772,22.834649212371577,62.79480064670365
M6,19.0052497867254,41.55529204635324,39.43945816692136
M10,5.676798336523647,88.10106611870528,6.222135544771078
M1,39.72102653516291,33.054892391589554,27.224081073247532
M2,77.73566625282028,14.569973523695964,7.694360223483756
M3,6.255221234284891,74.22040427334048,19.524374492374633
M4,21.136989756437533,19.310347002222766,59.5526632413397
M6,24.346170439392246,40.97017533548064,34.68365422512712
M9,90.83782267569245,4.032224477702939,5.129952846604611
M1,32.58799855022044,33.838301811815604,33.57369963796395
M2,72.11100797035546,17.5296886610835,10.35930336856104
M3,11.721384799269586,68.61739973924742,19.661215461482996
M4,20.86305615567158,20.19011251623208,58.94683132809634
M6,26.599438599235473,38.57859904511489,34.82196235564964
M8,9.465983467944973,4.774477167920592,85.75953936413444
M1,32.588861014539724,33.830753244925035,33.580385740535235
M2,60.900790040794405,21.949563721013174,17.14964623819242
M3,4.917239713781855,73.76513796132306,21.317622324895083
M4,17.60532719743229,14.997624213628502,67.39704858893921
M6,26.599450071341817,38.57860044266671,34.82194948599147
M7,44.51569466985981,54.77594099499591,0.7083643351442745
M1,37.5935198016334,32.40717670979917,29.999303488567435
M2,61.176908373138616,21.963521553709832,16.859570073151552
M3,4.760474724292302,74.11540762887223,21.124117646835458
M4,14.670684513900257,23.177128731650697,62.15218675444905
M5,42.67202174816524,33.13883383170419,24.189144420130567
M10,5.685100934897939,88.26398454917212,6.050914515929932
M1,36.20044648821447,35.456251191522156,28.343302320263376
M2,62.82799794603803,17.989121724390497,19.18288032957147
M3,4.291959994812277,76.4689631681838,19.23907683700392
M4,17.251098704003507,16.966623103142908,65.78227819285358
M5,40.6006752024027,36.17777028606346,23.22155451153384
M9,90.0242744585472,4.540087565797796,5.435637975655007
M1,32.78261182724213,35.2249337651965,31.99245440756136
M2,77.56299605864896,15.376358828991355,7.060645112359682
M3,4.7604869090031805,74.11534421812169,21.12416887287513
M4,21.08430622988203,20.569419770685453,58.34627399943251
M5,42.65444481710972,33.1868902975421,24.15866488534818
M8,9.708342588723953,4.898219662635889,85.39343774864015
M1,31.733434003760095,33.964911202416474,34.30165479382343
M2,59.93520824512706,17.375500034274435,22.689291720598508
M3,4.291959829370528,76.46894356412824,19.239096606501235
M4,17.25109145159964,16.96660479160376,65.78230375679661
M5,40.65455878556703,36.03809440458106,23.307346809851907
M7,41.62494987324975,58.270997450551384,0.10405267619886871
M1,33.63600565250951,29.02204281770219,37.341951529788304
M2,53.398562726954644,29.350968397282948,17.250468875762408
M3,4.424529999329189,68.68079774317204,26.89467225749877
M4,11.959120514712337,18.73143021953621,69.30944926575145
M5,47.34975157841472,28.006007346506372,24.64424107507891
M6,18.333356665900816,31.945542831579953,49.72110050251922
