M3,9.179513526391208,74.14541108064735,16.675075392961446
M4,23.935266433031018,18.213040779006683,57.8516927879623
M5,55.03184908752552,26.67222645903199,18.29592445344249
M6,29.026370419702353,36.303284615979095,34.67034496431856
M7,48.52367555396433,51.47632473173357,-2.856979008925009e-07
M8,10.392276730595613,4.479454999927612,85.12826826947678
M9,90.29525904761823,3.858894713800738,5.845846238581031
M10,36.61492690390052,37.4727988612896,25.912274234809885
M2,68.53198401352631,11.936890026356807,19.53112596011688
M4,22.224584779851263,12.220829170164365,65.55458604998438
M5,51.56339275628887,25.7116337484642,22.724973495246928
M6,31.437956857582506,31.256395222853378,37.305647919564116
M7,56.92224030475904,41.169023943996415,1.9087357512445422
M8,13.987282330242758,0.8578450556615416,85.1548726140957
M9,56.88565801062433,3.6102007084644545,39.50414128091121
M10,14.986674069698507,69.47648471906781,15.536841211233678
M2,68.59929301323693,12.613490289219639,18.78721669754343
M3,7.933175712745152,68.56487260166189,23.501951685592957
M5,51.168745084791446,27.525084939549625,21.30616997565893
M6,25.04146414617982,37.79852357894328,37.1600122748769
M7,54.99304830026602,42.93581461802045,2.0711370817135304
M8,14.650387570774244,0.9478185081262602,84.4017939210995
M9,92.95066202511306,2.8701384749611774,4.179199499925762
M10,9.126899461178304,83.22714127439245,7.645959264429237
M2,68.35613579042044,13.6910556449889,17.95280856459066
M3,7.579018217185052,71.4022841261035,21.018697656711453
M4,19.147361372752535,23.415989598481467,57.436649028766006
M6,26.709322852660804,35.904521994202675,37.38615515313652
M7,52.71494875401908,45.52343904638194,1.7616121995989786
M8,13.178318807097792,5.038435393272076,81.78324579963012
M9,92.70667140961545,3.234372525688629,4.058956064695918
M10,31.269489831565394,35.20273700904122,33.527773159393384
M2,60.45580428671611,16.74485787566111,22.79933783762278
M3,4.446157517758971,75.68816978209709,19.865672700143932
M4,17.492241527504934,16.387714065691085,66.12004440680398
M5,41.4785450265794,34.68311268108226,23.838342292338346
M7,42.73450001826699,57.15865261179086,0.10684736994214461
M8,36.736881722219174,10.617218690991887,52.64589958678894
M9,66.27058416349709,8.003930791711284,25.725485044791625
M10,5.251945434248241,89.12475719818778,5.623297367563978
M2,62.623612793881385,15.865382692733062,21.51100451338555
M3,7.356759353816637,64.90647254341005,27.73676810277331
M4,17.076835476720774,20.294130733396567,62.629033789882655
M5,43.55398533143241,33.68268378474747,22.763330883820124
M6,27.620251282848887,40.08142534870268,32.298323368448436
M8,37.70297543846159,10.069710322512078,52.22731423902633
M9,36.71354482868187,26.628998346135877,36.65745682518225
M10,5.71167971561066,88.69559760898936,5.592722675399983
M2,58.097879273662166,17.320298325260477,24.581822401077357
M3,3.9614154887634054,72.06715314076375,23.971431370472843
M4,16.06535364390298,19.468915712289807,64.4657306438072
M5,37.99308701649409,33.714390339243316,28.292522644262597
M6,17.00283222225868,35.50896698438409,47.48820079335724
M7,41.5820066863719,55.648317156118864,2.769676157509238
M9,88.02836751502228,4.5981847231361135,7.3734477618416046
M10,7.155902987286429,87.30970179493922,5.53439521777436
M2,68.25581250802779,16.738457116774736,15.005730375197476
M3,6.278068392042761,69.02849201007594,24.69343959788131
M4,16.80985934426249,14.130677414897747,69.05946324083976
M5,43.77226446131426,31.323279987183337,24.904455551502405
M6,25.737515685043657,37.28797734945442,36.97450696550192
M7,45.03946047999992,54.96053952000008,0.0
M8,9.378505300603251,4.519346352708675,86.10214834668807
M10,10.529111399205162,58.64239133922565,30.82849726156919
M2,67.5411333296858,19.436985235398822,13.021881434915372
M3,3.815091315605931,72.27107677017699,23.913831914217084
M4,22.931577808492968,17.029925165744217,60.03849702576282
M5,38.41814293969508,33.851960847212546,27.729896213092374
M6,17.979679455523502,36.23165304776548,45.78866749671103
M7,34.69049519095946,55.26464292617172,10.044861882868815
M8,3.4774555953697828,3.534447202780216,92.98809720185001
M9,84.77289364816899,5.886606110747497,9.340500241083515
M1,34.19313998092187,33.386848767165176,32.42001125191295
M4,24.6365502771819,15.466772186529473,59.89667753628863
M5,58.3494742021102,23.00069688685568,18.64982891103412
M6,33.602862707607066,32.71104831774287,33.686088974650055
M7,53.05966686099961,46.755215055130314,0.18511808387007278
M8,23.162183214718976,0.0,76.83781678528102
M9,89.41308401495004,3.725406699829796,6.86150928522016
M10,38.52499545596361,32.67460460011854,28.800399943917846
M1,34.81297569810521,30.100018447778744,35.087005854116036
M3,7.526281086879616,71.24670564713354,21.22701326598684
M5,53.236344078593945,24.288808422871373,22.474847498534682
M6,25.042357843023364,37.56806762407662,37.38957453290001
M7,48.710253856642716,51.19862973039259,0.09111641296469486
M8,28.502383094824033,2.089329764845996e-15,71.49761690517596
M9,88.9287329935524,9.037523098124579,2.0337439083230198
M10,39.32068100278731,39.84178992444815,20.83752907276454
M1,34.324777328847105,35.03318962234091,30.64203304881198
M3,9.499334047866709,70.05788655678711,20.44277939534618
M4,26.268630872880617,19.5380129976967,54.19335612942268
M6,30.24407121183546,37.86738640404466,31.88854238411988
M7,45.11450646753141,50.34118056570863,4.5443129667599536
M8,11.330206774099931,4.968275693650918,83.70151753224914
M9,89.22118369329831,9.120345431145827,1.6584708755558584
M10,37.00546107533622,39.1606684905649,23.833870434098877
M1,37.690163471697375,31.200369730769044,31.10946679753358
M3,5.287936864257412,71.5318537030817,23.180209432660888
M4,18.258485656346334,13.639266580371578,68.10224776328208
M5,44.83784796267441,29.913136138376426,25.249015898949164
M7,48.42184825048284,51.42894274819636,0.1492090013207985
M8,11.370958806873995,0.9223045620751642,87.70673663105083
M9,89.5565555183815,9.23608588543898,1.2073585961795192
M10,6.431859853051662,86.8037528000624,6.76438734688594
M1,33.84812887034604,33.21873617151494,32.933134958139014
M3,5.462160173101481,70.15036570434623,24.38747412255229
M4,18.1027858849539,13.007147930394632,68.89006618465146
M5,56.21785027093749,24.200784397699746,19.581365331362765
M6,30.22298155277888,35.64663594724194,34.130382499979184
M8,10.473760513279117,0.8435126718348499,88.68272681488604
M9,89.1273368274337,9.218992356741339,1.6536708158249667
M10,33.518640340383065,37.397766553439745,29.083593106177197
M1,36.57164113665891,27.320572454023125,36.10778640931797
M3,4.942764788922149,66.89648352547167,28.160751685606186
M4,19.36210208328389,15.363065729347973,65.27483218736813
M5,40.021026656914046,33.571462784931924,26.40751055815403
M6,19.575404169552566,30.012676608444625,50.41191922200281
M7,49.33983879075199,45.76736185409038,4.892799355157628
M9,87.2124046726092,9.04461458123499,3.7429807461558138
M10,8.179957635058328,78.94733634058512,12.872706024356546
M1,36.08815099161631,31.197977402729833,32.71387160565386
M3,5.104558224901459,72.63492516291934,22.260516612179202
M4,25.87579828669214,16.449177920739874,57.675023792567984
M5,44.50254851144858,31.01272590408912,24.4847255844623
M6,30.343361883114177,36.519245594460784,33.137392522425046
M7,45.03671850769754,54.96328202993483,-5.376323741757005e-07
M8,8.27493119012977,4.345067586758897,87.38000122311134
M10,10.776055937999931,58.638110375956984,30.585833686043088
M1,33.37553880464733,31.505693260261765,35.1187679350909
M3,8.525439139630931,72.28184648849648,19.192714371872583
M4,26.818474998545916,14.88197868794741,58.29954631350667
M5,46.689969738356275,28.37735337680479,24.932676884838934
M6,26.840612831176383,34.46840235485536,38.69098481396826
M7,48.40490139667833,51.59509745083408,1.1524875844770577e-06
M8,35.72558068893289,8.252807817786328,56.02161149328078
M9,88.85582908441665,4.3544493509275055,6.7897215646558395
M1,45.168288790332014,28.377460363170655,26.45425084649733
M2,77.53501390271134,12.727171763560866,9.737814333727792
M5,67.51468994704626,16.01366774114476,16.471642311808974
M6,34.670545900651305,33.931218802905406,31.39823529644329
M7,64.50627126544555,35.417600705032335,0.07612802952211695
M8,10.215826158193453,3.796245794719339,85.98792804708721
M9,74.46532149529142,13.064457464185846,12.470221040522734
M10,11.857923092197279,82.49298801420716,5.649088893595561
M1,40.28445029220141,32.5770406518419,27.13850905595669
M2,72.03513646678687,16.394710863666702,11.570152669546431
M4,24.29755040459234,22.366431031300717,53.336018564106936
M6,32.92234889916842,33.34566231331095,33.731988787520635
M7,53.00825771330039,42.52863435490516,4.463107931794454
M8,17.112097719613484,4.999681313008201,77.88822096737832
M9,92.99878416399663,6.382949165886596,0.618266670116772
M10,15.88449630847696,70.86912316465137,13.246380526871675
M1,33.90003269488926,33.50620018379861,32.593767121312126
M2,73.66049982980262,16.272295394255806,10.067204775941576
M4,14.985438467530443,21.85531646367778,63.159245068791776
M5,49.3933678815734,23.90118792483099,26.705444193595614
M7,47.2906335055308,52.30945839409346,0.39990810037573965
M8,10.048806645442752,3.967133775779911,85.98405957877733
M9,89.19590977854617,9.673935363563531,1.130154857890302
M10,6.499276431627664,86.43121219858959,7.069511369782745
M1,33.760544160344175,35.48235475742207,30.757101082233746
M2,69.87067151578395,14.129017918810556,16.000310565405492
M4,18.412485492652408,23.24727122273657,58.34024328461102
M5,41.79795232242735,43.14266840871225,15.059379268860404
M6,31.899089377311,37.368552050454404,30.732358572234595
M8,13.070296404771621,1.5115828982003061,85.41812069702807
M9,91.34548342941464,6.283552185670011,2.3709643849153466
M10,7.386049026002602,87.41835048680872,5.195600487188685
M1,45.556348515358984,27.59905781257779,26.844593672063226
M2,80.61445791335143,9.041093802515551,10.34444828413302
M4,27.579467255819168,19.692895423732804,52.727637320448025
M5,62.15479601523231,22.095976614222025,15.749227370545668
M6,37.33007891155412,29.3406437996474,33.32927728879848
M7,58.9529988062982,36.672852016348756,4.374149177353047
M9,94.91139750572624,3.650297296908297,1.4383051973654606
M10,19.07818287857378,67.78784102798876,13.133976093437454
M1,39.23678871489084,33.12224001308282,27.640971272026334
M2,71.70279920958102,17.483874704381975,10.813326086037009
M4,22.72389553498891,20.256593856454145,57.01951060855694
M5,43.213378031253505,33.24884017951098,23.537781789235517
M6,28.261132043048665,39.66115166493955,32.077716292011786
M7,41.41087457754334,53.59284843187658,4.996276990580078
M8,9.437322380396584,4.902950872475521,85.6597267471279
M10,6.136031350131475,88.6720814067527,5.191887243115829
M1,45.99629564599686,28.022487210849118,25.981217143154023
M2,78.11471676715314,12.463558887508574,9.421724345338285
M4,26.23518997749494,20.3830617545223,53.38174826798276
M5,63.03346128751322,21.516218113855114,15.450320598631667
M6,35.35338074095713,33.77148666647866,30.875132592564206
M7,64.57256762055104,34.84875974385285,0.5786726355961065
M8,20.052917471047653,4.395464532690113,75.55161799626224
M9,75.00519680154319,11.790760716822032,13.204042481634776
M1,35.26532795763559,35.03672303343095,29.697949008933456
M2,70.97692271761007,13.849307118607284,15.17377016378265
M3,7.127618307598907,71.6280311110057,21.244350581395395
M6,26.789279899201006,35.733124584157174,37.47759551664182
M7,52.001540095316464,45.87416579201709,2.1242941126664476
M8,13.123921646733516,5.146132995900504,81.72994535736598
M9,92.91445141782984,3.145669425906839,3.939879156263323
M10,27.405505651738807,43.58607171663132,29.008422631629877
M1,27.573220567658407,39.489850584397935,32.936928847943655
M2,59.88412314332336,17.364661381132947,22.751215475543695
M3,19.88062720716634,48.890901997035165,31.228470795798493
M5,42.53428599660679,34.858922053079326,22.606791950313884
M7,43.57550753207776,53.288969470031354,3.135522997890888
M8,11.06192536096066,1.3502631056929089,87.58781153334644
M9,87.0628947402445,11.80920815877547,1.1278971009800287
M10,5.131176777470959,89.60927587452554,5.259547348003508
M1,32.8334380446637,33.081685301325436,34.08487665401087
M2,67.27766562094352,16.843366342820705,15.878968036235772
M3,4.993301740382605,77.7968278295593,17.20987043005809
M5,48.914621154330035,26.635785305536427,24.449593540133538
M6,23.336737155739772,40.797782236271715,35.865480607988516
M8,8.050957541235592,15.539491704054656,76.40955075470976
M9,89.26806404636595,9.133595665659852,1.5983402879741977
M10,7.2909084569628275,90.0541518369233,2.654939706113879
M1,36.103696678625354,37.60180152775327,26.29450179362138
M2,62.703469206674754,18.53123375930559,18.765297034019657
M3,4.405856078324607,79.99130178090753,15.602842140767862
M5,42.72211325500417,37.718722541769736,19.559164203226096
M6,26.91398874797941,31.794122388723242,41.29188886329736
M7,44.26316696065836,52.35794095542621,3.3788920839154315
M9,91.12048724816465,4.408824829319577,4.470687922515773
M10,26.69786843499771,58.65893497370645,14.643196591295847
M1,32.8075635332097,33.11618252203591,34.076253944754384
M2,64.74164791107123,16.450904760946447,18.807447327982327
M3,23.063461806843907,49.201578291009284,27.734959902146812
M5,45.08431038964067,35.04857417956677,19.86711543079256
M6,23.101866493486455,40.809287770132435,36.08884573638111
M7,47.69519121032896,48.89851278391397,3.4062960057570706
M8,13.41452327830778,6.311392679895456,80.27408404179675
M10,7.270482262297553,90.0778442145579,2.6516735231445523
M1,35.430675192919914,37.39342492737416,27.175899879705916
M2,59.21016765724574,25.81943259854039,14.970399744213868
M3,9.471322402590241,68.07993220552001,22.448745391889744
M5,42.998035345405185,37.272396302872735,19.72956835172208
M6,16.817375324344493,42.75926545570121,40.42335921995429
M7,41.23137812786237,58.68770636292981,0.08091550920781998
M8,36.39938412438034,11.706619121377994,51.89399675424167
M9,87.80828242340164,0.15238966355308556,12.039327913045279
M1,33.49193822854525,34.81300515446057,31.69505661699418
M2,60.860429223905,21.96896930402013,17.170601472074868
M3,5.91988322478042,70.92421707596512,23.155899699254462
M4,23.09637473530295,16.342072593086396,60.561552671610656
M7,45.244004275599586,51.73498309007937,3.021012634321046
M8,9.59567437895406,5.147425051679064,85.25690056936688
M9,88.72472484996808,9.852590065206408,1.422685084825508
M10,27.98956610697234,68.1944083531997,3.8160255398279475
M1,36.06010864687665,33.69740232458507,30.24248902853828
M2,60.70281844880452,22.027647030927014,17.269534520268465
M3,11.444019852627997,68.71881460531374,19.83716554205826
M4,20.871904434769167,20.17916993520105,58.94892563002979
M6,23.197673508022717,39.90734428618474,36.894982205792545
M8,7.524419232576892,9.670760900637479,82.80481986678564
M9,88.33775733613435,10.485262385093227,1.1769802787724277
M10,10.586279305285629,74.82993123499419,14.58378945972018
M1,34.84643859707493,35.22165319828226,29.931908204642816
M2,68.51920708004099,13.306312760867222,18.174480159091793
M3,7.57373467344403,71.41355118601332,21.01271414054264
M4,21.52185593938554,18.51584602156789,59.962298039046566
M6,26.641193122478022,36.050560011903805,37.308246865618166
M7,49.106659625963175,47.29734973977831,3.595990634258513
M9,92.92624216567015,3.140634440528825,3.933123393801029
M10,4.33028324954783,84.10098291110243,11.568733839349733
M1,36.131667143944256,33.67222989523606,30.196102960819687
M2,72.11105387520229,17.529694843252322,10.35925128154539
M3,11.731475777155406,68.61362659423858,19.654897628606008
M4,20.663659653945345,20.27133311180399,59.065007234250665
M6,26.59908948584206,38.57873720800896,34.82217330614898
M7,41.34540738199538,53.45695355932376,5.197639058680863
M8,37.166139606363636,9.775592586390175,53.05826780724619
M10,10.388361669386144,74.90409113134042,14.707547199273435
M1,40.74642536400722,32.598755944636515,26.65481869135626
M2,56.66530668848705,41.27324698562882,2.061446325884127
M3,34.69890647009462,40.570546212862496,24.73054731704289
M4,23.22717517346795,14.996441574229276,61.77638325230278
M6,26.774245236556876,35.7653433432792,37.46041142016392
M7,48.32642838527336,47.68093717628013,3.9926344384465082
M8,15.176931110332546,1.081404978666232,83.74166391100123
M9,92.85996939852669,3.1689264515154925,3.971104149957821
M1,38.20455335460712,32.59716236963944,29.198284275753437
M2,58.90088994509675,22.60433978238819,18.49477027251506
M3,4.826632699055538,73.94460991011067,21.228757390833792
M4,21.141699318716284,20.56566337306303,58.29263730822068
M5,42.67524935690522,33.12387173809225,24.200878905002533
M8,9.658002018376944,5.02549881829307,85.31649916332998
M9,88.38303171793503,10.491006650886538,1.125961631178436
M10,5.683551487260777,88.26699571498217,6.049452797757056
M1,30.920592724636403,33.693525210506166,35.38588206485743
M2,60.38052930385611,16.241876370107683,23.37759432603621
M3,4.293918408366023,76.47021513761126,19.235866454022712
M4,17.28498367646236,16.975488689883033,65.7395276336546
M5,42.599382779495755,34.70998975879515,22.69062746170909
M7,40.579718427062446,57.80964475308529,1.6106368198522674
M9,89.43320770339318,5.990974426017579,4.575817870589241
M10,6.379541835675794,90.5332522773927,3.0872058869314998
M1,37.25949558069722,32.307591204069944,30.432913215232837
M2,61.130683533383355,22.01899289514874,16.850323571467904
M3,4.869738773843085,74.18358024618729,20.946680979969628
M4,14.69511398930102,23.114209564550787,62.19067644614819
M5,42.65101250962672,33.19629696766352,24.15269052270976
M7,44.9366887462917,54.96340068988087,0.09991056382742869
M8,11.517558499623037,0.3416504945019052,88.14079100587506
M10,5.687610442281099,88.26569658209186,6.046692975627039
M1,31.242395951871526,37.341925842776945,31.415678205351526
M2,57.38723260393216,23.8611034956591,18.751663900408737
M3,4.275283675900817,76.45799924303617,19.266717081063007
M4,26.709471019783834,19.451233233256886,53.83929574695928
M5,40.77088823219945,35.73649771903992,23.492614048760636
M7,41.62496013807673,58.27098708313396,0.10405277878930974
M8,37.29518385485344,11.203074640054764,51.50174150509179
M9,85.70199432766638,6.328269313180479,7.969736359153138
M1,33.67011017086598,29.10696480771289,37.222925021421126
M2,53.332933745710505,29.42329906194686,17.243767192342634
M3,4.413019387254909,68.72787412251131,26.859106490233785
M4,17.165226963631838,16.8467362136956,65.98803682267257
M5,46.25120202898457,28.00223693790515,25.74656103311028
M6,17.22385205105499,33.651980643245025,49.124167305699984
M9,88.00619629659496,10.446104576655465,1.5476991267495706
M10,7.152152255147551,88.26530014052331,4.582547604329136
M1,14.445868572452284,13.438269023450076,72.11586240409764
M2,51.52471575697799,12.448622802162841,36.02666144085917
M3,8.431105595545922,43.96715777861789,47.601736625836196
M4,9.238147988846476,5.823789167122718,84.93806284403081
M5,32.543958836954936,17.552940183874433,49.903100979170624
M6,32.7181968955926,32.88845573429167,34.393347370115734
M8,2.3747408396512806,1.1869102755103556,96.43834888483836
M10,4.706206025873886,72.29509101045919,22.99870296366693
M1,27.964921264320022,24.98909983215011,47.045978903529864
M2,50.442909012204275,27.13093926834783,22.426151719447894
M3,4.0424496726069465,62.94976862324254,33.00778170415051
M4,18.83575475015562,11.990510412043127,69.17373483780126
M5,37.489282745725596,34.5789219554897,27.931795298784706
M6,15.67153465779752,27.365679098652013,56.96278624355047
M8,5.64913517557204,2.852025521303514,91.49883930312444
M9,86.7647053946262,10.288266877533864,2.947027727839931
M1,28.345656887698205,27.03436367868992,44.61997943361188
M2,57.49405539514992,20.574520852411908,21.93142375243817
M3,4.424516199036231,68.68081068441651,26.894673116547253
M4,11.822624951666057,19.12452217308097,69.05285287525297
M5,39.14636408648341,30.577748125843947,30.275887787672644
M6,18.11826752255782,31.844809740512424,50.03692273692976
M7,43.50925350965667,54.04606884822395,2.444677642119373
M10,7.209233725472023,88.27990556577483,4.510860708753157
M1,17.126440348472013,37.274130468183046,45.59942918334494
M2,36.6770296193448,36.825067400833724,26.497902979821475
M3,1.3820562519185515,86.66176063515692,11.95618311292452
M4,8.96861470274435,29.540803725353488,61.49058157190217
M5,19.38293980478794,59.32669762247123,21.290362572740833
M6,8.519174235590247,58.88765621066105,32.59316955374871
M7,34.58366053229931,36.900076097722746,28.516263369977935
M9,32.4653522672258,39.59993826504623,27.934709467727977
M1,27.368516773051766,24.64666901811274,47.984814208835495
M2,62.340571966427234,15.236757940631014,22.42267009294175
M3,4.363239985043226,63.35543623315663,32.28132378180015
M4,18.933365025338468,11.980676541344415,69.0859584333171
M5,33.96600233004661,38.2580980862783,27.77589958367509
M6,15.481963485169768,27.197672362398485,57.32036415243174
M7,45.1312530235316,54.86874697582831,6.400924235094863e-10
M8,24.895472017616527,6.611946606591408,68.49258137579207
